<?xml version="1.0" encoding="utf-8"?>
<COLLADA xmlns="http://www.collada.org/2005/11/COLLADASchema" version="1.4.1">
  <asset><contributor><author>Mixamo</author><authoring_tool>COLLADA Mixamo exporter</authoring_tool><comments></comments></contributor><created>2018-12-18T20:54:05Z</created><modified>2018-12-18T20:54:05Z</modified><revision></revision><title></title><unit meter="0.010000"/><up_axis>Y_UP</up_axis></asset>
  <library_animations>
    <animation id="Hips-anim" name="Hips"><source id="Hips-Matrix-animation-input"><float_array id="Hips-Matrix-animation-input-array" count="22">

0.000000 0.033333 0.066667 0.100000 0.133333 0.166667 0.200000 0.233333 0.266667 0.300000 0.333333 0.366667 0.400000 0.433333 0.466667 0.500000
0.533333 0.566667 0.600000 0.633333 0.666667 0.700000</float_array><technique_common><accessor source="#Hips-Matrix-animation-input-array" count="22"><param name="TIME" type="float"/></accessor></technique_common></source><source id="Hips-Matrix-animation-output-transform"><float_array id="Hips-Matrix-animation-output-transform-array" count="352">

0.730384 0.046237 -0.681470 0.380432 0.009214 0.996949 0.077516 87.317635 0.682975 -0.062896 0.727729 -0.489732 0.000000 0.000000 0.000000 1.000000
0.730381 0.045815 -0.681501 0.401581 0.009314 0.996987 0.077006 87.333984 0.682976 -0.062591 0.727754 -0.475125 0.000000 0.000000 0.000000 1.000000
0.730553 0.044028 -0.681436 0.425380 0.010383 0.997088 0.075554 87.348892 0.682777 -0.062271 0.727968 -0.457624 0.000000 0.000000 0.000000 1.000000
0.730859 0.041174 -0.681285 0.448474 0.012227 0.997229 0.073386 87.361290 0.682418 -0.061965 0.728331 -0.439798 0.000000 0.000000 0.000000 1.000000
0.731265 0.037554 -0.681059 0.468443 0.014651 0.997388 0.070728 87.369881 0.681937 -0.061699 0.728804 -0.424023 0.000000 0.000000 0.000000 1.000000
0.731730 0.033470 -0.680772 0.483965 0.017457 0.997546 0.067807 87.373550 0.681371 -0.061501 0.729350 -0.412306 0.000000 0.000000 0.000000 1.000000
0.732220 0.029225 -0.680441 0.494548 0.020442 0.997686 0.064849 87.371300 0.680761 -0.061393 0.729928 -0.406124 0.000000 0.000000 0.000000 1.000000
0.732694 0.025159 -0.680093 0.500973 0.023358 0.997798 0.062076 87.364082 0.680157 -0.061369 0.730493 -0.404960 0.000000 0.000000 0.000000 1.000000
0.733111 0.021617 -0.679765 0.503725 0.025943 0.997878 0.059712 87.353569 0.679614 -0.061411 0.730995 -0.407721 0.000000 0.000000 0.000000 1.000000
0.733437 0.018942 -0.679493 0.502365 0.027941 0.997927 0.057978 87.341187 0.679183 -0.061509 0.731387 -0.413753 0.000000 0.000000 0.000000 1.000000
0.733637 0.017476 -0.679317 0.495921 0.029097 0.997945 0.057096 87.328354 0.678918 -0.061653 0.731621 -0.422709 0.000000 0.000000 0.000000 1.000000
0.733693 0.017392 -0.679258 0.483864 0.029275 0.997935 0.057173 87.316200 0.678850 -0.061833 0.731669 -0.434211 0.000000 0.000000 0.000000 1.000000
0.733630 0.018452 -0.679299 0.467320 0.028640 0.997903 0.058037 87.305176 0.678945 -0.062033 0.731563 -0.447260 0.000000 0.000000 0.000000 1.000000
0.733463 0.020446 -0.679422 0.447909 0.027335 0.997852 0.059538 87.295883 0.679180 -0.062241 0.731328 -0.460814 0.000000 0.000000 0.000000 1.000000
0.733205 0.023180 -0.679612 0.427769 0.025492 0.997779 0.061534 87.288910 0.679529 -0.062441 0.730986 -0.473754 0.000000 0.000000 0.000000 1.000000
0.732870 0.026462 -0.679854 0.409225 0.023238 0.997687 0.063884 87.284836 0.679971 -0.062617 0.730560 -0.484993 0.000000 0.000000 0.000000 1.000000
0.732472 0.030101 -0.680132 0.394247 0.020704 0.997575 0.066448 87.284302 0.680483 -0.062753 0.730072 -0.493616 0.000000 0.000000 0.000000 1.000000
0.732026 0.033902 -0.680433 0.384093 0.018022 0.997448 0.069085 87.287750 0.681038 -0.062835 0.729547 -0.498985 0.000000 0.000000 0.000000 1.000000
0.731571 0.037603 -0.680727 0.378172 0.015411 0.997311 0.071653 87.291817 0.681591 -0.062910 0.729024 -0.501427 0.000000 0.000000 0.000000 1.000000
0.731137 0.040992 -0.680999 0.375524 0.013027 0.997172 0.074010 87.296104 0.682107 -0.062982 0.728535 -0.501141 0.000000 0.000000 0.000000 1.000000
0.730732 0.043928 -0.681249 0.376169 0.010928 0.997047 0.076012 87.304161 0.682577 -0.062989 0.728094 -0.497353 0.000000 0.000000 0.000000 1.000000
0.730384 0.046237 -0.681470 0.380432 0.009214 0.996949 0.077516 87.317635 0.682975 -0.062896 0.727729 -0.489732 0.000000 0.000000 0.000000 1.000000</float_array><technique_common><accessor source="#Hips-Matrix-animation-output-transform-array" count="22" stride="16"><param type="float4x4"/></accessor></technique_common></source><source id="Hips-Interpolations"><Name_array id="Hips-Interpolations-array" count="22">
 LINEAR LINEAR LINEAR LINEAR LINEAR LINEAR LINEAR LINEAR LINEAR LINEAR LINEAR
LINEAR LINEAR LINEAR LINEAR LINEAR LINEAR LINEAR LINEAR LINEAR LINEAR LINEAR</Name_array><technique_common><accessor source="#Hips-Interpolations-array" count="22"><param type="name"/></accessor></technique_common></source><sampler id="Hips-Matrix-animation-transform"><input semantic="INPUT" source="#Hips-Matrix-animation-input"/><input semantic="OUTPUT" source="#Hips-Matrix-animation-output-transform"/><input semantic="INTERPOLATION" source="#Hips-Interpolations"/></sampler><channel source="#Hips-Matrix-animation-transform" target="Hips/matrix"/></animation>
    <animation id="Spine-anim" name="Spine"><source id="Spine-Matrix-animation-input"><float_array id="Spine-Matrix-animation-input-array" count="22">

0.000000 0.033333 0.066667 0.100000 0.133333 0.166667 0.200000 0.233333 0.266667 0.300000 0.333333 0.366667 0.400000 0.433333 0.466667 0.500000
0.533333 0.566667 0.600000 0.633333 0.666667 0.700000</float_array><technique_common><accessor source="#Spine-Matrix-animation-input-array" count="22"><param name="TIME" type="float"/></accessor></technique_common></source><source id="Spine-Matrix-animation-output-transform"><float_array id="Spine-Matrix-animation-output-transform-array" count="352">

0.997790 0.065768 -0.009503 0.000000 -0.066014 0.964666 -0.255073 9.226300 -0.007609 0.255137 0.966875 1.577100 0.000000 0.000000 0.000000 1.000000
0.997797 0.065742 -0.008950 0.000000 -0.065846 0.964649 -0.255179 9.226300 -0.008143 0.255206 0.966852 1.577100 0.000000 0.000000 0.000000 1.000000
0.997781 0.066013 -0.008692 0.000000 -0.066042 0.964594 -0.255336 9.226300 -0.008471 0.255344 0.966813 1.577100 0.000000 0.000000 0.000000 1.000000
0.997747 0.066516 -0.008743 0.000000 -0.066539 0.964510 -0.255525 9.226300 -0.008564 0.255531 0.966763 1.577100 0.000000 0.000000 0.000000 1.000000
0.997699 0.067184 -0.009114 0.000000 -0.067278 0.964406 -0.255723 9.226300 -0.008391 0.255748 0.966707 1.577100 0.000000 0.000000 0.000000 1.000000
0.997640 0.067950 -0.009817 0.000000 -0.068197 0.964294 -0.255905 9.226300 -0.007923 0.255970 0.966652 1.577100 0.000000 0.000000 0.000000 1.000000
0.997575 0.068747 -0.010853 0.000000 -0.069231 0.964182 -0.256046 9.226300 -0.007138 0.256176 0.966604 1.577100 0.000000 0.000000 0.000000 1.000000
0.997508 0.069503 -0.012108 0.000000 -0.070283 0.964082 -0.256139 9.226300 -0.006130 0.256351 0.966564 1.577100 0.000000 0.000000 0.000000 1.000000
0.997446 0.070151 -0.013426 0.000000 -0.071247 0.963999 -0.256183 9.226300 -0.005028 0.256485 0.966535 1.577100 0.000000 0.000000 0.000000 1.000000
0.997395 0.070625 -0.014672 0.000000 -0.072024 0.963942 -0.256179 9.226300 -0.003950 0.256568 0.966518 1.577100 0.000000 0.000000 0.000000 1.000000
0.997363 0.070858 -0.015704 0.000000 -0.072515 0.963919 -0.256128 9.226300 -0.003011 0.256592 0.966515 1.577100 0.000000 0.000000 0.000000 1.000000
0.997354 0.070821 -0.016429 0.000000 -0.072665 0.963931 -0.256040 9.226300 -0.002297 0.256556 0.966527 1.577100 0.000000 0.000000 0.000000 1.000000
0.997364 0.070567 -0.016865 0.000000 -0.072532 0.963971 -0.255926 9.226300 -0.001803 0.256475 0.966549 1.577100 0.000000 0.000000 0.000000 1.000000
0.997392 0.070141 -0.017018 -0.000000 -0.072159 0.964033 -0.255800 9.226300 -0.001536 0.256361 0.966580 1.577100 0.000000 0.000000 0.000000 1.000000
0.997433 0.069583 -0.016891 -0.000000 -0.071588 0.964110 -0.255671 9.226300 -0.001506 0.256223 0.966616 1.577100 0.000000 0.000000 0.000000 1.000000
0.997485 0.068932 -0.016484 0.000000 -0.070854 0.964197 -0.255546 9.226300 -0.001722 0.256071 0.966656 1.577100 0.000000 0.000000 0.000000 1.000000
0.997545 0.068226 -0.015797 -0.000000 -0.069997 0.964289 -0.255434 9.226300 -0.002194 0.255912 0.966698 1.577100 0.000000 0.000000 0.000000 1.000000
0.997608 0.067509 -0.014835 -0.000000 -0.069057 0.964382 -0.255340 9.226300 -0.002931 0.255754 0.966738 1.577100 0.000000 0.000000 0.000000 1.000000
0.997666 0.066909 -0.013627 -0.000000 -0.068169 0.964468 -0.255254 9.226300 -0.003936 0.255587 0.966778 1.577100 0.000000 0.000000 0.000000 1.000000
0.997714 0.066461 -0.012265 0.000000 -0.067389 0.964544 -0.255173 9.226300 -0.005129 0.255416 0.966818 1.577100 0.000000 0.000000 0.000000 1.000000
0.997754 0.066093 -0.010849 0.000000 -0.066671 0.964611 -0.255108 9.226300 -0.006396 0.255259 0.966852 1.577100 0.000000 0.000000 0.000000 1.000000
0.997790 0.065768 -0.009503 0.000000 -0.066014 0.964666 -0.255073 9.226300 -0.007609 0.255137 0.966875 1.577100 0.000000 0.000000 0.000000 1.000000</float_array><technique_common><accessor source="#Spine-Matrix-animation-output-transform-array" count="22" stride="16"><param type="float4x4"/></accessor></technique_common></source><source id="Spine-Interpolations"><Name_array id="Spine-Interpolations-array" count="22">
 LINEAR LINEAR LINEAR LINEAR LINEAR LINEAR LINEAR LINEAR LINEAR LINEAR LINEAR
LINEAR LINEAR LINEAR LINEAR LINEAR LINEAR LINEAR LINEAR LINEAR LINEAR LINEAR</Name_array><technique_common><accessor source="#Spine-Interpolations-array" count="22"><param type="name"/></accessor></technique_common></source><sampler id="Spine-Matrix-animation-transform"><input semantic="INPUT" source="#Spine-Matrix-animation-input"/><input semantic="OUTPUT" source="#Spine-Matrix-animation-output-transform"/><input semantic="INTERPOLATION" source="#Spine-Interpolations"/></sampler><channel source="#Spine-Matrix-animation-transform" target="Spine/matrix"/></animation>
    <animation id="Spine1-anim" name="Spine1"><source id="Spine1-Matrix-animation-input"><float_array id="Spine1-Matrix-animation-input-array" count="22">

0.000000 0.033333 0.066667 0.100000 0.133333 0.166667 0.200000 0.233333 0.266667 0.300000 0.333333 0.366667 0.400000 0.433333 0.466667 0.500000
0.533333 0.566667 0.600000 0.633333 0.666667 0.700000</float_array><technique_common><accessor source="#Spine1-Matrix-animation-input-array" count="22"><param name="TIME" type="float"/></accessor></technique_common></source><source id="Spine1-Matrix-animation-output-transform"><float_array id="Spine1-Matrix-animation-output-transform-array" count="352">

0.992710 0.116719 -0.030048 0.000000 -0.116320 0.862549 -0.492422 16.254000 -0.031557 0.492328 0.869838 -0.165600 0.000000 0.000000 0.000000 1.000000
0.992629 0.117547 -0.029499 0.000000 -0.116763 0.862379 -0.492614 16.254000 -0.032466 0.492428 0.869748 -0.165600 0.000000 0.000000 0.000000 1.000000
0.992459 0.118944 -0.029628 -0.000000 -0.118030 0.862057 -0.492875 16.254000 -0.033083 0.492655 0.869595 -0.165600 0.000000 0.000000 0.000000 1.000000
0.992223 0.120702 -0.030396 -0.000000 -0.119923 0.861628 -0.493170 16.254000 -0.033337 0.492980 0.869402 -0.165600 0.000000 0.000000 0.000000 1.000000
0.991946 0.122617 -0.031759 0.000000 -0.122247 0.861136 -0.493458 16.254000 -0.033157 0.493366 0.869190 -0.165600 0.000000 0.000000 0.000000 1.000000
0.991650 0.124485 -0.033677 0.000000 -0.124804 0.860632 -0.493697 16.254000 -0.032475 0.493778 0.868982 -0.165600 0.000000 0.000000 0.000000 1.000000
0.991359 0.126112 -0.036087 -0.000000 -0.127399 0.860165 -0.493847 16.254000 -0.031239 0.494178 0.868799 -0.165600 0.000000 0.000000 0.000000 1.000000
0.991093 0.127405 -0.038758 0.000000 -0.129838 0.859769 -0.493902 16.254000 -0.029603 0.494535 0.868653 -0.165600 0.000000 0.000000 0.000000 1.000000
0.990871 0.128302 -0.041401 0.000000 -0.131922 0.859468 -0.493874 16.254000 -0.027782 0.494827 0.868547 -0.165600 0.000000 0.000000 0.000000 1.000000
0.990714 0.128729 -0.043745 0.000000 -0.133455 0.859289 -0.493774 16.254000 -0.025974 0.495027 0.868489 -0.165600 0.000000 0.000000 0.000000 1.000000
0.990649 0.128616 -0.045522 0.000000 -0.134239 0.859254 -0.493621 16.254000 -0.024373 0.495116 0.868485 -0.165600 0.000000 0.000000 0.000000 1.000000
0.990687 0.127947 -0.046562 0.000000 -0.134179 0.859370 -0.493436 16.254000 -0.023120 0.495088 0.868535 -0.165600 0.000000 0.000000 0.000000 1.000000
0.990809 0.126860 -0.046944 0.000000 -0.133429 0.859600 -0.493239 16.254000 -0.022220 0.494969 0.868626 -0.165600 0.000000 0.000000 0.000000 1.000000
0.990996 0.125473 -0.046722 0.000000 -0.132122 0.859912 -0.493046 16.254000 -0.021687 0.494780 0.868748 -0.165600 0.000000 0.000000 0.000000 1.000000
0.991230 0.123903 -0.045943 0.000000 -0.130379 0.860279 -0.492870 16.254000 -0.021544 0.494538 0.868889 -0.165600 0.000000 0.000000 0.000000 1.000000
0.991493 0.122264 -0.044653 -0.000000 -0.128323 0.860674 -0.492721 16.254000 -0.021810 0.494259 0.869041 -0.165600 0.000000 0.000000 0.000000 1.000000
0.991765 0.120673 -0.042897 0.000000 -0.126077 0.861072 -0.492605 16.254000 -0.022507 0.493957 0.869195 -0.165600 0.000000 0.000000 0.000000 1.000000
0.992030 0.119246 -0.040716 -0.000000 -0.123765 0.861450 -0.492531 16.254000 -0.023658 0.493645 0.869342 -0.165600 0.000000 0.000000 0.000000 1.000000
0.992268 0.118116 -0.038120 0.000000 -0.121506 0.861801 -0.492479 16.254000 -0.025318 0.493303 0.869489 -0.165600 0.000000 0.000000 0.000000 1.000000
0.992466 0.117326 -0.035289 -0.000000 -0.119426 0.862117 -0.492434 16.254000 -0.027353 0.492939 0.869634 -0.165600 0.000000 0.000000 0.000000 1.000000
0.992616 0.116864 -0.032504 0.000000 -0.117655 0.862374 -0.492410 16.254000 -0.029514 0.492599 0.869756 -0.165600 0.000000 0.000000 0.000000 1.000000
0.992710 0.116719 -0.030048 0.000000 -0.116320 0.862549 -0.492422 16.254000 -0.031557 0.492328 0.869838 -0.165600 0.000000 0.000000 0.000000 1.000000</float_array><technique_common><accessor source="#Spine1-Matrix-animation-output-transform-array" count="22" stride="16"><param type="float4x4"/></accessor></technique_common></source><source id="Spine1-Interpolations"><Name_array id="Spine1-Interpolations-array" count="22">
 LINEAR LINEAR LINEAR LINEAR LINEAR LINEAR LINEAR LINEAR LINEAR LINEAR LINEAR
LINEAR LINEAR LINEAR LINEAR LINEAR LINEAR LINEAR LINEAR LINEAR LINEAR LINEAR</Name_array><technique_common><accessor source="#Spine1-Interpolations-array" count="22"><param type="name"/></accessor></technique_common></source><sampler id="Spine1-Matrix-animation-transform"><input semantic="INPUT" source="#Spine1-Matrix-animation-input"/><input semantic="OUTPUT" source="#Spine1-Matrix-animation-output-transform"/><input semantic="INTERPOLATION" source="#Spine1-Interpolations"/></sampler><channel source="#Spine1-Matrix-animation-transform" target="Spine1/matrix"/></animation>
    <animation id="Spine2-anim" name="Spine2"><source id="Spine2-Matrix-animation-input"><float_array id="Spine2-Matrix-animation-input-array" count="22">

0.000000 0.033333 0.066667 0.100000 0.133333 0.166667 0.200000 0.233333 0.266667 0.300000 0.333333 0.366667 0.400000 0.433333 0.466667 0.500000
0.533333 0.566667 0.600000 0.633333 0.666667 0.700000</float_array><technique_common><accessor source="#Spine2-Matrix-animation-input-array" count="22"><param name="TIME" type="float"/></accessor></technique_common></source><source id="Spine2-Matrix-animation-output-transform"><float_array id="Spine2-Matrix-animation-output-transform-array" count="352">

0.992710 0.116719 -0.030047 0.000000 -0.116320 0.862549 -0.492422 13.639600 -0.031557 0.492327 0.869838 -1.292300 0.000000 0.000000 0.000000 1.000000
0.992629 0.117548 -0.029498 0.000000 -0.116763 0.862379 -0.492614 13.639600 -0.032467 0.492427 0.869748 -1.292300 0.000000 0.000000 0.000000 1.000000
0.992459 0.118944 -0.029628 0.000000 -0.118030 0.862057 -0.492875 13.639600 -0.033083 0.492655 0.869595 -1.292300 0.000000 0.000000 0.000000 1.000000
0.992223 0.120702 -0.030396 0.000000 -0.119923 0.861628 -0.493170 13.639600 -0.033337 0.492980 0.869402 -1.292300 0.000000 0.000000 0.000000 1.000000
0.991946 0.122617 -0.031760 0.000000 -0.122247 0.861136 -0.493458 13.639600 -0.033157 0.493366 0.869190 -1.292300 0.000000 0.000000 0.000000 1.000000
0.991650 0.124485 -0.033677 0.000000 -0.124804 0.860632 -0.493697 13.639600 -0.032475 0.493778 0.868982 -1.292300 0.000000 0.000000 0.000000 1.000000
0.991359 0.126112 -0.036087 0.000000 -0.127399 0.860165 -0.493847 13.639600 -0.031239 0.494178 0.868800 -1.292300 0.000000 0.000000 0.000000 1.000000
0.991093 0.127405 -0.038758 0.000000 -0.129838 0.859769 -0.493902 13.639600 -0.029603 0.494535 0.868653 -1.292300 0.000000 0.000000 0.000000 1.000000
0.990871 0.128302 -0.041401 -0.000000 -0.131922 0.859468 -0.493874 13.639600 -0.027782 0.494827 0.868548 -1.292300 0.000000 0.000000 0.000000 1.000000
0.990714 0.128730 -0.043745 0.000000 -0.133455 0.859289 -0.493774 13.639600 -0.025974 0.495027 0.868489 -1.292300 0.000000 0.000000 0.000000 1.000000
0.990649 0.128616 -0.045522 0.000000 -0.134240 0.859254 -0.493621 13.639600 -0.024372 0.495116 0.868485 -1.292300 0.000000 0.000000 0.000000 1.000000
0.990687 0.127947 -0.046563 0.000000 -0.134179 0.859370 -0.493436 13.639600 -0.023119 0.495088 0.868535 -1.292300 0.000000 0.000000 0.000000 1.000000
0.990809 0.126860 -0.046943 0.000000 -0.133429 0.859600 -0.493239 13.639600 -0.022219 0.494969 0.868626 -1.292300 0.000000 0.000000 0.000000 1.000000
0.990996 0.125473 -0.046722 0.000000 -0.132122 0.859912 -0.493047 13.639600 -0.021688 0.494780 0.868747 -1.292300 0.000000 0.000000 0.000000 1.000000
0.991230 0.123903 -0.045943 0.000000 -0.130379 0.860279 -0.492870 13.639600 -0.021544 0.494538 0.868889 -1.292300 0.000000 0.000000 0.000000 1.000000
0.991493 0.122265 -0.044653 0.000000 -0.128323 0.860674 -0.492720 13.639600 -0.021811 0.494259 0.869041 -1.292300 0.000000 0.000000 0.000000 1.000000
0.991765 0.120673 -0.042897 -0.000000 -0.126077 0.861072 -0.492605 13.639600 -0.022507 0.493957 0.869195 -1.292300 0.000000 0.000000 0.000000 1.000000
0.992030 0.119246 -0.040715 0.000000 -0.123765 0.861450 -0.492531 13.639600 -0.023658 0.493644 0.869342 -1.292300 0.000000 0.000000 0.000000 1.000000
0.992268 0.118116 -0.038120 -0.000000 -0.121506 0.861801 -0.492479 13.639600 -0.025318 0.493303 0.869489 -1.292300 0.000000 0.000000 0.000000 1.000000
0.992466 0.117326 -0.035289 0.000000 -0.119426 0.862117 -0.492435 13.639600 -0.027352 0.492939 0.869634 -1.292300 0.000000 0.000000 0.000000 1.000000
0.992616 0.116864 -0.032504 0.000000 -0.117655 0.862374 -0.492410 13.639600 -0.029515 0.492598 0.869756 -1.292300 0.000000 0.000000 0.000000 1.000000
0.992710 0.116719 -0.030047 0.000000 -0.116320 0.862549 -0.492422 13.639600 -0.031557 0.492327 0.869838 -1.292300 0.000000 0.000000 0.000000 1.000000</float_array><technique_common><accessor source="#Spine2-Matrix-animation-output-transform-array" count="22" stride="16"><param type="float4x4"/></accessor></technique_common></source><source id="Spine2-Interpolations"><Name_array id="Spine2-Interpolations-array" count="22">
 LINEAR LINEAR LINEAR LINEAR LINEAR LINEAR LINEAR LINEAR LINEAR LINEAR LINEAR
LINEAR LINEAR LINEAR LINEAR LINEAR LINEAR LINEAR LINEAR LINEAR LINEAR LINEAR</Name_array><technique_common><accessor source="#Spine2-Interpolations-array" count="22"><param type="name"/></accessor></technique_common></source><sampler id="Spine2-Matrix-animation-transform"><input semantic="INPUT" source="#Spine2-Matrix-animation-input"/><input semantic="OUTPUT" source="#Spine2-Matrix-animation-output-transform"/><input semantic="INTERPOLATION" source="#Spine2-Interpolations"/></sampler><channel source="#Spine2-Matrix-animation-transform" target="Spine2/matrix"/></animation>
    <animation id="Neck-anim" name="Neck"><source id="Neck-Matrix-animation-input"><float_array id="Neck-Matrix-animation-input-array" count="22">

0.000000 0.033333 0.066667 0.100000 0.133333 0.166667 0.200000 0.233333 0.266667 0.300000 0.333333 0.366667 0.400000 0.433333 0.466667 0.500000
0.533333 0.566667 0.600000 0.633333 0.666667 0.700000</float_array><technique_common><accessor source="#Neck-Matrix-animation-input-array" count="22"><param name="TIME" type="float"/></accessor></technique_common></source><source id="Neck-Matrix-animation-output-transform"><float_array id="Neck-Matrix-animation-output-transform-array" count="352">

0.990538 0.113187 0.077608 0.000000 -0.110959 0.993295 -0.032457 13.877400 -0.080761 0.023539 0.996455 -4.354200 0.000000 0.000000 0.000000 1.000000
0.991340 0.107496 0.075431 0.000000 -0.105326 0.993917 -0.032191 13.877400 -0.078433 0.023968 0.996631 -4.354200 0.000000 0.000000 0.000000 1.000000
0.992218 0.100957 0.072873 0.000000 -0.098846 0.994588 -0.032012 13.877400 -0.075711 0.024560 0.996827 -4.354200 0.000000 0.000000 0.000000 1.000000
0.993046 0.094450 0.070282 0.000000 -0.092396 0.995210 -0.031932 13.877400 -0.072962 0.025216 0.997016 -4.354200 0.000000 0.000000 0.000000 1.000000
0.993719 0.088866 0.068008 0.000000 -0.086856 0.995708 -0.031970 13.877400 -0.070557 0.025862 0.997172 -4.354200 0.000000 0.000000 0.000000 1.000000
0.994157 0.085099 0.066403 0.000000 -0.083112 0.996022 -0.032138 13.877400 -0.068874 0.026431 0.997275 -4.354200 0.000000 0.000000 0.000000 1.000000
0.994297 0.083945 0.065782 -0.000000 -0.081952 0.996108 -0.032441 13.877400 -0.068250 0.026865 0.997307 -4.354200 0.000000 0.000000 0.000000 1.000000
0.994170 0.085201 0.066087 0.000000 -0.083176 0.995994 -0.032820 13.877400 -0.068619 0.027132 0.997274 -4.354200 0.000000 0.000000 0.000000 1.000000
0.993824 0.088349 0.067139 0.000000 -0.086275 0.995718 -0.033191 13.877400 -0.069784 0.027194 0.997191 -4.354200 0.000000 0.000000 0.000000 1.000000
0.993289 0.092974 0.068797 0.000000 -0.090843 0.995302 -0.033487 13.877400 -0.071588 0.027013 0.997068 -4.354200 0.000000 0.000000 0.000000 1.000000
0.992591 0.098660 0.070923 -0.000000 -0.096473 0.994767 -0.033636 13.877400 -0.073871 0.026544 0.996914 -4.354200 0.000000 0.000000 0.000000 1.000000
0.991764 0.104982 0.073363 0.000000 -0.102748 0.994140 -0.033599 13.877400 -0.076461 0.025785 0.996739 -4.354200 0.000000 0.000000 0.000000 1.000000
0.990861 0.111486 0.075932 0.000000 -0.109217 0.993456 -0.033417 13.877400 -0.079161 0.024818 0.996553 -4.354200 0.000000 0.000000 0.000000 1.000000
0.989943 0.117723 0.078446 0.000000 -0.115434 0.992763 -0.033125 13.877400 -0.081778 0.023736 0.996368 -4.354200 0.000000 0.000000 0.000000 1.000000
0.989087 0.123252 0.080722 0.000000 -0.120956 0.992117 -0.032758 13.877400 -0.084123 0.022636 0.996198 -4.354200 0.000000 0.000000 0.000000 1.000000
0.988378 0.127632 0.082579 -0.000000 -0.125344 0.991586 -0.032340 13.877400 -0.086012 0.021613 0.996060 -4.354200 0.000000 0.000000 0.000000 1.000000
0.987907 0.130425 0.083834 -0.000000 -0.128157 0.991240 -0.031913 13.877400 -0.087262 0.020783 0.995969 -4.354200 0.000000 0.000000 0.000000 1.000000
0.987768 0.131182 0.084299 0.000000 -0.128942 0.991151 -0.031510 13.877400 -0.087686 0.020255 0.995942 -4.354200 0.000000 0.000000 0.000000 1.000000
0.988064 0.129316 0.083704 -0.000000 -0.127091 0.991394 -0.031405 13.877400 -0.087045 0.020392 0.995996 -4.354200 0.000000 0.000000 0.000000 1.000000
0.988732 0.125136 0.082159 0.000000 -0.122908 0.991913 -0.031657 13.877400 -0.085456 0.021202 0.996116 -4.354200 0.000000 0.000000 0.000000 1.000000
0.989607 0.119479 0.080012 0.000000 -0.117245 0.992585 -0.032072 13.877400 -0.083251 0.022358 0.996278 -4.354200 0.000000 0.000000 0.000000 1.000000
0.990538 0.113187 0.077608 0.000000 -0.110959 0.993295 -0.032457 13.877400 -0.080761 0.023539 0.996455 -4.354200 0.000000 0.000000 0.000000 1.000000</float_array><technique_common><accessor source="#Neck-Matrix-animation-output-transform-array" count="22" stride="16"><param type="float4x4"/></accessor></technique_common></source><source id="Neck-Interpolations"><Name_array id="Neck-Interpolations-array" count="22">
 LINEAR LINEAR LINEAR LINEAR LINEAR LINEAR LINEAR LINEAR LINEAR LINEAR LINEAR
LINEAR LINEAR LINEAR LINEAR LINEAR LINEAR LINEAR LINEAR LINEAR LINEAR LINEAR</Name_array><technique_common><accessor source="#Neck-Interpolations-array" count="22"><param type="name"/></accessor></technique_common></source><sampler id="Neck-Matrix-animation-transform"><input semantic="INPUT" source="#Neck-Matrix-animation-input"/><input semantic="OUTPUT" source="#Neck-Matrix-animation-output-transform"/><input semantic="INTERPOLATION" source="#Neck-Interpolations"/></sampler><channel source="#Neck-Matrix-animation-transform" target="Neck/matrix"/></animation>
    <animation id="Neck1-anim" name="Neck1"><source id="Neck1-Matrix-animation-input"><float_array id="Neck1-Matrix-animation-input-array" count="22">

0.000000 0.033333 0.066667 0.100000 0.133333 0.166667 0.200000 0.233333 0.266667 0.300000 0.333333 0.366667 0.400000 0.433333 0.466667 0.500000
0.533333 0.566667 0.600000 0.633333 0.666667 0.700000</float_array><technique_common><accessor source="#Neck1-Matrix-animation-input-array" count="22"><param name="TIME" type="float"/></accessor></technique_common></source><source id="Neck1-Matrix-animation-output-transform"><float_array id="Neck1-Matrix-animation-output-transform-array" count="352">

1.000000 -0.000000 0.000000 0.000000 -0.000000 1.000000 -0.000000 4.340000 0.000000 0.000000 1.000000 0.926900 0.000000 0.000000 0.000000 1.000000
1.000000 0.000000 0.000000 0.000000 -0.000000 1.000000 -0.000000 4.340000 0.000000 -0.000000 1.000000 0.926900 0.000000 0.000000 0.000000 1.000000
1.000000 0.000000 0.000000 0.000000 0.000000 1.000000 0.000000 4.340000 -0.000000 -0.000000 1.000000 0.926900 0.000000 0.000000 0.000000 1.000000
1.000000 0.000000 0.000000 0.000000 0.000000 1.000000 -0.000000 4.340000 -0.000000 0.000000 1.000000 0.926900 0.000000 0.000000 0.000000 1.000000
1.000000 -0.000000 -0.000000 0.000000 0.000000 1.000000 -0.000000 4.340000 0.000000 -0.000000 1.000000 0.926900 0.000000 0.000000 0.000000 1.000000
1.000000 -0.000000 -0.000000 0.000000 -0.000000 1.000000 0.000000 4.340000 -0.000000 0.000000 1.000000 0.926900 0.000000 0.000000 0.000000 1.000000
1.000000 0.000000 0.000000 0.000000 0.000000 1.000000 -0.000000 4.340000 -0.000000 0.000000 1.000000 0.926900 0.000000 0.000000 0.000000 1.000000
1.000000 0.000000 0.000000 0.000000 0.000000 1.000000 0.000000 4.340000 0.000000 -0.000000 1.000000 0.926900 0.000000 0.000000 0.000000 1.000000
1.000000 -0.000000 -0.000000 0.000000 0.000000 1.000000 -0.000000 4.340000 -0.000000 -0.000000 1.000000 0.926900 0.000000 0.000000 0.000000 1.000000
1.000000 0.000000 -0.000000 0.000000 0.000000 1.000000 -0.000000 4.340000 -0.000000 0.000000 1.000000 0.926900 0.000000 0.000000 0.000000 1.000000
1.000000 0.000000 0.000000 0.000000 0.000000 1.000000 0.000000 4.340000 -0.000000 0.000000 1.000000 0.926900 0.000000 0.000000 0.000000 1.000000
1.000000 0.000000 0.000000 0.000000 0.000000 1.000000 -0.000000 4.340000 0.000000 -0.000000 1.000000 0.926900 0.000000 0.000000 0.000000 1.000000
1.000000 0.000000 0.000000 0.000000 0.000000 1.000000 -0.000000 4.340000 -0.000000 -0.000000 1.000000 0.926900 0.000000 0.000000 0.000000 1.000000
1.000000 -0.000000 0.000000 0.000000 0.000000 1.000000 0.000000 4.340000 0.000000 -0.000000 1.000000 0.926900 0.000000 0.000000 0.000000 1.000000
1.000000 0.000000 0.000000 -0.000000 -0.000000 1.000000 0.000000 4.340000 0.000000 -0.000000 1.000000 0.926900 0.000000 0.000000 0.000000 1.000000
1.000000 0.000000 -0.000000 0.000000 0.000000 1.000000 0.000000 4.340000 -0.000000 0.000000 1.000000 0.926900 0.000000 0.000000 0.000000 1.000000
1.000000 -0.000000 -0.000000 0.000000 0.000000 1.000000 0.000000 4.340000 0.000000 0.000000 1.000000 0.926900 0.000000 0.000000 0.000000 1.000000
1.000000 0.000000 0.000000 -0.000000 0.000000 1.000000 -0.000000 4.340000 0.000000 -0.000000 1.000000 0.926900 0.000000 0.000000 0.000000 1.000000
1.000000 -0.000000 0.000000 0.000000 0.000000 1.000000 -0.000000 4.340000 0.000000 0.000000 1.000000 0.926900 0.000000 0.000000 0.000000 1.000000
1.000000 0.000000 0.000000 0.000000 -0.000000 1.000000 0.000000 4.340000 0.000000 0.000000 1.000000 0.926900 0.000000 0.000000 0.000000 1.000000
1.000000 0.000000 0.000000 0.000000 -0.000000 1.000000 -0.000000 4.340000 -0.000000 -0.000000 1.000000 0.926900 0.000000 0.000000 0.000000 1.000000
1.000000 -0.000000 0.000000 0.000000 -0.000000 1.000000 -0.000000 4.340000 0.000000 0.000000 1.000000 0.926900 0.000000 0.000000 0.000000 1.000000</float_array><technique_common><accessor source="#Neck1-Matrix-animation-output-transform-array" count="22" stride="16"><param type="float4x4"/></accessor></technique_common></source><source id="Neck1-Interpolations"><Name_array id="Neck1-Interpolations-array" count="22">
 LINEAR LINEAR LINEAR LINEAR LINEAR LINEAR LINEAR LINEAR LINEAR LINEAR LINEAR
LINEAR LINEAR LINEAR LINEAR LINEAR LINEAR LINEAR LINEAR LINEAR LINEAR LINEAR</Name_array><technique_common><accessor source="#Neck1-Interpolations-array" count="22"><param type="name"/></accessor></technique_common></source><sampler id="Neck1-Matrix-animation-transform"><input semantic="INPUT" source="#Neck1-Matrix-animation-input"/><input semantic="OUTPUT" source="#Neck1-Matrix-animation-output-transform"/><input semantic="INTERPOLATION" source="#Neck1-Interpolations"/></sampler><channel source="#Neck1-Matrix-animation-transform" target="Neck1/matrix"/></animation>
    <animation id="Head-anim" name="Head"><source id="Head-Matrix-animation-input"><float_array id="Head-Matrix-animation-input-array" count="22">

0.000000 0.033333 0.066667 0.100000 0.133333 0.166667 0.200000 0.233333 0.266667 0.300000 0.333333 0.366667 0.400000 0.433333 0.466667 0.500000
0.533333 0.566667 0.600000 0.633333 0.666667 0.700000</float_array><technique_common><accessor source="#Head-Matrix-animation-input-array" count="22"><param name="TIME" type="float"/></accessor></technique_common></source><source id="Head-Matrix-animation-output-transform"><float_array id="Head-Matrix-animation-output-transform-array" count="352">

0.991466 -0.026911 0.127560 0.000000 0.031816 0.998824 -0.036573 4.026600 -0.126426 0.040319 0.991156 0.858500 0.000000 0.000000 0.000000 1.000000
0.991530 -0.023654 0.127703 -0.000000 0.028545 0.998922 -0.036605 4.026600 -0.126699 0.039940 0.991137 0.858500 0.000000 0.000000 0.000000 1.000000
0.991639 -0.020424 0.127413 0.000000 0.025164 0.999045 -0.035708 4.026600 -0.126562 0.038616 0.991207 0.858500 0.000000 0.000000 0.000000 1.000000
0.991778 -0.017637 0.126753 0.000000 0.022119 0.999176 -0.034040 4.026600 -0.126048 0.036564 0.991350 0.858500 0.000000 0.000000 0.000000 1.000000
0.991934 -0.015712 0.125777 0.000000 0.019854 0.999299 -0.031749 4.026600 -0.125190 0.033990 0.991550 0.858500 0.000000 0.000000 0.000000 1.000000
0.992101 -0.015071 0.124531 0.000000 0.018821 0.999402 -0.028991 4.026600 -0.124019 0.031105 0.991792 0.858500 0.000000 0.000000 0.000000 1.000000
0.992269 -0.016077 0.123056 0.000000 0.019409 0.999475 -0.025934 4.026600 -0.122575 0.028122 0.992061 0.858500 0.000000 0.000000 0.000000 1.000000
0.992423 -0.018469 0.121473 -0.000000 0.021399 0.999510 -0.022857 4.026600 -0.120991 0.025284 0.992332 0.858500 0.000000 0.000000 0.000000 1.000000
0.992543 -0.021799 0.119931 0.000000 0.024377 0.999501 -0.020075 4.026600 -0.119434 0.022849 0.992579 0.858500 0.000000 0.000000 0.000000 1.000000
0.992612 -0.025684 0.118584 0.000000 0.027997 0.999448 -0.017880 4.026600 -0.118059 0.021068 0.992783 0.858500 0.000000 0.000000 0.000000 1.000000
0.992616 -0.029743 0.117592 0.000000 0.031907 0.999354 -0.016565 4.026600 -0.117024 0.020195 0.992924 0.858500 0.000000 0.000000 0.000000 1.000000
0.992554 -0.033655 0.117068 -0.000000 0.035802 0.999226 -0.016285 4.026600 -0.116429 0.020355 0.992990 0.858500 0.000000 0.000000 0.000000 1.000000
0.992437 -0.037235 0.116968 -0.000000 0.039472 0.999078 -0.016870 4.026600 -0.116232 0.021359 0.992992 0.858500 0.000000 0.000000 0.000000 1.000000
0.992284 -0.040289 0.117257 0.000000 0.042705 0.998923 -0.018167 4.026600 -0.116399 0.023034 0.992935 0.858500 0.000000 0.000000 0.000000 1.000000
0.992111 -0.042619 0.117898 0.000000 0.045286 0.998773 -0.020037 4.026600 -0.116900 0.025218 0.992823 0.858500 0.000000 0.000000 0.000000 1.000000
0.991936 -0.044025 0.118849 0.000000 0.047001 0.998645 -0.022352 4.026600 -0.117704 0.027757 0.992661 0.858500 0.000000 0.000000 0.000000 1.000000
0.991777 -0.044308 0.120061 0.000000 0.047634 0.998553 -0.024968 4.026600 -0.118781 0.030482 0.992453 0.858500 0.000000 0.000000 0.000000 1.000000
0.991650 -0.043263 0.121481 -0.000000 0.046962 0.998511 -0.027757 4.026600 -0.120099 0.033230 0.992206 0.858500 0.000000 0.000000 0.000000 1.000000
0.991568 -0.040584 0.123072 0.000000 0.044649 0.998539 -0.030450 4.026600 -0.121656 0.035688 0.991930 0.858500 0.000000 0.000000 0.000000 1.000000
0.991519 -0.036548 0.124718 0.000000 0.040943 0.998621 -0.032860 4.026600 -0.123345 0.037687 0.991648 0.858500 0.000000 0.000000 0.000000 1.000000
0.991488 -0.031780 0.126263 0.000000 0.036460 0.998725 -0.034924 4.026600 -0.124992 0.039231 0.991382 0.858500 0.000000 0.000000 0.000000 1.000000
0.991466 -0.026911 0.127560 0.000000 0.031816 0.998824 -0.036573 4.026600 -0.126426 0.040319 0.991156 0.858500 0.000000 0.000000 0.000000 1.000000</float_array><technique_common><accessor source="#Head-Matrix-animation-output-transform-array" count="22" stride="16"><param type="float4x4"/></accessor></technique_common></source><source id="Head-Interpolations"><Name_array id="Head-Interpolations-array" count="22">
 LINEAR LINEAR LINEAR LINEAR LINEAR LINEAR LINEAR LINEAR LINEAR LINEAR LINEAR
LINEAR LINEAR LINEAR LINEAR LINEAR LINEAR LINEAR LINEAR LINEAR LINEAR LINEAR</Name_array><technique_common><accessor source="#Head-Interpolations-array" count="22"><param type="name"/></accessor></technique_common></source><sampler id="Head-Matrix-animation-transform"><input semantic="INPUT" source="#Head-Matrix-animation-input"/><input semantic="OUTPUT" source="#Head-Matrix-animation-output-transform"/><input semantic="INTERPOLATION" source="#Head-Interpolations"/></sampler><channel source="#Head-Matrix-animation-transform" target="Head/matrix"/></animation>
    <animation id="Jaw-anim" name="Jaw"><source id="Jaw-Matrix-animation-input"><float_array id="Jaw-Matrix-animation-input-array" count="22">

0.000000 0.033333 0.066667 0.100000 0.133333 0.166667 0.200000 0.233333 0.266667 0.300000 0.333333 0.366667 0.400000 0.433333 0.466667 0.500000
0.533333 0.566667 0.600000 0.633333 0.666667 0.700000</float_array><technique_common><accessor source="#Jaw-Matrix-animation-input-array" count="22"><param name="TIME" type="float"/></accessor></technique_common></source><source id="Jaw-Matrix-animation-output-transform"><float_array id="Jaw-Matrix-animation-output-transform-array" count="352">

1.000000 0.000000 -0.000000 0.003800 0.000000 1.000000 -0.000000 6.235000 0.000000 -0.000000 1.000000 4.413100 0.000000 0.000000 0.000000 1.000000
1.000000 0.000000 0.000000 0.003800 0.000000 1.000000 0.000000 6.235000 0.000000 -0.000000 1.000000 4.413100 0.000000 0.000000 0.000000 1.000000
1.000000 0.000000 0.000000 0.003800 0.000000 1.000000 0.000000 6.235000 0.000000 -0.000000 1.000000 4.413100 0.000000 0.000000 0.000000 1.000000
1.000000 -0.000000 -0.000000 0.003800 0.000000 1.000000 -0.000000 6.235000 0.000000 0.000000 1.000000 4.413100 0.000000 0.000000 0.000000 1.000000
1.000000 0.000000 0.000000 0.003800 0.000000 1.000000 -0.000000 6.235000 -0.000000 0.000000 1.000000 4.413100 0.000000 0.000000 0.000000 1.000000
1.000000 0.000000 -0.000000 0.003800 0.000000 1.000000 0.000000 6.235000 0.000000 -0.000000 1.000000 4.413100 0.000000 0.000000 0.000000 1.000000
1.000000 0.000000 -0.000000 0.003800 0.000000 1.000000 0.000000 6.235000 0.000000 0.000000 1.000000 4.413100 0.000000 0.000000 0.000000 1.000000
1.000000 0.000000 0.000000 0.003800 0.000000 1.000000 0.000000 6.235000 0.000000 -0.000000 1.000000 4.413100 0.000000 0.000000 0.000000 1.000000
1.000000 -0.000000 -0.000000 0.003800 0.000000 1.000000 -0.000000 6.235000 -0.000000 -0.000000 1.000000 4.413100 0.000000 0.000000 0.000000 1.000000
1.000000 0.000000 0.000000 0.003800 0.000000 1.000000 0.000000 6.235000 -0.000000 -0.000000 1.000000 4.413100 0.000000 0.000000 0.000000 1.000000
1.000000 0.000000 0.000000 0.003800 -0.000000 1.000000 -0.000000 6.235000 -0.000000 0.000000 1.000000 4.413100 0.000000 0.000000 0.000000 1.000000
1.000000 0.000000 -0.000000 0.003800 -0.000000 1.000000 0.000000 6.235000 -0.000000 0.000000 1.000000 4.413100 0.000000 0.000000 0.000000 1.000000
1.000000 0.000000 -0.000000 0.003800 -0.000000 1.000000 -0.000000 6.235000 0.000000 0.000000 1.000000 4.413100 0.000000 0.000000 0.000000 1.000000
1.000000 0.000000 0.000000 0.003800 0.000000 1.000000 -0.000000 6.235000 -0.000000 -0.000000 1.000000 4.413100 0.000000 0.000000 0.000000 1.000000
1.000000 -0.000000 -0.000000 0.003800 0.000000 1.000000 -0.000000 6.235000 -0.000000 0.000000 1.000000 4.413100 0.000000 0.000000 0.000000 1.000000
1.000000 0.000000 -0.000000 0.003800 0.000000 1.000000 -0.000000 6.235000 0.000000 -0.000000 1.000000 4.413100 0.000000 0.000000 0.000000 1.000000
1.000000 -0.000000 0.000000 0.003800 0.000000 1.000000 0.000000 6.235000 -0.000000 0.000000 1.000000 4.413100 0.000000 0.000000 0.000000 1.000000
1.000000 0.000000 -0.000000 0.003800 0.000000 1.000000 -0.000000 6.235000 -0.000000 0.000000 1.000000 4.413100 0.000000 0.000000 0.000000 1.000000
1.000000 -0.000000 0.000000 0.003800 0.000000 1.000000 0.000000 6.235000 -0.000000 0.000000 1.000000 4.413100 0.000000 0.000000 0.000000 1.000000
1.000000 0.000000 0.000000 0.003800 0.000000 1.000000 0.000000 6.235000 0.000000 0.000000 1.000000 4.413100 0.000000 0.000000 0.000000 1.000000
1.000000 0.000000 0.000000 0.003800 0.000000 1.000000 -0.000000 6.235000 0.000000 0.000000 1.000000 4.413100 0.000000 0.000000 0.000000 1.000000
1.000000 0.000000 -0.000000 0.003800 0.000000 1.000000 -0.000000 6.235000 0.000000 -0.000000 1.000000 4.413100 0.000000 0.000000 0.000000 1.000000</float_array><technique_common><accessor source="#Jaw-Matrix-animation-output-transform-array" count="22" stride="16"><param type="float4x4"/></accessor></technique_common></source><source id="Jaw-Interpolations"><Name_array id="Jaw-Interpolations-array" count="22">
 LINEAR LINEAR LINEAR LINEAR LINEAR LINEAR LINEAR LINEAR LINEAR LINEAR LINEAR
LINEAR LINEAR LINEAR LINEAR LINEAR LINEAR LINEAR LINEAR LINEAR LINEAR LINEAR</Name_array><technique_common><accessor source="#Jaw-Interpolations-array" count="22"><param type="name"/></accessor></technique_common></source><sampler id="Jaw-Matrix-animation-transform"><input semantic="INPUT" source="#Jaw-Matrix-animation-input"/><input semantic="OUTPUT" source="#Jaw-Matrix-animation-output-transform"/><input semantic="INTERPOLATION" source="#Jaw-Interpolations"/></sampler><channel source="#Jaw-Matrix-animation-transform" target="Jaw/matrix"/></animation>
    <animation id="TongueBack-anim" name="TongueBack"><source id="TongueBack-Matrix-animation-input"><float_array id="TongueBack-Matrix-animation-input-array" count="22">

0.000000 0.033333 0.066667 0.100000 0.133333 0.166667 0.200000 0.233333 0.266667 0.300000 0.333333 0.366667 0.400000 0.433333 0.466667 0.500000
0.533333 0.566667 0.600000 0.633333 0.666667 0.700000</float_array><technique_common><accessor source="#TongueBack-Matrix-animation-input-array" count="22"><param name="TIME" type="float"/></accessor></technique_common></source><source id="TongueBack-Matrix-animation-output-transform"><float_array id="TongueBack-Matrix-animation-output-transform-array" count="352">

1.000000 0.000000 -0.000000 0.000000 0.000000 1.000000 -0.000000 -3.351800 0.000000 -0.000000 1.000000 4.646800 0.000000 0.000000 0.000000 1.000000
