<?xml version="1.0" encoding="utf-8"?>
<COLLADA xmlns="http://www.collada.org/2005/11/COLLADASchema" version="1.4.1">
  <asset><contributor><author>Mixamo</author><authoring_tool>COLLADA Mixamo exporter</authoring_tool><comments></comments></contributor><created>2018-12-18T20:50:58Z</created><modified>2018-12-18T20:50:58Z</modified><revision></revision><title></title><unit meter="0.010000"/><up_axis>Y_UP</up_axis></asset>
  <library_animations>
    <animation id="Hips-anim" name="Hips"><source id="Hips-Matrix-animation-input"><float_array id="Hips-Matrix-animation-input-array" count="33">

0.000000 0.033333 0.066667 0.100000 0.133333 0.166667 0.200000 0.233333 0.266667 0.300000 0.333333 0.366667 0.400000 0.433333 0.466667 0.500000
0.533333 0.566667 0.600000 0.633333 0.666667 0.700000 0.733333 0.766667 0.800000 0.833333 0.866667 0.900000 0.933333 0.966667 1.000000 1.033333
1.066667</float_array><technique_common><accessor source="#Hips-Matrix-animation-input-array" count="33"><param name="TIME" type="float"/></accessor></technique_common></source><source id="Hips-Matrix-animation-output-transform"><float_array id="Hips-Matrix-animation-output-transform-array" count="528">

0.816601 -0.025596 -0.576635 -4.892008 0.244708 0.920144 0.305699 144.994568 0.522763 -0.390742 0.757654 -7.786417 0.000000 0.000000 0.000000 1.000000
0.831814 -0.019713 -0.554704 -5.011440 0.226503 0.924428 0.306804 142.213730 0.506735 -0.380847 0.773418 -7.549562 0.000000 0.000000 0.000000 1.000000
0.843726 -0.036800 -0.535511 -4.647835 0.213203 0.938551 0.271416 138.969528 0.492617 -0.343173 0.799726 -6.855418 0.000000 0.000000 0.000000 1.000000
0.852650 -0.067064 -0.518160 -4.155233 0.201323 0.957321 0.207379 135.187515 0.482138 -0.281140 0.829761 -5.767255 0.000000 0.000000 0.000000 1.000000
0.860748 -0.092714 -0.500516 -3.878621 0.179657 0.975328 0.128292 130.535095 0.476273 -0.200349 0.856169 -4.259621 0.000000 0.000000 0.000000 1.000000
0.877547 -0.100710 -0.468795 -3.894258 0.140698 0.988740 0.050968 123.343086 0.458383 -0.110686 0.881836 -1.730390 0.000000 0.000000 0.000000 1.000000
0.910286 -0.090357 -0.403998 -4.166818 0.108224 0.993893 0.021558 114.416779 0.399583 -0.063347 0.914506 1.337991 0.000000 0.000000 0.000000 1.000000
0.940880 -0.059628 -0.333451 -4.390923 0.072156 0.997072 0.025300 103.362808 0.330967 -0.047865 0.942428 4.061181 0.000000 0.000000 0.000000 1.000000
0.963759 -0.029373 -0.265152 -4.633165 0.036919 0.999042 0.023517 91.011604 0.264207 -0.032454 0.963920 5.381600 0.000000 0.000000 0.000000 1.000000
0.978664 -0.060054 -0.196495 -4.907685 0.049587 0.997098 -0.057766 79.461311 0.199394 0.046790 0.978802 4.378428 0.000000 0.000000 0.000000 1.000000
0.970900 -0.136319 -0.196904 -4.204602 0.110813 0.984596 -0.135247 70.454681 0.212308 0.109491 0.971049 3.359953 0.000000 0.000000 0.000000 1.000000
0.950434 -0.217961 -0.221738 -2.943554 0.172125 0.962743 -0.208565 65.384323 0.258936 0.160061 0.952540 2.625032 0.000000 0.000000 0.000000 1.000000
0.931684 -0.277807 -0.234071 -1.534213 0.214208 0.940534 -0.263648 61.616283 0.293395 0.195497 0.935789 1.864325 0.000000 0.000000 0.000000 1.000000
0.913703 -0.305293 -0.268221 -0.243868 0.228737 0.931899 -0.281503 59.083710 0.335896 0.195858 0.921311 1.238263 0.000000 0.000000 0.000000 1.000000
0.891602 -0.328710 -0.311441 0.727136 0.237711 0.925158 -0.295932 57.906010 0.385408 0.189821 0.903011 0.850481 0.000000 0.000000 0.000000 1.000000
0.877696 -0.331508 -0.346052 1.269281 0.232967 0.926212 -0.296408 58.138889 0.418779 0.179537 0.890163 0.659321 0.000000 0.000000 0.000000 1.000000
0.869434 -0.309172 -0.385352 1.399970 0.212648 0.938226 -0.272970 59.898201 0.445942 0.155385 0.881471 0.484466 0.000000 0.000000 0.000000 1.000000
0.862908 -0.281048 -0.420001 1.177443 0.186757 0.949605 -0.251738 62.978497 0.469586 0.138789 0.871910 0.339895 0.000000 0.000000 0.000000 1.000000
0.859294 -0.245028 -0.448971 0.682750 0.151695 0.960378 -0.233799 66.969452 0.488469 0.132795 0.862417 0.214216 0.000000 0.000000 0.000000 1.000000
0.849600 -0.208122 -0.484628 0.216735 0.120593 0.971167 -0.205652 71.436829 0.513456 0.116280 0.850201 0.031139 0.000000 0.000000 0.000000 1.000000
0.833708 -0.177432 -0.522923 -0.064176 0.096639 0.979239 -0.178190 76.005020 0.543683 0.098024 0.833547 -0.183554 0.000000 0.000000 0.000000 1.000000
0.817690 -0.145582 -0.556946 -0.184246 0.071939 0.985751 -0.152052 80.223907 0.571146 0.084265 0.816512 -0.406700 0.000000 0.000000 0.000000 1.000000
0.800559 -0.113371 -0.588432 -0.245361 0.051316 0.991304 -0.121176 83.730186 0.597052 0.066813 0.799415 -0.586477 0.000000 0.000000 0.000000 1.000000
0.782690 -0.080703 -0.617158 -0.310260 0.034362 0.995649 -0.086618 86.310471 0.621463 0.046588 0.782057 -0.693282 0.000000 0.000000 0.000000 1.000000
0.766583 -0.045728 -0.640515 -0.323225 0.019107 0.998644 -0.048429 87.988632 0.641861 0.024887 0.766417 -0.815355 0.000000 0.000000 0.000000 1.000000
0.752052 -0.012953 -0.658976 -0.253300 0.009750 0.999916 -0.008527 88.940277 0.659031 -0.000012 0.752116 -0.916669 0.000000 0.000000 0.000000 1.000000
0.742118 0.008991 -0.670209 -0.161920 0.006479 0.999767 0.020585 89.292168 0.670238 -0.019619 0.741887 -0.947803 0.000000 0.000000 0.000000 1.000000
0.737298 0.020650 -0.675252 -0.100761 0.005332 0.999324 0.036383 89.399643 0.675547 -0.030425 0.736689 -0.951694 0.000000 0.000000 0.000000 1.000000
0.734742 0.027566 -0.677786 -0.061071 0.004748 0.998941 0.045774 89.443344 0.678330 -0.036850 0.733833 -0.950483 0.000000 0.000000 0.000000 1.000000
0.732362 0.035283 -0.680001 -0.013920 0.004145 0.998407 0.056269 89.472473 0.680903 -0.044028 0.731049 -0.942910 0.000000 0.000000 0.000000 1.000000
0.730634 0.042147 -0.681467 0.027762 0.003580 0.997843 0.065552 89.489044 0.682760 -0.050334 0.728907 -0.930493 0.000000 0.000000 0.000000 1.000000
0.730061 0.046385 -0.681806 0.050683 0.003159 0.997454 0.071243 89.493004 0.683375 -0.054166 0.728056 -0.913384 0.000000 0.000000 0.000000 1.000000
0.730031 0.051058 -0.681505 0.068957 0.002633 0.996988 0.077514 89.495872 0.683409 -0.058382 0.727697 -0.877299 0.000000 0.000000 0.000000 1.000000</float_array><technique_common><accessor source="#Hips-Matrix-animation-output-transform-array" count="33" stride="16"><param type="float4x4"/></accessor></technique_common></source><source id="Hips-Interpolations"><Name_array id="Hips-Interpolations-array" count="33">
 LINEAR LINEAR LINEAR LINEAR LINEAR LINEAR LINEAR LINEAR LINEAR LINEAR LINEAR
LINEAR LINEAR LINEAR LINEAR LINEAR LINEAR LINEAR LINEAR LINEAR LINEAR LINEAR LINEAR
LINEAR LINEAR LINEAR LINEAR LINEAR LINEAR LINEAR LINEAR LINEAR LINEAR</Name_array><technique_common><accessor source="#Hips-Interpolations-array" count="33"><param type="name"/></accessor></technique_common></source><sampler id="Hips-Matrix-animation-transform"><input semantic="INPUT" source="#Hips-Matrix-animation-input"/><input semantic="OUTPUT" source="#Hips-Matrix-animation-output-transform"/><input semantic="INTERPOLATION" source="#Hips-Interpolations"/></sampler><channel source="#Hips-Matrix-animation-transform" target="Hips/matrix"/></animation>
    <animation id="Spine-anim" name="Spine"><source id="Spine-Matrix-animation-input"><float_array id="Spine-Matrix-animation-input-array" count="33">

0.000000 0.033333 0.066667 0.100000 0.133333 0.166667 0.200000 0.233333 0.266667 0.300000 0.333333 0.366667 0.400000 0.433333 0.466667 0.500000
0.533333 0.566667 0.600000 0.633333 0.666667 0.700000 0.733333 0.766667 0.800000 0.833333 0.866667 0.900000 0.933333 0.966667 1.000000 1.033333
1.066667</float_array><technique_common><accessor source="#Spine-Matrix-animation-input-array" count="33"><param name="TIME" type="float"/></accessor></technique_common></source><source id="Spine-Matrix-animation-output-transform"><float_array id="Spine-Matrix-animation-output-transform-array" count="528">

0.997346 0.071803 -0.012084 -0.000000 -0.072508 0.964218 -0.255003 9.226300 -0.006659 0.255202 0.966865 1.577100 0.000000 0.000000 0.000000 1.000000
0.997811 0.064699 -0.013662 0.000000 -0.066055 0.965664 -0.251257 9.226300 -0.003063 0.251610 0.967824 1.577100 0.000000 0.000000 0.000000 1.000000
0.998319 0.056238 -0.013998 0.000000 -0.057953 0.970157 -0.235452 9.226300 0.000338 0.235868 0.971785 1.577100 0.000000 0.000000 0.000000 1.000000
0.998770 0.046956 -0.015901 -0.000000 -0.049252 0.976428 -0.210149 9.226300 0.005659 0.210674 0.977540 1.577100 0.000000 0.000000 0.000000 1.000000
0.999142 0.036778 -0.019056 0.000000 -0.039589 0.983211 -0.178125 9.226300 0.012185 0.178727 0.983823 1.577100 0.000000 0.000000 0.000000 1.000000
0.999502 0.026706 -0.016827 0.000000 -0.028842 0.989290 -0.143083 9.226300 0.012826 0.143497 0.989568 1.577100 0.000000 0.000000 0.000000 1.000000
0.999776 0.018066 -0.010983 0.000000 -0.019228 0.992943 -0.117020 9.226300 0.008792 0.117205 0.993069 1.577100 0.000000 0.000000 0.000000 1.000000
0.999923 0.010173 -0.007175 0.000000 -0.010826 0.995151 -0.097758 9.226300 0.006146 0.097828 0.995184 1.577100 0.000000 0.000000 0.000000 1.000000
0.999970 0.006042 -0.004772 0.000000 -0.006451 0.995842 -0.090870 9.226300 0.004203 0.090898 0.995851 1.577100 0.000000 0.000000 0.000000 1.000000
0.999986 0.004095 -0.003298 -0.000000 -0.004398 0.995215 -0.097609 9.226300 0.002882 0.097622 0.995219 1.577100 0.000000 0.000000 0.000000 1.000000
0.999969 0.006269 0.004679 -0.000000 -0.005689 0.993349 -0.114998 9.226300 -0.005369 0.114968 0.993355 1.577100 0.000000 0.000000 0.000000 1.000000
0.999945 0.007616 0.007168 0.000000 -0.006567 0.990629 -0.136419 9.226300 -0.008140 0.136365 0.990625 1.577100 0.000000 0.000000 0.000000 1.000000
0.999953 0.001923 0.009540 0.000000 -0.000369 0.987071 -0.160285 9.226300 -0.009725 0.160274 0.987025 1.577100 0.000000 0.000000 0.000000 1.000000
0.999880 -0.005713 0.014397 0.000000 0.008285 0.982614 -0.185478 9.226300 -0.013087 0.185575 0.982543 1.577100 0.000000 0.000000 0.000000 1.000000
0.999759 -0.013217 0.017511 0.000000 0.016505 0.978946 -0.203452 9.226300 -0.014453 0.203692 0.978928 1.577100 0.000000 0.000000 0.000000 1.000000
0.999523 -0.021516 0.022149 0.000000 0.025820 0.975760 -0.217313 9.226300 -0.016936 0.217781 0.975851 1.577100 0.000000 0.000000 0.000000 1.000000
0.999224 -0.027185 0.028505 0.000000 0.032976 0.973129 -0.227885 9.226300 -0.021544 0.228649 0.973271 1.577100 0.000000 0.000000 0.000000 1.000000
0.999015 -0.029535 0.033128 0.000000 0.036299 0.973222 -0.226985 9.226300 -0.025537 0.227964 0.973335 1.577100 0.000000 0.000000 0.000000 1.000000
0.998773 -0.031387 0.038307 -0.000000 0.038976 0.975384 -0.217042 9.226300 -0.030552 0.218269 0.975410 1.577100 0.000000 0.000000 0.000000 1.000000
0.998646 -0.028843 0.043297 0.000000 0.037094 0.978298 -0.203856 9.226300 -0.036477 0.205186 0.978043 1.577100 0.000000 0.000000 0.000000 1.000000
0.998595 -0.023666 0.047407 0.000000 0.032199 0.981598 -0.188224 9.226300 -0.042080 0.189487 0.980981 1.577100 0.000000 0.000000 0.000000 1.000000
0.998448 -0.018729 0.052457 0.000000 0.027540 0.984600 -0.172641 9.226300 -0.048415 0.173817 0.983587 1.577100 0.000000 0.000000 0.000000 1.000000
0.998202 -0.012581 0.058603 0.000000 0.021808 0.986944 -0.159580 9.226300 -0.055831 0.160571 0.985444 1.577100 0.000000 0.000000 0.000000 1.000000
0.997876 -0.006146 0.064846 0.000000 0.015660 0.988977 -0.147239 9.226300 -0.063226 0.147942 0.986973 1.577100 0.000000 0.000000 0.000000 1.000000
0.997559 -0.000292 0.069829 0.000000 0.009657 0.990960 -0.133811 9.226300 -0.069159 0.134159 0.988544 1.577100 0.000000 0.000000 0.000000 1.000000
0.997245 0.005616 0.073969 0.000000 0.003408 0.992609 -0.121310 9.226300 -0.074104 0.121227 0.989855 1.577100 0.000000 0.000000 0.000000 1.000000
0.996969 0.010692 0.077060 0.000000 -0.001897 0.993557 -0.113317 9.226300 -0.077775 0.112827 0.990566 1.577100 0.000000 0.000000 0.000000 1.000000
0.996805 0.014355 0.078576 0.000000 -0.005697 0.993990 -0.109325 9.226300 -0.079673 0.108528 0.990896 1.577100 0.000000 0.000000 0.000000 1.000000
0.996712 0.017110 0.079205 0.000000 -0.008551 0.994204 -0.107166 9.226300 -0.080579 0.106137 0.991081 1.577100 0.000000 0.000000 0.000000 1.000000
0.996646 0.019303 0.079527 0.000000 -0.010879 0.994410 -0.105026 9.226300 -0.081109 0.103809 0.991285 1.577100 0.000000 0.000000 0.000000 1.000000
0.996597 0.020879 0.079744 0.000000 -0.012586 0.994589 -0.103120 9.226300 -0.081466 0.101766 0.991467 1.577100 0.000000 0.000000 0.000000 1.000000
0.996576 0.021697 0.079788 0.000000 -0.013489 0.994691 -0.102016 9.226300 -0.081578 0.100591 0.991578 1.577100 0.000000 0.000000 0.000000 1.000000
0.996594 0.021689 0.079559 -0.000000 -0.013558 0.994758 -0.101358 9.226300 -0.081340 0.099934 0.991664 1.577100 0.000000 0.000000 0.000000 1.000000</float_array><technique_common><accessor source="#Spine-Matrix-animation-output-transform-array" count="33" stride="16"><param type="float4x4"/></accessor></technique_common></source><source id="Spine-Interpolations"><Name_array id="Spine-Interpolations-array" count="33">
 LINEAR LINEAR LINEAR LINEAR LINEAR LINEAR LINEAR LINEAR LINEAR LINEAR LINEAR
LINEAR LINEAR LINEAR LINEAR LINEAR LINEAR LINEAR LINEAR LINEAR LINEAR LINEAR LINEAR
LINEAR LINEAR LINEAR LINEAR LINEAR LINEAR LINEAR LINEAR LINEAR LINEAR</Name_array><technique_common><accessor source="#Spine-Interpolations-array" count="33"><param type="name"/></accessor></technique_common></source><sampler id="Spine-Matrix-animation-transform"><input semantic="INPUT" source="#Spine-Matrix-animation-input"/><input semantic="OUTPUT" source="#Spine-Matrix-animation-output-transform"/><input semantic="INTERPOLATION" source="#Spine-Interpolations"/></sampler><channel source="#Spine-Matrix-animation-transform" target="Spine/matrix"/></animation>
    <animation id="Spine1-anim" name="Spine1"><source id="Spine1-Matrix-animation-input"><float_array id="Spine1-Matrix-animation-input-array" count="33">

0.000000 0.033333 0.066667 0.100000 0.133333 0.166667 0.200000 0.233333 0.266667 0.300000 0.333333 0.366667 0.400000 0.433333 0.466667 0.500000
0.533333 0.566667 0.600000 0.633333 0.666667 0.700000 0.733333 0.766667 0.800000 0.833333 0.866667 0.900000 0.933333 0.966667 1.000000 1.033333
1.066667</float_array><technique_common><accessor source="#Spine1-Matrix-animation-input-array" count="33"><param name="TIME" type="float"/></accessor></technique_common></source><source id="Spine1-Matrix-animation-output-transform"><float_array id="Spine1-Matrix-animation-output-transform-array" count="528">

0.992710 0.116719 -0.030048 0.000000 -0.116320 0.862549 -0.492422 16.254000 -0.031557 0.492327 0.869838 -0.165600 0.000000 0.000000 0.000000 1.000000
0.994241 0.102314 -0.031891 0.000000 -0.104882 0.867783 -0.485749 16.254000 -0.022025 0.486296 0.873516 -0.165600 0.000000 0.000000 0.000000 1.000000
0.995958 0.084561 -0.030284 -0.000000 -0.089033 0.884882 -0.457227 16.254000 -0.011865 0.458075 0.888834 -0.165600 0.000000 0.000000 0.000000 1.000000
0.997346 0.065406 -0.031995 -0.000000 -0.072778 0.908887 -0.410643 16.254000 0.002221 0.411882 0.911235 -0.165600 0.000000 0.000000 0.000000 1.000000
0.998193 0.047042 -0.037380 -0.000000 -0.057178 0.934854 -0.350398 16.254000 0.018461 0.351903 0.935855 -0.165600 0.000000 0.000000 0.000000 1.000000
0.998845 0.033955 -0.033992 0.000000 -0.042206 0.958155 -0.283123 16.254000 0.022956 0.284230 0.958481 -0.165600 0.000000 0.000000 0.000000 1.000000
0.999398 0.026030 -0.022928 0.000000 -0.030651 0.972150 -0.232345 16.254000 0.016241 0.232908 0.972363 -0.165600 0.000000 0.000000 0.000000 1.000000
0.999742 0.018761 -0.012822 0.000000 -0.020898 0.980676 -0.194519 16.254000 0.008925 0.194737 0.980815 -0.165600 0.000000 0.000000 0.000000 1.000000
0.999879 0.014260 -0.006217 -0.000000 -0.015150 0.983374 -0.180956 16.254000 0.003534 0.181028 0.983472 -0.165600 0.000000 0.000000 0.000000 1.000000
0.999914 0.012883 -0.002612 -0.000000 -0.013145 0.980861 -0.194267 16.254000 0.000059 0.194284 0.980945 -0.165600 0.000000 0.000000 0.000000 1.000000
0.999795 0.015811 0.012674 0.000000 -0.012497 0.973459 -0.228522 16.254000 -0.015951 0.228316 0.973456 -0.165600 0.000000 0.000000 0.000000 1.000000
0.999733 0.015609 0.017058 -0.000000 -0.010419 0.962713 -0.270323 16.254000 -0.020642 0.270073 0.962618 -0.165600 0.000000 0.000000 0.000000 1.000000
0.999742 0.002290 0.022616 -0.000000 0.004984 0.948627 -0.316356 16.254000 -0.022178 0.316387 0.948371 -0.165600 0.000000 0.000000 0.000000 1.000000
0.999330 -0.014946 0.033418 0.000000 0.026102 0.930959 -0.364189 16.254000 -0.025667 0.364817 0.930725 -0.165600 0.000000 0.000000 0.000000 1.000000
0.998648 -0.031689 0.041211 -0.000000 0.045492 0.916374 -0.397731 16.254000 -0.025160 0.399068 0.916576 -0.165600 0.000000 0.000000 0.000000 1.000000
0.997459 -0.048185 0.052479 0.000000 0.065915 0.903690 -0.423083 16.254000 -0.027038 0.425467 0.904570 -0.165600 0.000000 0.000000 0.000000 1.000000
0.996106 -0.058012 0.066383 -0.000000 0.081482 0.893296 -0.442022 16.254000 -0.033657 0.445710 0.894544 -0.165600 0.000000 0.000000 0.000000 1.000000
0.995252 -0.061088 0.075778 0.000000 0.088352 0.893646 -0.439990 16.254000 -0.040841 0.444596 0.894800 -0.165600 0.000000 0.000000 0.000000 1.000000
0.994409 -0.061930 0.085533 -0.000000 0.092426 0.902191 -0.421318 16.254000 -0.051075 0.426867 0.902871 -0.165600 0.000000 0.000000 0.000000 1.000000
0.994134 -0.053873 0.093784 0.000000 0.086948 0.913800 -0.396748 16.254000 -0.064325 0.402575 0.913124 -0.165600 0.000000 0.000000 0.000000 1.000000
0.994131 -0.041140 0.100058 0.000000 0.075356 0.926932 -0.367585 16.254000 -0.077624 0.372967 0.924592 -0.165600 0.000000 0.000000 0.000000 1.000000
0.993664 -0.029131 0.108552 0.000000 0.064471 0.938861 -0.338208 16.254000 -0.092063 0.343063 0.934790 -0.165600 0.000000 0.000000 0.000000 1.000000
0.992720 -0.015554 0.119436 0.000000 0.052565 0.948155 -0.313432 16.254000 -0.108369 0.317428 0.942070 -0.165600 0.000000 0.000000 0.000000 1.000000
0.991425 -0.001791 0.130665 0.000000 0.039943 0.956204 -0.289964 16.254000 -0.124423 0.292696 0.948076 -0.165600 0.000000 0.000000 0.000000 1.000000
0.990145 0.010307 0.139665 0.000000 0.027250 0.964047 -0.264330 16.254000 -0.137368 0.265531 0.954266 -0.165600 0.000000 0.000000 0.000000 1.000000
0.988862 0.021985 0.147206 -0.000000 0.014211 0.970566 -0.240415 16.254000 -0.148158 0.239829 0.959443 -0.165600 0.000000 0.000000 0.000000 1.000000
0.987733 0.031882 0.152861 -0.000000 0.003399 0.974313 -0.225174 16.254000 -0.156113 0.222932 0.962253 -0.165600 0.000000 0.000000 0.000000 1.000000
0.987059 0.039018 0.155539 -0.000000 -0.004286 0.976018 -0.217646 16.254000 -0.160301 0.214163 0.963555 -0.165600 0.000000 0.000000 0.000000 1.000000
0.986674 0.044385 0.156539 0.000000 -0.010050 0.976861 -0.213638 16.254000 -0.162399 0.209218 0.964290 -0.165600 0.000000 0.000000 0.000000 1.000000
0.986401 0.048605 0.157008 -0.000000 -0.014809 0.977670 -0.209622 16.254000 -0.163690 0.204447 0.965094 -0.165600 0.000000 0.000000 0.000000 1.000000
0.986196 0.051611 0.157336 0.000000 -0.018335 0.978377 -0.206017 16.254000 -0.164566 0.200288 0.965817 -0.165600 0.000000 0.000000 0.000000 1.000000
0.986106 0.053162 0.157380 0.000000 -0.020222 0.978779 -0.203920 16.254000 -0.164881 0.197904 0.966255 -0.165600 0.000000 0.000000 0.000000 1.000000
0.986177 0.053091 0.156961 0.000000 -0.020456 0.979041 -0.202631 16.254000 -0.164429 0.196620 0.966594 -0.165600 0.000000 0.000000 0.000000 1.000000</float_array><technique_common><accessor source="#Spine1-Matrix-animation-output-transform-array" count="33" stride="16"><param type="float4x4"/></accessor></technique_common></source><source id="Spine1-Interpolations"><Name_array id="Spine1-Interpolations-array" count="33">
 LINEAR LINEAR LINEAR LINEAR LINEAR LINEAR LINEAR LINEAR LINEAR LINEAR LINEAR
LINEAR LINEAR LINEAR LINEAR LINEAR LINEAR LINEAR LINEAR LINEAR LINEAR LINEAR LINEAR
LINEAR LINEAR LINEAR LINEAR LINEAR LINEAR LINEAR LINEAR LINEAR LINEAR</Name_array><technique_common><accessor source="#Spine1-Interpolations-array" count="33"><param type="name"/></accessor></technique_common></source><sampler id="Spine1-Matrix-animation-transform"><input semantic="INPUT" source="#Spine1-Matrix-animation-input"/><input semantic="OUTPUT" source="#Spine1-Matrix-animation-output-transform"/><input semantic="INTERPOLATION" source="#Spine1-Interpolations"/></sampler><channel source="#Spine1-Matrix-animation-transform" target="Spine1/matrix"/></animation>
    <animation id="Spine2-anim" name="Spine2"><source id="Spine2-Matrix-animation-input"><float_array id="Spine2-Matrix-animation-input-array" count="33">

0.000000 0.033333 0.066667 0.100000 0.133333 0.166667 0.200000 0.233333 0.266667 0.300000 0.333333 0.366667 0.400000 0.433333 0.466667 0.500000
0.533333 0.566667 0.600000 0.633333 0.666667 0.700000 0.733333 0.766667 0.800000 0.833333 0.866667 0.900000 0.933333 0.966667 1.000000 1.033333
1.066667</float_array><technique_common><accessor source="#Spine2-Matrix-animation-input-array" count="33"><param name="TIME" type="float"/></accessor></technique_common></source><source id="Spine2-Matrix-animation-output-transform"><float_array id="Spine2-Matrix-animation-output-transform-array" count="528">

0.992710 0.116719 -0.030048 -0.000000 -0.116320 0.862549 -0.492422 13.639600 -0.031557 0.492328 0.869838 -1.292300 0.000000 0.000000 0.000000 1.000000
0.994241 0.102314 -0.031891 -0.000000 -0.104882 0.867783 -0.485749 13.639600 -0.022024 0.486297 0.873516 -1.292300 0.000000 0.000000 0.000000 1.000000
0.995958 0.084561 -0.030284 -0.000000 -0.089033 0.884882 -0.457227 13.639600 -0.011865 0.458075 0.888834 -1.292300 0.000000 0.000000 0.000000 1.000000
0.997346 0.065406 -0.031995 -0.000000 -0.072778 0.908887 -0.410643 13.639600 0.002221 0.411882 0.911235 -1.292300 0.000000 0.000000 0.000000 1.000000
0.998193 0.047042 -0.037380 0.000000 -0.057178 0.934854 -0.350398 13.639600 0.018461 0.351903 0.935855 -1.292300 0.000000 0.000000 0.000000 1.000000
0.998845 0.033955 -0.033992 0.000000 -0.042206 0.958154 -0.283123 13.639600 0.022956 0.284231 0.958481 -1.292300 0.000000 0.000000 0.000000 1.000000
0.999398 0.026030 -0.022928 -0.000000 -0.030651 0.972150 -0.232345 13.639600 0.016241 0.232908 0.972363 -1.292300 0.000000 0.000000 0.000000 1.000000
0.999742 0.018761 -0.012822 0.000000 -0.020898 0.980676 -0.194519 13.639600 0.008925 0.194737 0.980815 -1.292300 0.000000 0.000000 0.000000 1.000000
0.999879 0.014260 -0.006217 0.000000 -0.015150 0.983374 -0.180956 13.639600 0.003533 0.181028 0.983472 -1.292300 0.000000 0.000000 0.000000 1.000000
0.999914 0.012883 -0.002612 0.000000 -0.013145 0.980861 -0.194267 13.639600 0.000059 0.194285 0.980945 -1.292300 0.000000 0.000000 0.000000 1.000000
0.999795 0.015811 0.012674 -0.000000 -0.012497 0.973459 -0.228522 13.639600 -0.015951 0.228316 0.973456 -1.292300 0.000000 0.000000 0.000000 1.000000
0.999733 0.015609 0.017058 0.000000 -0.010419 0.962713 -0.270323 13.639600 -0.020642 0.270073 0.962618 -1.292300 0.000000 0.000000 0.000000 1.000000
0.999742 0.002290 0.022616 0.000000 0.004984 0.948627 -0.316356 13.639600 -0.022178 0.316387 0.948371 -1.292300 0.000000 0.000000 0.000000 1.000000
0.999330 -0.014946 0.033418 -0.000000 0.026102 0.930959 -0.364189 13.639600 -0.025667 0.364817 0.930725 -1.292300 0.000000 0.000000 0.000000 1.000000
0.998648 -0.031689 0.041211 0.000000 0.045491 0.916374 -0.397730 13.639600 -0.025161 0.399067 0.916576 -1.292300 0.000000 0.000000 0.000000 1.000000
0.997459 -0.048185 0.052479 -0.000000 0.065915 0.903690 -0.423083 13.639600 -0.027038 0.425467 0.904570 -1.292300 0.000000 0.000000 0.000000 1.000000
0.996106 -0.058012 0.066383 0.000000 0.081482 0.893295 -0.442022 13.639600 -0.033657 0.445710 0.894544 -1.292300 0.000000 0.000000 0.000000 1.000000
0.995252 -0.061088 0.075778 -0.000000 0.088352 0.893646 -0.439990 13.639600 -0.040841 0.444596 0.894800 -1.292300 0.000000 0.000000 0.000000 1.000000
0.994409 -0.061930 0.085533 0.000000 0.092426 0.902191 -0.421318 13.639600 -0.051075 0.426867 0.902871 -1.292300 0.000000 0.000000 0.000000 1.000000
0.994134 -0.053874 0.093784 0.000000 0.086948 0.913800 -0.396748 13.639600 -0.064325 0.402575 0.913124 -1.292300 0.000000 0.000000 0.000000 1.000000
0.994131 -0.041140 0.100058 0.000000 0.075356 0.926932 -0.367584 13.639600 -0.077624 0.372967 0.924592 -1.292300 0.000000 0.000000 0.000000 1.000000
0.993664 -0.029131 0.108552 -0.000000 0.064472 0.938860 -0.338208 13.639600 -0.092063 0.343063 0.934790 -1.292300 0.000000 0.000000 0.000000 1.000000
0.992720 -0.015554 0.119436 0.000000 0.052565 0.948155 -0.313432 13.639600 -0.108369 0.317428 0.942070 -1.292300 0.000000 0.000000 0.000000 1.000000
0.991425 -0.001791 0.130665 0.000000 0.039943 0.956204 -0.289964 13.639600 -0.124423 0.292696 0.948076 -1.292300 0.000000 0.000000 0.000000 1.000000
0.990145 0.010306 0.139665 0.000000 0.027250 0.964047 -0.264330 13.639600 -0.137368 0.265531 0.954266 -1.292300 0.000000 0.000000 0.000000 1.000000
0.988862 0.021985 0.147206 -0.000000 0.014211 0.970566 -0.240415 13.639600 -0.148158 0.239829 0.959443 -1.292300 0.000000 0.000000 0.000000 1.000000
0.987733 0.031882 0.152861 0.000000 0.003399 0.974313 -0.225174 13.639600 -0.156114 0.222932 0.962253 -1.292300 0.000000 0.000000 0.000000 1.000000
0.987059 0.039018 0.155539 0.000000 -0.004286 0.976018 -0.217646 13.639600 -0.160301 0.214163 0.963555 -1.292300 0.000000 0.000000 0.000000 1.000000
0.986674 0.044385 0.156539 0.000000 -0.010050 0.976861 -0.213638 13.639600 -0.162399 0.209218 0.964290 -1.292300 0.000000 0.000000 0.000000 1.000000
0.986401 0.048605 0.157008 0.000000 -0.014809 0.977670 -0.209623 13.639600 -0.163690 0.204447 0.965094 -1.292300 0.000000 0.000000 0.000000 1.000000
0.986196 0.051611 0.157335 -0.000000 -0.018335 0.978377 -0.206017 13.639600 -0.164566 0.200288 0.965817 -1.292300 0.000000 0.000000 0.000000 1.000000
0.986106 0.053162 0.157380 -0.000000 -0.020222 0.978779 -0.203920 13.639600 -0.164881 0.197904 0.966255 -1.292300 0.000000 0.000000 0.000000 1.000000
0.986177 0.053091 0.156961 0.000000 -0.020456 0.979041 -0.202631 13.639600 -0.164429 0.196620 0.966594 -1.292300 0.000000 0.000000 0.000000 1.000000</float_array><technique_common><accessor source="#Spine2-Matrix-animation-output-transform-array" count="33" stride="16"><param type="float4x4"/></accessor></technique_common></source><source id="Spine2-Interpolations"><Name_array id="Spine2-Interpolations-array" count="33">
 LINEAR LINEAR LINEAR LINEAR LINEAR LINEAR LINEAR LINEAR LINEAR LINEAR LINEAR
LINEAR LINEAR LINEAR LINEAR LINEAR LINEAR LINEAR LINEAR LINEAR LINEAR LINEAR LINEAR
LINEAR LINEAR LINEAR LINEAR LINEAR LINEAR LINEAR LINEAR LINEAR LINEAR</Name_array><technique_common><accessor source="#Spine2-Interpolations-array" count="33"><param type="name"/></accessor></technique_common></source><sampler id="Spine2-Matrix-animation-transform"><input semantic="INPUT" source="#Spine2-Matrix-animation-input"/><input semantic="OUTPUT" source="#Spine2-Matrix-animation-output-transform"/><input semantic="INTERPOLATION" source="#Spine2-Interpolations"/></sampler><channel source="#Spine2-Matrix-animation-transform" target="Spine2/matrix"/></animation>
    <animation id="Neck-anim" name="Neck"><source id="Neck-Matrix-animation-input"><float_array id="Neck-Matrix-animation-input-array" count="33">

0.000000 0.033333 0.066667 0.100000 0.133333 0.166667 0.200000 0.233333 0.266667 0.300000 0.333333 0.366667 0.400000 0.433333 0.466667 0.500000
0.533333 0.566667 0.600000 0.633333 0.666667 0.700000 0.733333 0.766667 0.800000 0.833333 0.866667 0.900000 0.933333 0.966667 1.000000 1.033333
1.066667</float_array><technique_common><accessor source="#Neck-Matrix-animation-input-array" count="33"><param name="TIME" type="float"/></accessor></technique_common></source><source id="Neck-Matrix-animation-output-transform"><float_array id="Neck-Matrix-animation-output-transform-array" count="528">

0.990538 0.113187 0.077608 -0.000000 -0.110959 0.993295 -0.032457 13.877400 -0.080761 0.023538 0.996455 -4.354200 0.000000 0.000000 0.000000 1.000000
0.988507 0.125015 0.084999 0.000000 -0.123741 0.992111 -0.020110 13.877400 -0.086842 0.009361 0.996178 -4.354200 0.000000 0.000000 0.000000 1.000000
0.989344 0.116420 0.087437 0.000000 -0.116591 0.993175 -0.003174 13.877400 -0.087210 -0.007054 0.996165 -4.354200 0.000000 0.000000 0.000000 1.000000
0.990607 0.103072 0.089858 0.000000 -0.105025 0.994319 0.017277 13.877400 -0.087567 -0.026552 0.995805 -4.354200 0.000000 0.000000 0.000000 1.000000
0.990866 0.096324 0.094372 0.000000 -0.100025 0.994359 0.035293 13.877400 -0.090440 -0.044410 0.994911 -4.354200 0.000000 0.000000 0.000000 1.000000
0.991499 0.089221 0.094706 0.000000 -0.094241 0.994298 0.049911 13.877400 -0.089713 -0.058412 0.994253 -4.354200 0.000000 0.000000 0.000000 1.000000
0.994240 0.067827 0.082987 0.000000 -0.073218 0.995277 0.063747 13.877400 -0.078272 -0.069456 0.994510 -4.354200 0.000000 0.000000 0.000000 1.000000
0.997485 0.037795 0.059961 0.000000 -0.042569 0.995849 0.080455 13.877400 -0.056671 -0.082805 0.994953 -4.354200 0.000000 0.000000 0.000000 1.000000
0.999117 0.024434 0.034167 -0.000000 -0.028058 0.993540 0.109956 13.877400 -0.031260 -0.110817 0.993349 -4.354200 0.000000 0.000000 0.000000 1.000000
0.999191 0.038254 0.012388 -0.000000 -0.039799 0.984826 0.168921 13.877400 -0.005738 -0.169277 0.985552 -4.354200 0.000000 0.000000 0.000000 1.000000
0.997983 0.063377 -0.003714 0.000000 -0.060403 0.965902 0.251764 13.877400 0.019544 -0.251032 0.967782 -4.354200 0.000000 0.000000 0.000000 1.000000
0.997253 0.071541 -0.019195 0.000000 -0.061054 0.940641 0.333866 13.877400 0.041941 -0.331777 0.942425 -4.354200 0.000000 0.000000 0.000000 1.000000
0.997659 0.054677 -0.041069 0.000000 -0.034320 0.919803 0.390876 13.877400 0.059147 -0.388552 0.919527 -4.354200 0.000000 0.000000 0.000000 1.000000
0.997084 0.033417 -0.068608 -0.000000 -0.002115 0.910782 0.412881 13.877400 0.076284 -0.411532 0.908197 -4.354200 0.000000 0.000000 0.000000 1.000000
0.994988 0.028200 -0.095939 0.000000 0.013398 0.913169 0.407360 13.877400 0.099096 -0.406604 0.908214 -4.354200 0.000000 0.000000 0.000000 1.000000
0.991869 0.035400 -0.122244 -0.000000 0.014914 0.921585 0.387891 13.877400 0.126390 -0.386560 0.913563 -4.354200 0.000000 0.000000 0.000000 1.000000
0.988078 0.040205 -0.148614 -0.000000 0.015772 0.933787 0.357483 13.877400 0.153146 -0.355565 0.922019 -4.354200 0.000000 0.000000 0.000000 1.000000
0.984912 0.037010 -0.169049 0.000000 0.017674 0.950244 0.311005 13.877400 0.172148 -0.309301 0.935253 -4.354200 0.000000 0.000000 0.000000 1.000000
0.984250 0.028957 -0.174393 -0.000000 0.015700 0.968277 0.249387 13.877400 0.176082 -0.248197 0.952572 -4.354200 0.000000 0.000000 0.000000 1.000000
0.986386 0.020560 -0.163156 0.000000 0.010092 0.982715 0.184851 13.877400 0.164136 -0.183981 0.969129 -4.354200 0.000000 0.000000 0.000000 1.000000
0.989496 0.014149 -0.143868 0.000000 0.004797 0.991437 0.130501 13.877400 0.144482 -0.129821 0.980954 -4.354200 0.000000 0.000000 0.000000 1.000000
0.992008 0.009922 -0.125782 0.000000 0.002058 0.995498 0.094761 13.877400 0.126156 -0.094263 0.987522 -4.354200 0.000000 0.000000 0.000000 1.000000
0.993886 0.006149 -0.110239 0.000000 0.002545 0.996907 0.078553 13.877400 0.110381 -0.078353 0.990796 -4.354200 0.000000 0.000000 0.000000 1.000000
0.995653 0.002110 -0.093113 -0.000000 0.005148 0.996968 0.077639 13.877400 0.092995 -0.077781 0.992624 -4.354200 0.000000 0.000000 0.000000 1.000000
0.997312 -0.001014 -0.073267 -0.000000 0.007343 0.996254 0.086162 13.877400 0.072905 -0.086468 0.993583 -4.354200 0.000000 0.000000 0.000000 1.000000
0.998489 -0.002438 -0.054901 0.000000 0.007747 0.995283 0.096707 13.877400 0.054407 -0.096987 0.993798 -4.354200 0.000000 0.000000 0.000000 1.000000
0.999099 -0.002598 -0.042364 -0.000000 0.006905 0.994777 0.101839 13.877400 0.041878 -0.102040 0.993898 -4.354200 0.000000 0.000000 0.000000 1.000000
0.999364 -0.002144 -0.035596 -0.000000 0.005664 0.995061 0.099107 13.877400 0.035208 -0.099246 0.994440 -4.354200 0.000000 0.000000 0.000000 1.000000
0.999503 -0.001512 -0.031483 -0.000000 0.004412 0.995726 0.092256 13.877400 0.031209 -0.092349 0.995238 -4.354200 0.000000 0.000000 0.000000 1.000000
0.999612 -0.001063 -0.027819 0.000000 0.003450 0.996298 0.085896 13.877400 0.027625 -0.085958 0.995916 -4.354200 0.000000 0.000000 0.000000 1.000000
0.999694 -0.001081 -0.024694 0.000000 0.003082 0.996697 0.081152 13.877400 0.024525 -0.081203 0.996396 -4.354200 0.000000 0.000000 0.000000 1.000000
0.999737 -0.001805 -0.022862 -0.000000 0.003572 0.996985 0.077506 13.877400 0.022653 -0.077568 0.996730 -4.354200 0.000000 0.000000 0.000000 1.000000
0.999743 -0.003438 -0.022413 -0.000000 0.005113 0.997160 0.075132 13.877400 0.022091 -0.075228 0.996922 -4.354200 0.000000 0.000000 0.000000 1.000000</float_array><technique_common><accessor source="#Neck-Matrix-animation-output-transform-array" count="33" stride="16"><param type="float4x4"/></accessor></technique_common></source><source id="Neck-Interpolations"><Name_array id="Neck-Interpolations-array" count="33">
 LINEAR LINEAR LINEAR LINEAR LINEAR LINEAR LINEAR LINEAR LINEAR LINEAR LINEAR
LINEAR LINEAR LINEAR LINEAR LINEAR LINEAR LINEAR LINEAR LINEAR LINEAR LINEAR LINEAR
LINEAR LINEAR LINEAR LINEAR LINEAR LINEAR LINEAR LINEAR LINEAR LINEAR</Name_array><technique_common><accessor source="#Neck-Interpolations-array" count="33"><param type="name"/></accessor></technique_common></source><sampler id="Neck-Matrix-animation-transform"><input semantic="INPUT" source="#Neck-Matrix-animation-input"/><input semantic="OUTPUT" source="#Neck-Matrix-animation-output-transform"/><input semantic="INTERPOLATION" source="#Neck-Interpolations"/></sampler><channel source="#Neck-Matrix-animation-transform" target="Neck/matrix"/></animation>
    <animation id="Neck1-anim" name="Neck1"><source id="Neck1-Matrix-animation-input"><float_array id="Neck1-Matrix-animation-input-array" count="33">

0.000000 0.033333 0.066667 0.100000 0.133333 0.166667 0.200000 0.233333 0.266667 0.300000 0.333333 0.366667 0.400000 0.433333 0.466667 0.500000
0.533333 0.566667 0.600000 0.633333 0.666667 0.700000 0.733333 0.766667 0.800000 0.833333 0.866667 0.900000 0.933333 0.966667 1.000000 1.033333
1.066667</float_array><technique_common><accessor source="#Neck1-Matrix-animation-input-array" count="33"><param name="TIME" type="float"/></accessor></technique_common></source><source id="Neck1-Matrix-animation-output-transform"><float_array id="Neck1-Matrix-animation-output-transform-array" count="528">

1.000000 -0.000000 0.000000 0.000000 0.000000 1.000000 0.000000 4.340000 0.000000 -0.000000 1.000000 0.926900 0.000000 0.000000 0.000000 1.000000
1.000000 -0.000000 -0.000000 0.000000 0.000000 1.000000 -0.000000 4.340000 0.000000 0.000000 1.000000 0.926900 0.000000 0.000000 0.000000 1.000000
1.000000 0.000000 0.000000 0.000000 0.000000 1.000000 0.000000 4.340000 0.000000 0.000000 1.000000 0.926900 0.000000 0.000000 0.000000 1.000000
1.000000 0.000000 -0.000000 0.000000 -0.000000 1.000000 0.000000 4.340000 -0.000000 0.000000 1.000000 0.926900 0.000000 0.000000 0.000000 1.000000
1.000000 0.000000 0.000000 0.000000 -0.000000 1.000000 0.000000 4.340000 -0.000000 -0.000000 1.000000 0.926900 0.000000 0.000000 0.000000 1.000000
1.000000 0.000000 -0.000000 0.000000 -0.000000 1.000000 -0.000000 4.340000 0.000000 -0.000000 1.000000 0.926900 0.000000 0.000000 0.000000 1.000000
1.000000 0.000000 0.000000 -0.000000 0.000000 1.000000 0.000000 4.340000 -0.000000 -0.000000 1.000000 0.926900 0.000000 0.000000 0.000000 1.000000
1.000000 -0.000000 -0.000000 0.000000 -0.000000 1.000000 0.000000 4.340000 0.000000 0.000000 1.000000 0.926900 0.000000 0.000000 0.000000 1.000000
1.000000 0.000000 -0.000000 -0.000000 0.000000 1.000000 0.000000 4.340000 -0.000000 0.000000 1.000000 0.926900 0.000000 0.000000 0.000000 1.000000
1.000000 0.000000 0.000000 0.000000 -0.000000 1.000000 -0.000000 4.340000 0.000000 0.000000 1.000000 0.926900 0.000000 0.000000 0.000000 1.000000
1.000000 0.000000 0.000000 -0.000000 0.000000 1.000000 -0.000000 4.340000 -0.000000 -0.000000 1.000000 0.926900 0.000000 0.000000 0.000000 1.000000
1.000000 -0.000000 0.000000 0.000000 -0.000000 1.000000 0.000000 4.340000 0.000000 -0.000000 1.000000 0.926900 0.000000 0.000000 0.000000 1.000000
1.000000 0.000000 0.000000 0.000000 -0.000000 1.000000 0.000000 4.340000 -0.000000 0.000000 1.000000 0.926900 0.000000 0.000000 0.000000 1.000000
1.000000 -0.000000 0.000000 -0.000000 0.000000 1.000000 -0.000000 4.340000 -0.000000 -0.000000 1.000000 0.926900 0.000000 0.000000 0.000000 1.000000
1.000000 -0.000000 0.000000 0.000000 -0.000000 1.000000 0.000000 4.340000 -0.000000 -0.000000 1.000000 0.926900 0.000000 0.000000 0.000000 1.000000
1.000000 -0.000000 0.000000 -0.000000 -0.000000 1.000000 -0.000000 4.340000 0.000000 0.000000 1.000000 0.926900 0.000000 0.000000 0.000000 1.000000
1.000000 -0.000000 0.000000 0.000000 0.000000 1.000000 -0.000000 4.340000 0.000000 -0.000000 1.000000 0.926900 0.000000 0.000000 0.000000 1.000000
1.000000 0.000000 0.000000 -0.000000 0.000000 1.000000 -0.000000 4.340000 0.000000 -0.000000 1.000000 0.926900 0.000000 0.000000 0.000000 1.000000
1.000000 0.000000 0.000000 0.000000 0.000000 1.000000 0.000000 4.340000 0.000000 -0.000000 1.000000 0.926900 0.000000 0.000000 0.000000 1.000000
1.000000 0.000000 0.000000 0.000000 0.000000 1.000000 -0.000000 4.340000 0.000000 0.000000 1.000000 0.926900 0.000000 0.000000 0.000000 1.000000
1.000000 0.000000 0.000000 0.000000 0.000000 1.000000 0.000000 4.340000 -0.000000 -0.000000 1.000000 0.926900 0.000000 0.000000 0.000000 1.000000
1.000000 -0.000000 -0.000000 0.000000 0.000000 1.000000 -0.000000 4.340000 0.000000 0.000000 1.000000 0.926900 0.000000 0.000000 0.000000 1.000000
1.000000 -0.000000 0.000000 0.000000 0.000000 1.000000 0.000000 4.340000 -0.000000 0.000000 1.000000 0.926900 0.000000 0.000000 0.000000 1.000000
1.000000 0.000000 -0.000000 -0.000000 -0.000000 1.000000 -0.000000 4.340000 0.000000 0.000000 1.000000 0.926900 0.000000 0.000000 0.000000 1.000000
1.000000 0.000000 0.000000 -0.000000 0.000000 1.000000 -0.000000 4.340000 0.000000 0.000000 1.000000 0.926900 0.000000 0.000000 0.000000 1.000000
1.000000 0.000000 -0.000000 0.000000 -0.000000 1.000000 0.000000 4.340000 0.000000 -0.000000 1.000000 0.926900 0.000000 0.000000 0.000000 1.000000
1.000000 0.000000 -0.000000 0.000000 0.000000 1.000000 0.000000 4.340000 0.000000 0.000000 1.000000 0.926900 0.000000 0.000000 0.000000 1.000000
1.000000 -0.000000 -0.000000 0.000000 0.000000 1.000000 0.000000 4.340000 -0.000000 0.000000 1.000000 0.926900 0.000000 0.000000 0.000000 1.000000
1.000000 -0.000000 0.000000 0.000000 -0.000000 1.000000 0.000000 4.340000 0.000000 -0.000000 1.000000 0.926900 0.000000 0.000000 0.000000 1.000000
1.000000 0.000000 0.000000 -0.000000 0.000000 1.000000 -0.000000 4.340000 0.000000 0.000000 1.000000 0.926900 0.000000 0.000000 0.000000 1.000000
1.000000 -0.000000 0.000000 -0.000000 0.000000 1.000000 0.000000 4.340000 0.000000 -0.000000 1.000000 0.926900 0.000000 0.000000 0.000000 1.000000
1.000000 0.000000 0.000000 -0.000000 0.000000 1.000000 0.000000 4.340000 0.000000 0.000000 1.000000 0.926900 0.000000 0.000000 0.000000 1.000000
1.000000 -0.000000 0.000000 0.000000 0.000000 1.000000 0.000000 4.340000 -0.000000 -0.000000 1.000000 0.926900 0.000000 0.000000 0.000000 1.000000</float_array><technique_common><accessor source="#Neck1-Matrix-animation-output-transform-array" count="33" stride="16"><param type="float4x4"/></accessor></technique_common></source><source id="Neck1-Interpolations"><Name_array id="Neck1-Interpolations-array" count="33">
 LINEAR LINEAR LINEAR LINEAR LINEAR LINEAR LINEAR LINEAR LINEAR LINEAR LINEAR
LINEAR LINEAR LINEAR LINEAR LINEAR LINEAR LINEAR LINEAR LINEAR LINEAR LINEAR LINEAR
