<?xml version="1.0" encoding="utf-8"?>
<COLLADA xmlns="http://www.collada.org/2005/11/COLLADASchema" version="1.4.1">
  <asset><contributor><author>Mixamo</author><authoring_tool>COLLADA Mixamo exporter</authoring_tool><comments></comments></contributor><created>2018-12-18T20:52:17Z</created><modified>2018-12-18T20:52:17Z</modified><revision></revision><title></title><unit meter="0.010000"/><up_axis>Y_UP</up_axis></asset>
  <library_animations>
    <animation id="Hips-anim" name="Hips"><source id="Hips-Matrix-animation-input"><float_array id="Hips-Matrix-animation-input-array" count="36">

0.000000 0.033333 0.066667 0.100000 0.133333 0.166667 0.200000 0.233333 0.266667 0.300000 0.333333 0.366667 0.400000 0.433333 0.466667 0.500000
0.533333 0.566667 0.600000 0.633333 0.666667 0.700000 0.733333 0.766667 0.800000 0.833333 0.866667 0.900000 0.933333 0.966667 1.000000 1.033333
1.066667 1.100000 1.133333 1.166667</float_array><technique_common><accessor source="#Hips-Matrix-animation-input-array" count="36"><param name="TIME" type="float"/></accessor></technique_common></source><source id="Hips-Matrix-animation-output-transform"><float_array id="Hips-Matrix-animation-output-transform-array" count="576">

0.766973 0.127109 -0.628964 0.013565 0.023976 0.973823 0.226039 92.604515 0.641231 -0.188446 0.743849 -0.031823 0.000000 0.000000 0.000000 1.000000
0.766944 0.126915 -0.629038 0.021647 0.023952 0.973903 0.225698 92.599098 0.641266 -0.188165 0.743889 -0.037695 0.000000 0.000000 0.000000 1.000000
0.766781 0.126967 -0.629227 0.026257 0.023814 0.973942 0.225544 92.592888 0.641467 -0.187927 0.743776 -0.046874 0.000000 0.000000 0.000000 1.000000
0.766495 0.127279 -0.629513 0.023218 0.023577 0.973930 0.225622 92.586052 0.641818 -0.187780 0.743511 -0.056898 0.000000 0.000000 0.000000 1.000000
0.766171 0.127739 -0.629814 0.008600 0.023317 0.973874 0.225887 92.579865 0.642214 -0.187753 0.743175 -0.063256 0.000000 0.000000 0.000000 1.000000
0.765762 0.128276 -0.630202 -0.018805 0.023213 0.973755 0.226411 92.574791 0.642706 -0.188006 0.742687 -0.059745 0.000000 0.000000 0.000000 1.000000
0.765123 0.128929 -0.630845 -0.057691 0.023622 0.973468 0.227603 92.569000 0.643451 -0.189046 0.741776 -0.040192 0.000000 0.000000 0.000000 1.000000
0.764075 0.129719 -0.631951 -0.106709 0.024979 0.972893 0.229904 92.561775 0.644644 -0.191449 0.740123 -0.005548 0.000000 0.000000 0.000000 1.000000
0.762477 0.130486 -0.633721 -0.163268 0.027516 0.972027 0.233251 92.558807 0.646430 -0.195286 0.737558 0.030253 0.000000 0.000000 0.000000 1.000000
0.760675 0.131049 -0.635768 -0.220662 0.030919 0.970983 0.237140 92.569939 0.648397 -0.200044 0.734550 0.043156 0.000000 0.000000 0.000000 1.000000
0.759654 0.131460 -0.636902 -0.270795 0.034323 0.969886 0.241128 92.598999 0.649421 -0.205034 0.732266 0.009765 0.000000 0.000000 0.000000 1.000000
0.760232 0.131893 -0.636123 -0.309246 0.036870 0.968837 0.244941 92.636482 0.648605 -0.209665 0.731678 -0.078229 0.000000 0.000000 0.000000 1.000000
0.762331 0.132323 -0.633516 -0.336645 0.038233 0.967958 0.248185 92.664757 0.646057 -0.213420 0.732845 -0.206670 0.000000 0.000000 0.000000 1.000000
0.765206 0.132515 -0.629999 -0.355293 0.038518 0.967409 0.250272 92.672607 0.642632 -0.215776 0.735163 -0.349654 0.000000 0.000000 0.000000 1.000000
0.768075 0.132360 -0.626532 -0.366197 0.037906 0.967292 0.250818 92.662415 0.639237 -0.216396 0.737935 -0.487002 0.000000 0.000000 0.000000 1.000000
0.770532 0.132041 -0.623574 -0.369457 0.036543 0.967548 0.250031 92.642555 0.636353 -0.215444 0.740702 -0.608435 0.000000 0.000000 0.000000 1.000000
0.772608 0.131770 -0.621058 -0.364596 0.034655 0.968013 0.248495 92.617905 0.633937 -0.213512 0.743328 -0.707773 0.000000 0.000000 0.000000 1.000000
0.774483 0.131535 -0.618768 -0.350823 0.032611 0.968541 0.246707 92.590645 0.631753 -0.211249 0.745829 -0.781641 0.000000 0.000000 0.000000 1.000000
0.776204 0.131228 -0.616674 -0.329859 0.030791 0.969042 0.244968 92.566040 0.629730 -0.209133 0.748134 -0.831583 0.000000 0.000000 0.000000 1.000000
0.777675 0.130802 -0.614909 -0.306133 0.029447 0.969463 0.243464 92.551193 0.627977 -0.207443 0.750075 -0.861332 0.000000 0.000000 0.000000 1.000000
0.778784 0.130259 -0.613619 -0.282512 0.028627 0.969803 0.242202 92.548660 0.626638 -0.206189 0.751539 -0.871719 0.000000 0.000000 0.000000 1.000000
0.779409 0.129666 -0.612950 -0.258818 0.028114 0.970124 0.240973 92.554794 0.625884 -0.205049 0.752479 -0.859908 0.000000 0.000000 0.000000 1.000000
0.779381 0.129157 -0.613094 -0.234314 0.027586 0.970500 0.239518 92.564117 0.625943 -0.203589 0.752826 -0.822769 0.000000 0.000000 0.000000 1.000000
0.778526 0.128825 -0.614248 -0.209159 0.026928 0.970950 0.237764 92.572701 0.627034 -0.201646 0.752441 -0.759804 0.000000 0.000000 0.000000 1.000000
0.776848 0.128656 -0.616404 -0.183415 0.026273 0.971430 0.235869 92.579155 0.629139 -0.199429 0.751273 -0.674105 0.000000 0.000000 0.000000 1.000000
0.774704 0.128573 -0.619114 -0.156533 0.025733 0.971888 0.234035 92.583954 0.631800 -0.197239 0.749617 -0.573059 0.000000 0.000000 0.000000 1.000000
0.772594 0.128473 -0.621766 -0.127325 0.025267 0.972316 0.232301 92.588348 0.634397 -0.195185 0.747959 -0.464020 0.000000 0.000000 0.000000 1.000000
0.770738 0.128263 -0.624109 -0.093553 0.024824 0.972739 0.230568 92.593086 0.636669 -0.193200 0.746543 -0.347986 0.000000 0.000000 0.000000 1.000000
0.769313 0.127971 -0.625924 -0.060487 0.024490 0.973106 0.229053 92.597420 0.638403 -0.191543 0.745489 -0.243425 0.000000 0.000000 0.000000 1.000000
0.768562 0.127745 -0.626892 -0.039763 0.024342 0.973315 0.228180 92.599907 0.639312 -0.190630 0.744943 -0.181783 0.000000 0.000000 0.000000 1.000000
0.768181 0.127594 -0.627389 -0.027682 0.024279 0.973430 0.227696 92.601181 0.639772 -0.190144 0.744672 -0.147348 0.000000 0.000000 0.000000 1.000000
0.767864 0.127459 -0.627805 -0.017256 0.024224 0.973529 0.227277 92.602180 0.640155 -0.189725 0.744450 -0.117712 0.000000 0.000000 0.000000 1.000000
0.767604 0.127338 -0.628147 -0.008240 0.024179 0.973614 0.226918 92.602989 0.640468 -0.189371 0.744271 -0.092430 0.000000 0.000000 0.000000 1.000000
0.767372 0.127198 -0.628460 0.000510 0.024155 0.973696 0.226567 92.603661 0.640747 -0.189041 0.744114 -0.068023 0.000000 0.000000 0.000000 1.000000
0.767159 0.127044 -0.628750 0.009020 0.024148 0.973776 0.226223 92.604225 0.641002 -0.188732 0.743973 -0.044439 0.000000 0.000000 0.000000 1.000000
0.767049 0.126958 -0.628901 0.013546 0.024148 0.973819 0.226039 92.604515 0.641133 -0.188570 0.743901 -0.031904 0.000000 0.000000 0.000000 1.000000</float_array><technique_common><accessor source="#Hips-Matrix-animation-output-transform-array" count="36" stride="16"><param type="float4x4"/></accessor></technique_common></source><source id="Hips-Interpolations"><Name_array id="Hips-Interpolations-array" count="36">
 LINEAR LINEAR LINEAR LINEAR LINEAR LINEAR LINEAR LINEAR LINEAR LINEAR LINEAR
LINEAR LINEAR LINEAR LINEAR LINEAR LINEAR LINEAR LINEAR LINEAR LINEAR LINEAR LINEAR
LINEAR LINEAR LINEAR LINEAR LINEAR LINEAR LINEAR LINEAR LINEAR LINEAR LINEAR LINEAR
LINEAR</Name_array><technique_common><accessor source="#Hips-Interpolations-array" count="36"><param type="name"/></accessor></technique_common></source><sampler id="Hips-Matrix-animation-transform"><input semantic="INPUT" source="#Hips-Matrix-animation-input"/><input semantic="OUTPUT" source="#Hips-Matrix-animation-output-transform"/><input semantic="INTERPOLATION" source="#Hips-Interpolations"/></sampler><channel source="#Hips-Matrix-animation-transform" target="Hips/matrix"/></animation>
    <animation id="Spine-anim" name="Spine"><source id="Spine-Matrix-animation-input"><float_array id="Spine-Matrix-animation-input-array" count="36">

0.000000 0.033333 0.066667 0.100000 0.133333 0.166667 0.200000 0.233333 0.266667 0.300000 0.333333 0.366667 0.400000 0.433333 0.466667 0.500000
0.533333 0.566667 0.600000 0.633333 0.666667 0.700000 0.733333 0.766667 0.800000 0.833333 0.866667 0.900000 0.933333 0.966667 1.000000 1.033333
1.066667 1.100000 1.133333 1.166667</float_array><technique_common><accessor source="#Spine-Matrix-animation-input-array" count="36"><param name="TIME" type="float"/></accessor></technique_common></source><source id="Spine-Matrix-animation-output-transform"><float_array id="Spine-Matrix-animation-output-transform-array" count="576">

0.999997 0.002231 -0.001116 0.000000 -0.002365 0.990286 -0.139028 9.226300 0.000795 0.139030 0.990288 1.577100 0.000000 0.000000 0.000000 1.000000
0.999997 0.002008 -0.001504 0.000000 -0.002197 0.990286 -0.139030 9.226300 0.001211 0.139032 0.990287 1.577100 0.000000 0.000000 0.000000 1.000000
0.999997 0.001617 -0.001599 -0.000000 -0.001824 0.990286 -0.139037 9.226300 0.001358 0.139040 0.990286 1.577100 0.000000 0.000000 0.000000 1.000000
0.999998 0.001059 -0.001463 0.000000 -0.001252 0.990292 -0.138995 9.226300 0.001301 0.138997 0.990292 1.577100 0.000000 0.000000 0.000000 1.000000
0.999999 0.000499 -0.001442 0.000000 -0.000694 0.990309 -0.138881 9.226300 0.001358 0.138882 0.990308 1.577100 0.000000 0.000000 0.000000 1.000000
0.999998 -0.000022 -0.002128 0.000000 -0.000273 0.990349 -0.138594 9.226300 0.002110 0.138595 0.990347 1.577100 0.000000 0.000000 0.000000 1.000000
0.999993 -0.000881 -0.003690 -0.000000 0.000365 0.990470 -0.137726 9.226300 0.003776 0.137724 0.990463 1.577100 0.000000 0.000000 0.000000 1.000000
0.999981 -0.002408 -0.005612 -0.000000 0.001622 0.990696 -0.136087 9.226300 0.005888 0.136075 0.990681 1.577100 0.000000 0.000000 0.000000 1.000000
0.999963 -0.004173 -0.007525 0.000000 0.003124 0.990931 -0.134333 9.226300 0.008018 0.134305 0.990908 1.577100 0.000000 0.000000 0.000000 1.000000
0.999943 -0.005260 -0.009258 0.000000 0.003978 0.991054 -0.133399 9.226300 0.009877 0.133355 0.991019 1.577100 0.000000 0.000000 0.000000 1.000000
0.999934 -0.005178 -0.010268 0.000000 0.003761 0.991035 -0.133546 9.226300 0.010868 0.133499 0.990989 1.577100 0.000000 0.000000 0.000000 1.000000
0.999939 -0.004197 -0.010212 -0.000000 0.002786 0.990924 -0.134393 9.226300 0.010684 0.134356 0.990876 1.577100 0.000000 0.000000 0.000000 1.000000
0.999950 -0.002979 -0.009534 0.000000 0.001660 0.990778 -0.135483 9.226300 0.009849 0.135460 0.990734 1.577100 0.000000 0.000000 0.000000 1.000000
0.999958 -0.002174 -0.008879 0.000000 0.000942 0.990647 -0.136447 9.226300 0.009092 0.136433 0.990608 1.577100 0.000000 0.000000 0.000000 1.000000
0.999962 -0.002228 -0.008427 0.000000 0.001053 0.990577 -0.136956 9.226300 0.008653 0.136942 0.990541 1.577100 0.000000 0.000000 0.000000 1.000000
0.999963 -0.003253 -0.007944 -0.000000 0.002134 0.990576 -0.136947 9.226300 0.008315 0.136925 0.990547 1.577100 0.000000 0.000000 0.000000 1.000000
0.999962 -0.004932 -0.007222 0.000000 0.003899 0.990598 -0.136749 9.226300 0.007829 0.136716 0.990579 1.577100 0.000000 0.000000 0.000000 1.000000
0.999957 -0.006646 -0.006415 0.000000 0.005707 0.990596 -0.136697 9.226300 0.007263 0.136655 0.990592 1.577100 0.000000 0.000000 0.000000 1.000000
0.999952 -0.007783 -0.005899 -0.000000 0.006902 0.990569 -0.136840 9.226300 0.006908 0.136793 0.990576 1.577100 0.000000 0.000000 0.000000 1.000000
0.999950 -0.008075 -0.005852 -0.000000 0.007196 0.990529 -0.137115 9.226300 0.006904 0.137067 0.990538 1.577100 0.000000 0.000000 0.000000 1.000000
0.999952 -0.007719 -0.006096 -0.000000 0.006807 0.990477 -0.137511 9.226300 0.007100 0.137462 0.990482 1.577100 0.000000 0.000000 0.000000 1.000000
0.999956 -0.007025 -0.006271 -0.000000 0.006092 0.990417 -0.137976 9.226300 0.007180 0.137931 0.990416 1.577100 0.000000 0.000000 0.000000 1.000000
0.999964 -0.006020 -0.006015 0.000000 0.005130 0.990369 -0.138357 9.226300 0.006790 0.138321 0.990364 1.577100 0.000000 0.000000 0.000000 1.000000
0.999975 -0.004779 -0.005237 -0.000000 0.004008 0.990349 -0.138538 9.226300 0.005848 0.138514 0.990343 1.577100 0.000000 0.000000 0.000000 1.000000
0.999984 -0.003752 -0.004250 -0.000000 0.003126 0.990347 -0.138577 9.226300 0.004729 0.138561 0.990343 1.577100 0.000000 0.000000 0.000000 1.000000
0.999989 -0.003170 -0.003430 0.000000 0.002664 0.990349 -0.138569 9.226300 0.003836 0.138558 0.990347 1.577100 0.000000 0.000000 0.000000 1.000000
0.999992 -0.002584 -0.002888 -0.000000 0.002159 0.990353 -0.138548 9.226300 0.003218 0.138540 0.990352 1.577100 0.000000 0.000000 0.000000 1.000000
0.999996 -0.001487 -0.002536 0.000000 0.001121 0.990355 -0.138546 9.226300 0.002717 0.138543 0.990353 1.577100 0.000000 0.000000 0.000000 1.000000
0.999997 -0.000202 -0.002261 0.000000 -0.000113 0.990348 -0.138602 9.226300 0.002267 0.138602 0.990346 1.577100 0.000000 0.000000 0.000000 1.000000
0.999998 0.000577 -0.002047 0.000000 -0.000855 0.990337 -0.138681 9.226300 0.001947 0.138682 0.990335 1.577100 0.000000 0.000000 0.000000 1.000000
0.999998 0.000981 -0.001875 0.000000 -0.001232 0.990327 -0.138746 9.226300 0.001721 0.138748 0.990326 1.577100 0.000000 0.000000 0.000000 1.000000
0.999998 0.001321 -0.001713 0.000000 -0.001546 0.990319 -0.138805 9.226300 0.001513 0.138807 0.990318 1.577100 0.000000 0.000000 0.000000 1.000000
0.999998 0.001602 -0.001560 0.000000 -0.001803 0.990311 -0.138859 9.226300 0.001322 0.138861 0.990311 1.577100 0.000000 0.000000 0.000000 1.000000
0.999997 0.001862 -0.001390 0.000000 -0.002037 0.990302 -0.138915 9.226300 0.001117 0.138918 0.990303 1.577100 0.000000 0.000000 0.000000 1.000000
0.999997 0.002107 -0.001214 0.000000 -0.002256 0.990294 -0.138971 9.226300 0.000909 0.138973 0.990296 1.577100 0.000000 0.000000 0.000000 1.000000
0.999997 0.002236 -0.001116 -0.000000 -0.002369 0.990289 -0.139002 9.226300 0.000794 0.139004 0.990292 1.577100 0.000000 0.000000 0.000000 1.000000</float_array><technique_common><accessor source="#Spine-Matrix-animation-output-transform-array" count="36" stride="16"><param type="float4x4"/></accessor></technique_common></source><source id="Spine-Interpolations"><Name_array id="Spine-Interpolations-array" count="36">
 LINEAR LINEAR LINEAR LINEAR LINEAR LINEAR LINEAR LINEAR LINEAR LINEAR LINEAR
LINEAR LINEAR LINEAR LINEAR LINEAR LINEAR LINEAR LINEAR LINEAR LINEAR LINEAR LINEAR
LINEAR LINEAR LINEAR LINEAR LINEAR LINEAR LINEAR LINEAR LINEAR LINEAR LINEAR LINEAR
LINEAR</Name_array><technique_common><accessor source="#Spine-Interpolations-array" count="36"><param type="name"/></accessor></technique_common></source><sampler id="Spine-Matrix-animation-transform"><input semantic="INPUT" source="#Spine-Matrix-animation-input"/><input semantic="OUTPUT" source="#Spine-Matrix-animation-output-transform"/><input semantic="INTERPOLATION" source="#Spine-Interpolations"/></sampler><channel source="#Spine-Matrix-animation-transform" target="Spine/matrix"/></animation>
    <animation id="Spine1-anim" name="Spine1"><source id="Spine1-Matrix-animation-input"><float_array id="Spine1-Matrix-animation-input-array" count="36">

0.000000 0.033333 0.066667 0.100000 0.133333 0.166667 0.200000 0.233333 0.266667 0.300000 0.333333 0.366667 0.400000 0.433333 0.466667 0.500000
0.533333 0.566667 0.600000 0.633333 0.666667 0.700000 0.733333 0.766667 0.800000 0.833333 0.866667 0.900000 0.933333 0.966667 1.000000 1.033333
1.066667 1.100000 1.133333 1.166667</float_array><technique_common><accessor source="#Spine1-Matrix-animation-input-array" count="36"><param name="TIME" type="float"/></accessor></technique_common></source><source id="Spine1-Matrix-animation-output-transform"><float_array id="Spine1-Matrix-animation-output-transform-array" count="576">

0.999913 0.013020 -0.002113 0.000000 -0.013086 0.959158 -0.282567 16.254000 -0.001652 0.282570 0.959245 -0.165600 0.000000 0.000000 0.000000 1.000000
0.999915 0.012837 -0.002112 -0.000000 -0.012911 0.959162 -0.282562 16.254000 -0.001601 0.282566 0.959247 -0.165600 0.000000 0.000000 0.000000 1.000000
0.999917 0.012676 -0.002117 -0.000000 -0.012757 0.959161 -0.282571 16.254000 -0.001552 0.282575 0.959244 -0.165600 0.000000 0.000000 0.000000 1.000000
0.999919 0.012547 -0.002115 0.000000 -0.012634 0.959165 -0.282563 16.254000 -0.001517 0.282567 0.959246 -0.165600 0.000000 0.000000 0.000000 1.000000
0.999921 0.012355 -0.002104 0.000000 -0.012446 0.959240 -0.282320 16.254000 -0.001470 0.282324 0.959318 -0.165600 0.000000 0.000000 0.000000 1.000000
0.999926 0.012004 -0.002192 -0.000000 -0.012135 0.959435 -0.281670 16.254000 -0.001278 0.281675 0.959509 -0.165600 0.000000 0.000000 0.000000 1.000000
0.999929 0.011643 -0.002503 0.000000 -0.011878 0.959669 -0.280881 16.254000 -0.000868 0.280891 0.959739 -0.165600 0.000000 0.000000 0.000000 1.000000
0.999930 0.011425 -0.002963 0.000000 -0.011798 0.959807 -0.280414 16.254000 -0.000360 0.280430 0.959875 -0.165600 0.000000 0.000000 0.000000 1.000000
0.999933 0.011110 -0.003369 -0.000000 -0.011609 0.959839 -0.280312 16.254000 0.000120 0.280332 0.959903 -0.165600 0.000000 0.000000 0.000000 1.000000
0.999939 0.010485 -0.003592 0.000000 -0.011072 0.959848 -0.280301 16.254000 0.000508 0.280323 0.959906 -0.165600 0.000000 0.000000 0.000000 1.000000
0.999945 0.009871 -0.003638 0.000000 -0.010495 0.959861 -0.280279 16.254000 0.000725 0.280302 0.959912 -0.165600 0.000000 0.000000 0.000000 1.000000
0.999947 0.009675 -0.003584 0.000000 -0.010292 0.959850 -0.280325 16.254000 0.000728 0.280347 0.959898 -0.165600 0.000000 0.000000 0.000000 1.000000
0.999945 0.009881 -0.003493 -0.000000 -0.010464 0.959793 -0.280513 16.254000 0.000581 0.280534 0.959844 -0.165600 0.000000 0.000000 0.000000 1.000000
0.999942 0.010211 -0.003409 0.000000 -0.010757 0.959698 -0.280826 16.254000 0.000404 0.280847 0.959753 -0.165600 0.000000 0.000000 0.000000 1.000000
0.999940 0.010453 -0.003350 -0.000000 -0.010973 0.959594 -0.281174 16.254000 0.000275 0.281194 0.959651 -0.165600 0.000000 0.000000 0.000000 1.000000
0.999939 0.010562 -0.003293 0.000000 -0.011062 0.959507 -0.281466 16.254000 0.000187 0.281486 0.959565 -0.165600 0.000000 0.000000 0.000000 1.000000
0.999939 0.010593 -0.003193 -0.000000 -0.011064 0.959453 -0.281653 16.254000 0.000080 0.281671 0.959511 -0.165600 0.000000 0.000000 0.000000 1.000000
0.999940 0.010545 -0.003029 -0.000000 -0.010971 0.959424 -0.281754 16.254000 -0.000065 0.281771 0.959482 -0.165600 0.000000 0.000000 0.000000 1.000000
0.999942 0.010379 -0.002852 0.000000 -0.010762 0.959407 -0.281820 16.254000 -0.000189 0.281835 0.959463 -0.165600 0.000000 0.000000 0.000000 1.000000
0.999944 0.010212 -0.002732 0.000000 -0.010568 0.959398 -0.281859 16.254000 -0.000257 0.281872 0.959452 -0.165600 0.000000 0.000000 0.000000 1.000000
0.999944 0.010257 -0.002684 -0.000000 -0.010598 0.959393 -0.281874 16.254000 -0.000316 0.281886 0.959448 -0.165600 0.000000 0.000000 0.000000 1.000000
0.999941 0.010532 -0.002669 -0.000000 -0.010857 0.959389 -0.281879 16.254000 -0.000408 0.281891 0.959446 -0.165600 0.000000 0.000000 0.000000 1.000000
0.999938 0.010850 -0.002639 0.000000 -0.011154 0.959384 -0.281884 16.254000 -0.000526 0.281896 0.959445 -0.165600 0.000000 0.000000 0.000000 1.000000
0.999935 0.011123 -0.002576 -0.000000 -0.011398 0.959375 -0.281905 16.254000 -0.000664 0.281916 0.959439 -0.165600 0.000000 0.000000 0.000000 1.000000
0.999931 0.011467 -0.002506 0.000000 -0.011708 0.959353 -0.281965 16.254000 -0.000830 0.281975 0.959421 -0.165600 0.000000 0.000000 0.000000 1.000000
0.999926 0.011939 -0.002471 0.000000 -0.012151 0.959320 -0.282059 16.254000 -0.000997 0.282068 0.959394 -0.165600 0.000000 0.000000 0.000000 1.000000
0.999921 0.012352 -0.002471 0.000000 -0.012548 0.959283 -0.282167 16.254000 -0.001115 0.282175 0.959362 -0.165600 0.000000 0.000000 0.000000 1.000000
0.999918 0.012533 -0.002474 0.000000 -0.012721 0.959249 -0.282274 16.254000 -0.001165 0.282283 0.959331 -0.165600 0.000000 0.000000 0.000000 1.000000
0.999918 0.012568 -0.002472 0.000000 -0.012755 0.959220 -0.282372 16.254000 -0.001177 0.282380 0.959302 -0.165600 0.000000 0.000000 0.000000 1.000000
0.999917 0.012608 -0.002472 0.000000 -0.012793 0.959202 -0.282431 16.254000 -0.001190 0.282439 0.959284 -0.165600 0.000000 0.000000 0.000000 1.000000
0.999917 0.012669 -0.002472 0.000000 -0.012852 0.959194 -0.282458 16.254000 -0.001207 0.282466 0.959277 -0.165600 0.000000 0.000000 0.000000 1.000000
0.999916 0.012733 -0.002472 0.000000 -0.012913 0.959188 -0.282474 16.254000 -0.001225 0.282483 0.959272 -0.165600 0.000000 0.000000 0.000000 1.000000
0.999915 0.012798 -0.002472 0.000000 -0.012975 0.959184 -0.282484 16.254000 -0.001244 0.282492 0.959269 -0.165600 0.000000 0.000000 0.000000 1.000000
0.999914 0.012875 -0.002472 -0.000000 -0.013049 0.959182 -0.282487 16.254000 -0.001266 0.282495 0.959268 -0.165600 0.000000 0.000000 0.000000 1.000000
0.999913 0.012958 -0.002472 -0.000000 -0.013129 0.959181 -0.282487 16.254000 -0.001289 0.282495 0.959268 -0.165600 0.000000 0.000000 0.000000 1.000000
0.999912 0.013005 -0.002472 0.000000 -0.013174 0.959181 -0.282486 16.254000 -0.001302 0.282494 0.959268 -0.165600 0.000000 0.000000 0.000000 1.000000</float_array><technique_common><accessor source="#Spine1-Matrix-animation-output-transform-array" count="36" stride="16"><param type="float4x4"/></accessor></technique_common></source><source id="Spine1-Interpolations"><Name_array id="Spine1-Interpolations-array" count="36">
 LINEAR LINEAR LINEAR LINEAR LINEAR LINEAR LINEAR LINEAR LINEAR LINEAR LINEAR
LINEAR LINEAR LINEAR LINEAR LINEAR LINEAR LINEAR LINEAR LINEAR LINEAR LINEAR LINEAR
LINEAR LINEAR LINEAR LINEAR LINEAR LINEAR LINEAR LINEAR LINEAR LINEAR LINEAR LINEAR
LINEAR</Name_array><technique_common><accessor source="#Spine1-Interpolations-array" count="36"><param type="name"/></accessor></technique_common></source><sampler id="Spine1-Matrix-animation-transform"><input semantic="INPUT" source="#Spine1-Matrix-animation-input"/><input semantic="OUTPUT" source="#Spine1-Matrix-animation-output-transform"/><input semantic="INTERPOLATION" source="#Spine1-Interpolations"/></sampler><channel source="#Spine1-Matrix-animation-transform" target="Spine1/matrix"/></animation>
    <animation id="Spine2-anim" name="Spine2"><source id="Spine2-Matrix-animation-input"><float_array id="Spine2-Matrix-animation-input-array" count="36">

0.000000 0.033333 0.066667 0.100000 0.133333 0.166667 0.200000 0.233333 0.266667 0.300000 0.333333 0.366667 0.400000 0.433333 0.466667 0.500000
0.533333 0.566667 0.600000 0.633333 0.666667 0.700000 0.733333 0.766667 0.800000 0.833333 0.866667 0.900000 0.933333 0.966667 1.000000 1.033333
1.066667 1.100000 1.133333 1.166667</float_array><technique_common><accessor source="#Spine2-Matrix-animation-input-array" count="36"><param name="TIME" type="float"/></accessor></technique_common></source><source id="Spine2-Matrix-animation-output-transform"><float_array id="Spine2-Matrix-animation-output-transform-array" count="576">

0.999915 0.012585 -0.003294 0.000000 -0.013003 0.959159 -0.282567 13.639600 -0.000396 0.282586 0.959242 -1.292300 0.000000 0.000000 0.000000 1.000000
0.999917 0.012424 -0.003293 0.000000 -0.012848 0.959163 -0.282562 13.639600 -0.000352 0.282581 0.959243 -1.292300 0.000000 0.000000 0.000000 1.000000
0.999919 0.012273 -0.003266 0.000000 -0.012696 0.959162 -0.282572 13.639600 -0.000336 0.282590 0.959241 -1.292300 0.000000 0.000000 0.000000 1.000000
0.999921 0.012148 -0.003201 -0.000000 -0.012557 0.959166 -0.282564 13.639600 -0.000362 0.282581 0.959243 -1.292300 0.000000 0.000000 0.000000 1.000000
0.999924 0.011958 -0.003154 -0.000000 -0.012363 0.959240 -0.282320 13.639600 -0.000350 0.282338 0.959315 -1.292300 0.000000 0.000000 0.000000 1.000000
0.999927 0.011606 -0.003245 0.000000 -0.012050 0.959435 -0.281672 13.639600 -0.000156 0.281691 0.959505 -1.292300 0.000000 0.000000 0.000000 1.000000
0.999930 0.011240 -0.003562 0.000000 -0.011788 0.959669 -0.280887 13.639600 0.000261 0.280909 0.959734 -1.292300 0.000000 0.000000 0.000000 1.000000
0.999931 0.011019 -0.004026 0.000000 -0.011706 0.959805 -0.280423 13.639600 0.000774 0.280451 0.959868 -1.292300 0.000000 0.000000 0.000000 1.000000
0.999933 0.010709 -0.004437 0.000000 -0.011524 0.959836 -0.280324 13.639600 0.001257 0.280356 0.959895 -1.292300 0.000000 0.000000 0.000000 1.000000
0.999938 0.010094 -0.004659 -0.000000 -0.010995 0.959845 -0.280315 13.639600 0.001642 0.280349 0.959897 -1.292300 0.000000 0.000000 0.000000 1.000000
0.999944 0.009484 -0.004702 -0.000000 -0.010422 0.959857 -0.280297 13.639600 0.001855 0.280330 0.959902 -1.292300 0.000000 0.000000 0.000000 1.000000
0.999946 0.009287 -0.004645 0.000000 -0.010217 0.959845 -0.280344 13.639600 0.001855 0.280376 0.959888 -1.292300 0.000000 0.000000 0.000000 1.000000
0.999945 0.009489 -0.004555 0.000000 -0.010386 0.959789 -0.280531 13.639600 0.001710 0.280563 0.959834 -1.292300 0.000000 0.000000 0.000000 1.000000
0.999942 0.009815 -0.004474 0.000000 -0.010676 0.959694 -0.280843 13.639600 0.001537 0.280874 0.959743 -1.292300 0.000000 0.000000 0.000000 1.000000
0.999940 0.010054 -0.004412 0.000000 -0.010889 0.959591 -0.281189 13.639600 0.001407 0.281220 0.959642 -1.292300 0.000000 0.000000 0.000000 1.000000
0.999939 0.010160 -0.004350 -0.000000 -0.010974 0.959504 -0.281482 13.639600 0.001314 0.281513 0.959557 -1.292300 0.000000 0.000000 0.000000 1.000000
0.999939 0.010188 -0.004251 -0.000000 -0.010973 0.959449 -0.281668 13.639600 0.001209 0.281697 0.959503 -1.292300 0.000000 0.000000 0.000000 1.000000
0.999940 0.010138 -0.004089 0.000000 -0.010879 0.959424 -0.281757 13.639600 0.001066 0.281785 0.959477 -1.292300 0.000000 0.000000 0.000000 1.000000
0.999943 0.009971 -0.003905 0.000000 -0.010667 0.959410 -0.281813 13.639600 0.000937 0.281839 0.959461 -1.292300 0.000000 0.000000 0.000000 1.000000
0.999945 0.009807 -0.003773 0.000000 -0.010472 0.959397 -0.281865 13.639600 0.000855 0.281889 0.959447 -1.292300 0.000000 0.000000 0.000000 1.000000
0.999945 0.009855 -0.003705 0.000000 -0.010500 0.959387 -0.281897 13.639600 0.000777 0.281920 0.959438 -1.292300 0.000000 0.000000 0.000000 1.000000
0.999942 0.010131 -0.003668 0.000000 -0.010754 0.959379 -0.281914 13.639600 0.000663 0.281937 0.959433 -1.292300 0.000000 0.000000 0.000000 1.000000
0.999939 0.010448 -0.003637 0.000000 -0.011049 0.959369 -0.281937 13.639600 0.000544 0.281960 0.959426 -1.292300 0.000000 0.000000 0.000000 1.000000
0.999936 0.010719 -0.003607 0.000000 -0.011301 0.959356 -0.281971 13.639600 0.000438 0.281993 0.959416 -1.292300 0.000000 0.000000 0.000000 1.000000
0.999932 0.011062 -0.003570 -0.000000 -0.011620 0.959340 -0.282013 13.639600 0.000305 0.282035 0.959404 -1.292300 0.000000 0.000000 0.000000 1.000000
0.999927 0.011531 -0.003531 0.000000 -0.012059 0.959316 -0.282078 13.639600 0.000135 0.282100 0.959385 -1.292300 0.000000 0.000000 0.000000 1.000000
0.999923 0.011942 -0.003511 0.000000 -0.012447 0.959283 -0.282171 13.639600 -0.000001 0.282193 0.959358 -1.292300 0.000000 0.000000 0.000000 1.000000
0.999920 0.012122 -0.003511 0.000000 -0.012620 0.959250 -0.282278 13.639600 -0.000054 0.282300 0.959326 -1.292300 0.000000 0.000000 0.000000 1.000000
0.999920 0.012163 -0.003513 0.000000 -0.012660 0.959220 -0.282376 13.639600 -0.000065 0.282397 0.959298 -1.292300 0.000000 0.000000 0.000000 1.000000
0.999919 0.012208 -0.003512 -0.000000 -0.012703 0.959203 -0.282433 13.639600 -0.000079 0.282455 0.959280 -1.292300 0.000000 0.000000 0.000000 1.000000
0.999919 0.012270 -0.003512 0.000000 -0.012763 0.959194 -0.282460 13.639600 -0.000098 0.282482 0.959273 -1.292300 0.000000 0.000000 0.000000 1.000000
0.999918 0.012334 -0.003512 -0.000000 -0.012823 0.959189 -0.282476 13.639600 -0.000116 0.282498 0.959268 -1.292300 0.000000 0.000000 0.000000 1.000000
0.999917 0.012397 -0.003512 -0.000000 -0.012884 0.959185 -0.282486 13.639600 -0.000133 0.282508 0.959265 -1.292300 0.000000 0.000000 0.000000 1.000000
0.999916 0.012469 -0.003512 -0.000000 -0.012953 0.959183 -0.282489 13.639600 -0.000154 0.282511 0.959264 -1.292300 0.000000 0.000000 0.000000 1.000000
0.999915 0.012544 -0.003512 0.000000 -0.013025 0.959182 -0.282489 13.639600 -0.000175 0.282511 0.959264 -1.292300 0.000000 0.000000 0.000000 1.000000
0.999915 0.012586 -0.003512 0.000000 -0.013065 0.959182 -0.282488 13.639600 -0.000187 0.282510 0.959264 -1.292300 0.000000 0.000000 0.000000 1.000000</float_array><technique_common><accessor source="#Spine2-Matrix-animation-output-transform-array" count="36" stride="16"><param type="float4x4"/></accessor></technique_common></source><source id="Spine2-Interpolations"><Name_array id="Spine2-Interpolations-array" count="36">
 LINEAR LINEAR LINEAR LINEAR LINEAR LINEAR LINEAR LINEAR LINEAR LINEAR LINEAR
LINEAR LINEAR LINEAR LINEAR LINEAR LINEAR LINEAR LINEAR LINEAR LINEAR LINEAR LINEAR
LINEAR LINEAR LINEAR LINEAR LINEAR LINEAR LINEAR LINEAR LINEAR LINEAR LINEAR LINEAR
LINEAR</Name_array><technique_common><accessor source="#Spine2-Interpolations-array" count="36"><param type="name"/></accessor></technique_common></source><sampler id="Spine2-Matrix-animation-transform"><input semantic="INPUT" source="#Spine2-Matrix-animation-input"/><input semantic="OUTPUT" source="#Spine2-Matrix-animation-output-transform"/><input semantic="INTERPOLATION" source="#Spine2-Interpolations"/></sampler><channel source="#Spine2-Matrix-animation-transform" target="Spine2/matrix"/></animation>
    <animation id="Neck-anim" name="Neck"><source id="Neck-Matrix-animation-input"><float_array id="Neck-Matrix-animation-input-array" count="36">

0.000000 0.033333 0.066667 0.100000 0.133333 0.166667 0.200000 0.233333 0.266667 0.300000 0.333333 0.366667 0.400000 0.433333 0.466667 0.500000
0.533333 0.566667 0.600000 0.633333 0.666667 0.700000 0.733333 0.766667 0.800000 0.833333 0.866667 0.900000 0.933333 0.966667 1.000000 1.033333
1.066667 1.100000 1.133333 1.166667</float_array><technique_common><accessor source="#Neck-Matrix-animation-input-array" count="36"><param name="TIME" type="float"/></accessor></technique_common></source><source id="Neck-Matrix-animation-output-transform"><float_array id="Neck-Matrix-animation-output-transform-array" count="576">

0.991382 -0.014493 0.130197 0.000000 0.015452 0.999860 -0.006358 13.877400 -0.130087 0.008315 0.991468 -4.354200 0.000000 0.000000 0.000000 1.000000
0.991312 -0.013562 0.130833 0.000000 0.014563 0.999872 -0.006696 13.877400 -0.130725 0.008543 0.991382 -4.354200 0.000000 0.000000 0.000000 1.000000
0.991216 -0.012183 0.131691 -0.000000 0.013224 0.999888 -0.007030 13.877400 -0.131590 0.008710 0.991266 -4.354200 0.000000 0.000000 0.000000 1.000000
0.991097 -0.010390 0.132734 0.000000 0.011450 0.999908 -0.007222 13.877400 -0.132647 0.008677 0.991125 -4.354200 0.000000 0.000000 0.000000 1.000000
0.990959 -0.008636 0.133886 -0.000000 0.009752 0.999923 -0.007683 13.877400 -0.133809 0.008919 0.990967 -4.354200 0.000000 0.000000 0.000000 1.000000
0.990788 -0.007441 0.135219 0.000000 0.008760 0.999920 -0.009161 13.877400 -0.135140 0.010261 0.990773 -4.354200 0.000000 0.000000 0.000000 1.000000
0.990592 -0.006987 0.136667 0.000000 0.008543 0.999905 -0.010800 13.877400 -0.136578 0.011866 0.990558 -4.354200 0.000000 0.000000 0.000000 1.000000
0.990444 -0.006959 0.137743 -0.000000 0.008323 0.999922 -0.009328 13.877400 -0.137667 0.010385 0.990424 -4.354200 0.000000 0.000000 0.000000 1.000000
0.990403 -0.006741 0.138045 -0.000000 0.007138 0.999972 -0.002386 13.877400 -0.138025 0.003348 0.990423 -4.354200 0.000000 0.000000 0.000000 1.000000
0.990477 -0.006309 0.137537 -0.000000 0.005279 0.999955 0.007851 13.877400 -0.137580 -0.007051 0.990466 -4.354200 0.000000 0.000000 0.000000 1.000000
0.990662 -0.006640 0.136180 -0.000000 0.004454 0.999856 0.016349 13.877400 -0.136269 -0.015590 0.990549 -4.354200 0.000000 0.000000 0.000000 1.000000
0.990942 -0.008590 0.134013 -0.000000 0.005962 0.999782 0.019995 13.877400 -0.134156 -0.019015 0.990778 -4.354200 0.000000 0.000000 0.000000 1.000000
0.991250 -0.011889 0.131460 0.000000 0.009402 0.999765 0.019523 13.877400 -0.131661 -0.018116 0.991129 -4.354200 0.000000 0.000000 0.000000 1.000000
0.991505 -0.015389 0.129151 -0.000000 0.013252 0.999761 0.017392 13.877400 -0.129388 -0.015533 0.991472 -4.354200 0.000000 0.000000 0.000000 1.000000
0.991662 -0.017825 0.127625 -0.000000 0.016036 0.999758 0.015036 13.877400 -0.127862 -0.012864 0.991708 -4.354200 0.000000 0.000000 0.000000 1.000000
0.991724 -0.018620 0.127032 -0.000000 0.017169 0.999774 0.012505 13.877400 -0.127236 -0.010220 0.991820 -4.354200 0.000000 0.000000 0.000000 1.000000
0.991733 -0.018214 0.127018 0.000000 0.017098 0.999805 0.009873 13.877400 -0.127173 -0.007619 0.991851 -4.354200 0.000000 0.000000 0.000000 1.000000
0.991731 -0.017446 0.127140 0.000000 0.016607 0.999833 0.007655 13.877400 -0.127252 -0.005480 0.991855 -4.354200 0.000000 0.000000 0.000000 1.000000
0.991734 -0.016806 0.127208 -0.000000 0.016182 0.999851 0.005937 13.877400 -0.127289 -0.003830 0.991858 -4.354200 0.000000 0.000000 0.000000 1.000000
0.991733 -0.016334 0.127272 0.000000 0.015930 0.999864 0.004193 13.877400 -0.127324 -0.002131 0.991859 -4.354200 0.000000 0.000000 0.000000 1.000000
0.991711 -0.015877 0.127502 -0.000000 0.015739 0.999874 0.002091 13.877400 -0.127519 -0.000067 0.991836 -4.354200 0.000000 0.000000 0.000000 1.000000
0.991678 -0.015581 0.127793 -0.000000 0.015713 0.999877 -0.000020 13.877400 -0.127777 0.002027 0.991801 -4.354200 0.000000 0.000000 0.000000 1.000000
0.991688 -0.016006 0.127665 0.000000 0.016338 0.999865 -0.001555 13.877400 -0.127623 0.003628 0.991816 -4.354200 0.000000 0.000000 0.000000 1.000000
0.991737 -0.016977 0.127159 0.000000 0.017439 0.999845 -0.002523 13.877400 -0.127096 0.004719 0.991879 -4.354200 0.000000 0.000000 0.000000 1.000000
0.991733 -0.017152 0.127165 -0.000000 0.017744 0.999836 -0.003529 13.877400 -0.127083 0.005756 0.991875 -4.354200 0.000000 0.000000 0.000000 1.000000
0.991634 -0.015951 0.128093 -0.000000 0.016706 0.999849 -0.004817 13.877400 -0.127997 0.006916 0.991750 -4.354200 0.000000 0.000000 0.000000 1.000000
0.991515 -0.014587 0.129173 0.000000 0.015476 0.999863 -0.005883 13.877400 -0.129069 0.007832 0.991605 -4.354200 0.000000 0.000000 0.000000 1.000000
0.991454 -0.014170 0.129685 0.000000 0.015115 0.999866 -0.006310 13.877400 -0.129578 0.008216 0.991535 -4.354200 0.000000 0.000000 0.000000 1.000000
0.991437 -0.014337 0.129799 0.000000 0.015288 0.999863 -0.006331 13.877400 -0.129690 0.008261 0.991520 -4.354200 0.000000 0.000000 0.000000 1.000000
0.991427 -0.014427 0.129864 0.000000 0.015376 0.999862 -0.006310 13.877400 -0.129755 0.008253 0.991512 -4.354200 0.000000 0.000000 0.000000 1.000000
0.991417 -0.014420 0.129937 -0.000000 0.015370 0.999862 -0.006315 13.877400 -0.129828 0.008258 0.991502 -4.354200 0.000000 0.000000 0.000000 1.000000
0.991409 -0.014417 0.129999 -0.000000 0.015368 0.999862 -0.006316 13.877400 -0.129890 0.008260 0.991494 -4.354200 0.000000 0.000000 0.000000 1.000000
0.991402 -0.014411 0.130057 -0.000000 0.015363 0.999862 -0.006318 13.877400 -0.129948 0.008261 0.991486 -4.354200 0.000000 0.000000 0.000000 1.000000
0.991394 -0.014405 0.130116 0.000000 0.015358 0.999862 -0.006319 13.877400 -0.130007 0.008263 0.991479 -4.354200 0.000000 0.000000 0.000000 1.000000
0.991387 -0.014406 0.130171 -0.000000 0.015358 0.999862 -0.006319 13.877400 -0.130062 0.008264 0.991471 -4.354200 0.000000 0.000000 0.000000 1.000000
0.991383 -0.014407 0.130201 -0.000000 0.015360 0.999862 -0.006319 13.877400 -0.130092 0.008264 0.991468 -4.354200 0.000000 0.000000 0.000000 1.000000</float_array><technique_common><accessor source="#Neck-Matrix-animation-output-transform-array" count="36" stride="16"><param type="float4x4"/></accessor></technique_common></source><source id="Neck-Interpolations"><Name_array id="Neck-Interpolations-array" count="36">
 LINEAR LINEAR LINEAR LINEAR LINEAR LINEAR LINEAR LINEAR LINEAR LINEAR LINEAR
LINEAR LINEAR LINEAR LINEAR LINEAR LINEAR LINEAR LINEAR LINEAR LINEAR LINEAR LINEAR
LINEAR LINEAR LINEAR LINEAR LINEAR LINEAR LINEAR LINEAR LINEAR LINEAR LINEAR LINEAR
LINEAR</Name_array><technique_common><accessor source="#Neck-Interpolations-array" count="36"><param type="name"/></accessor></technique_common></source><sampler id="Neck-Matrix-animation-transform"><input semantic="INPUT" source="#Neck-Matrix-animation-input"/><input semantic="OUTPUT" source="#Neck-Matrix-animation-output-transform"/><input semantic="INTERPOLATION" source="#Neck-Interpolations"/></sampler><channel source="#Neck-Matrix-animation-transform" target="Neck/matrix"/></animation>
    <animation id="Neck1-anim" name="Neck1"><source id="Neck1-Matrix-animation-input"><float_array id="Neck1-Matrix-animation-input-array" count="36">

0.000000 0.033333 0.066667 0.100000 0.133333 0.166667 0.200000 0.233333 0.266667 0.300000 0.333333 0.366667 0.400000 0.433333 0.466667 0.500000
0.533333 0.566667 0.600000 0.633333 0.666667 0.700000 0.733333 0.766667 0.800000 0.833333 0.866667 0.900000 0.933333 0.966667 1.000000 1.033333
1.066667 1.100000 1.133333 1.166667</float_array><technique_common><accessor source="#Neck1-Matrix-animation-input-array" count="36"><param name="TIME" type="float"/></accessor></technique_common></source><source id="Neck1-Matrix-animation-output-transform"><float_array id="Neck1-Matrix-animation-output-transform-array" count="576">

1.000000 0.000000 0.000000 0.000000 0.000000 1.000000 0.000000 4.340000 0.000000 -0.000000 1.000000 0.926900 0.000000 0.000000 0.000000 1.000000
1.000000 0.000000 0.000000 -0.000000 -0.000000 1.000000 0.000000 4.340000 0.000000 0.000000 1.000000 0.926900 0.000000 0.000000 0.000000 1.000000
1.000000 0.000000 0.000000 0.000000 -0.000000 1.000000 0.000000 4.340000 -0.000000 -0.000000 1.000000 0.926900 0.000000 0.000000 0.000000 1.000000
1.000000 0.000000 0.000000 0.000000 -0.000000 1.000000 0.000000 4.340000 0.000000 0.000000 1.000000 0.926900 0.000000 0.000000 0.000000 1.000000
1.000000 -0.000000 0.000000 0.000000 0.000000 1.000000 -0.000000 4.340000 -0.000000 0.000000 1.000000 0.926900 0.000000 0.000000 0.000000 1.000000
1.000000 0.000000 -0.000000 -0.000000 -0.000000 1.000000 -0.000000 4.340000 0.000000 -0.000000 1.000000 0.926900 0.000000 0.000000 0.000000 1.000000
1.000000 -0.000000 -0.000000 0.000000 -0.000000 1.000000 0.000000 4.340000 0.000000 0.000000 1.000000 0.926900 0.000000 0.000000 0.000000 1.000000
1.000000 0.000000 0.000000 -0.000000 0.000000 1.000000 0.000000 4.340000 0.000000 0.000000 1.000000 0.926900 0.000000 0.000000 0.000000 1.000000
1.000000 0.000000 0.000000 0.000000 0.000000 1.000000 0.000000 4.340000 -0.000000 -0.000000 1.000000 0.926900 0.000000 0.000000 0.000000 1.000000
1.000000 0.000000 0.000000 0.000000 0.000000 1.000000 0.000000 4.340000 0.000000 0.000000 1.000000 0.926900 0.000000 0.000000 0.000000 1.000000
1.000000 -0.000000 -0.000000 -0.000000 0.000000 1.000000 0.000000 4.340000 0.000000 0.000000 1.000000 0.926900 0.000000 0.000000 0.000000 1.000000
1.000000 -0.000000 -0.000000 0.000000 0.000000 1.000000 0.000000 4.340000 -0.000000 -0.000000 1.000000 0.926900 0.000000 0.000000 0.000000 1.000000
1.000000 0.000000 0.000000 -0.000000 -0.000000 1.000000 -0.000000 4.340000 -0.000000 0.000000 1.000000 0.926900 0.000000 0.000000 0.000000 1.000000
1.000000 0.000000 0.000000 0.000000 -0.000000 1.000000 0.000000 4.340000 -0.000000 0.000000 1.000000 0.926900 0.000000 0.000000 0.000000 1.000000
1.000000 0.000000 0.000000 0.000000 -0.000000 1.000000 0.000000 4.340000 0.000000 -0.000000 1.000000 0.926900 0.000000 0.000000 0.000000 1.000000
1.000000 0.000000 0.000000 0.000000 0.000000 1.000000 -0.000000 4.340000 -0.000000 -0.000000 1.000000 0.926900 0.000000 0.000000 0.000000 1.000000
1.000000 0.000000 0.000000 -0.000000 0.000000 1.000000 0.000000 4.340000 0.000000 -0.000000 1.000000 0.926900 0.000000 0.000000 0.000000 1.000000
1.000000 0.000000 0.000000 0.000000 -0.000000 1.000000 0.000000 4.340000 -0.000000 -0.000000 1.000000 0.926900 0.000000 0.000000 0.000000 1.000000
1.000000 0.000000 -0.000000 -0.000000 0.000000 1.000000 0.000000 4.340000 0.000000 -0.000000 1.000000 0.926900 0.000000 0.000000 0.000000 1.000000
1.000000 0.000000 -0.000000 0.000000 -0.000000 1.000000 0.000000 4.340000 0.000000 -0.000000 1.000000 0.926900 0.000000 0.000000 0.000000 1.000000
