<?xml version="1.0" encoding="utf-8"?>
<COLLADA xmlns="http://www.collada.org/2005/11/COLLADASchema" version="1.4.1">
  <asset><contributor><author>Mixamo</author><authoring_tool>COLLADA Mixamo exporter</authoring_tool><comments></comments></contributor><created>2018-12-18T20:46:57Z</created><modified>2018-12-18T20:46:57Z</modified><revision></revision><title></title><unit meter="0.010000"/><up_axis>Y_UP</up_axis></asset>
  <library_animations>
    <animation id="Hips-anim" name="Hips"><source id="Hips-Matrix-animation-input"><float_array id="Hips-Matrix-animation-input-array" count="64">

0.000000 0.033333 0.066667 0.100000 0.133333 0.166667 0.200000 0.233333 0.266667 0.300000 0.333333 0.366667 0.400000 0.433333 0.466667 0.500000
0.533333 0.566667 0.600000 0.633333 0.666667 0.700000 0.733333 0.766667 0.800000 0.833333 0.866667 0.900000 0.933333 0.966667 1.000000 1.033333
1.066667 1.100000 1.133333 1.166667 1.200000 1.233333 1.266667 1.300000 1.333333 1.366667 1.400000 1.433333 1.466667 1.500000 1.533333 1.566667
1.600000 1.633333 1.666667 1.700000 1.733333 1.766667 1.800000 1.833333 1.866667 1.900000 1.933333 1.966667 2.000000 2.033333 2.066667 2.100000</float_array><technique_common><accessor source="#Hips-Matrix-animation-input-array" count="64"><param name="TIME" type="float"/></accessor></technique_common></source><source id="Hips-Matrix-animation-output-transform"><float_array id="Hips-Matrix-animation-output-transform-array" count="1024">

0.570731 0.256365 -0.780091 -0.027079 -0.077996 0.962644 0.259295 90.497849 0.817424 -0.087144 0.569406 0.024168 0.000000 0.000000 0.000000 1.000000
0.570714 0.256860 -0.779941 -0.026382 -0.077981 0.962478 0.259914 90.497643 0.817437 -0.087516 0.569330 0.023511 0.000000 0.000000 0.000000 1.000000
0.570689 0.257390 -0.779785 -0.024479 -0.077967 0.962300 0.260574 90.497375 0.817456 -0.087910 0.569242 0.021870 0.000000 0.000000 0.000000 1.000000
0.570641 0.257962 -0.779631 -0.021206 -0.077955 0.962110 0.261282 90.497131 0.817491 -0.088322 0.569129 0.019214 0.000000 0.000000 0.000000 1.000000
0.570566 0.258575 -0.779483 -0.016653 -0.077947 0.961906 0.262033 90.496857 0.817544 -0.088749 0.568986 0.015577 0.000000 0.000000 0.000000 1.000000
0.570477 0.259221 -0.779333 -0.010944 -0.077941 0.961691 0.262824 90.496590 0.817607 -0.089193 0.568827 0.011047 0.000000 0.000000 0.000000 1.000000
0.570389 0.259896 -0.779173 -0.004152 -0.077934 0.961465 0.263649 90.496346 0.817669 -0.089658 0.568664 0.005596 0.000000 0.000000 0.000000 1.000000
0.570301 0.260597 -0.779003 0.003692 -0.077927 0.961230 0.264508 90.496010 0.817731 -0.090144 0.568498 -0.000726 0.000000 0.000000 0.000000 1.000000
0.570213 0.261323 -0.778825 0.012469 -0.077919 0.960986 0.265396 90.495689 0.817793 -0.090647 0.568328 -0.007801 0.000000 0.000000 0.000000 1.000000
0.570122 0.262070 -0.778640 0.022122 -0.077910 0.960733 0.266311 90.495384 0.817857 -0.091166 0.568153 -0.015540 0.000000 0.000000 0.000000 1.000000
0.570031 0.262836 -0.778448 0.032597 -0.077902 0.960473 0.267250 90.495102 0.817922 -0.091698 0.567975 -0.023906 0.000000 0.000000 0.000000 1.000000
0.569939 0.263619 -0.778251 0.043817 -0.077894 0.960206 0.268209 90.494774 0.817986 -0.092242 0.567794 -0.032848 0.000000 0.000000 0.000000 1.000000
0.569847 0.264416 -0.778048 0.055673 -0.077886 0.959934 0.269186 90.494431 0.818051 -0.092796 0.567610 -0.042318 0.000000 0.000000 0.000000 1.000000
0.569755 0.265224 -0.777840 0.068155 -0.077877 0.959657 0.270175 90.494133 0.818116 -0.093358 0.567424 -0.052294 0.000000 0.000000 0.000000 1.000000
0.569664 0.266039 -0.777629 0.081174 -0.077868 0.959375 0.271174 90.493782 0.818181 -0.093925 0.567237 -0.062738 0.000000 0.000000 0.000000 1.000000
0.569572 0.266864 -0.777413 0.094726 -0.077859 0.959090 0.272185 90.493454 0.818246 -0.094500 0.567048 -0.073620 0.000000 0.000000 0.000000 1.000000
0.569480 0.267696 -0.777194 0.108764 -0.077850 0.958801 0.273204 90.493141 0.818310 -0.095080 0.566858 -0.084871 0.000000 0.000000 0.000000 1.000000
0.569389 0.268524 -0.776975 0.123016 -0.077841 0.958512 0.274219 90.492767 0.818374 -0.095657 0.566669 -0.096269 0.000000 0.000000 0.000000 1.000000
0.569302 0.269333 -0.776759 0.137222 -0.077832 0.958228 0.275211 90.492416 0.818436 -0.096221 0.566484 -0.107631 0.000000 0.000000 0.000000 1.000000
0.569214 0.270150 -0.776540 0.151855 -0.077823 0.957941 0.276212 90.492081 0.818498 -0.096791 0.566298 -0.119294 0.000000 0.000000 0.000000 1.000000
0.569119 0.271045 -0.776298 0.168201 -0.077813 0.957624 0.277310 90.491669 0.818565 -0.097416 0.566093 -0.132388 0.000000 0.000000 0.000000 1.000000
0.569012 0.272060 -0.776021 0.187072 -0.077801 0.957264 0.278553 90.491264 0.818640 -0.098125 0.565862 -0.147497 0.000000 0.000000 0.000000 1.000000
0.568900 0.273137 -0.775725 0.207449 -0.077789 0.956880 0.279874 90.490799 0.818720 -0.098878 0.565616 -0.163810 0.000000 0.000000 0.000000 1.000000
0.568790 0.274195 -0.775432 0.227803 -0.077776 0.956501 0.281172 90.490334 0.818797 -0.099618 0.565374 -0.180088 0.000000 0.000000 0.000000 1.000000
0.568685 0.275202 -0.775153 0.247487 -0.077765 0.956138 0.282405 90.489914 0.818871 -0.100320 0.565142 -0.195807 0.000000 0.000000 0.000000 1.000000
0.568584 0.276159 -0.774886 0.266506 -0.077754 0.955791 0.283579 90.489456 0.818942 -0.100988 0.564920 -0.211028 0.000000 0.000000 0.000000 1.000000
0.568489 0.277073 -0.774629 0.284854 -0.077743 0.955459 0.284699 90.489059 0.819009 -0.101626 0.564709 -0.225725 0.000000 0.000000 0.000000 1.000000
0.568406 0.277934 -0.774382 0.302344 -0.077732 0.955145 0.285755 90.488663 0.819068 -0.102231 0.564514 -0.239760 0.000000 0.000000 0.000000 1.000000
0.568336 0.278731 -0.774147 0.318767 -0.077721 0.954852 0.286736 90.488297 0.819118 -0.102795 0.564340 -0.252908 0.000000 0.000000 0.000000 1.000000
0.568274 0.279460 -0.773929 0.333985 -0.077711 0.954583 0.287632 90.487961 0.819161 -0.103311 0.564182 -0.265085 0.000000 0.000000 0.000000 1.000000
0.568219 0.280115 -0.773733 0.347755 -0.077702 0.954341 0.288437 90.487663 0.819201 -0.103775 0.564040 -0.276115 0.000000 0.000000 0.000000 1.000000
0.568169 0.280690 -0.773561 0.359929 -0.077694 0.954128 0.289144 90.487404 0.819236 -0.104182 0.563914 -0.285839 0.000000 0.000000 0.000000 1.000000
0.568127 0.281179 -0.773415 0.370382 -0.077686 0.953946 0.289746 90.487160 0.819266 -0.104529 0.563806 -0.294184 0.000000 0.000000 0.000000 1.000000
0.568092 0.281576 -0.773296 0.378941 -0.077681 0.953798 0.290234 90.486969 0.819291 -0.104809 0.563718 -0.301009 0.000000 0.000000 0.000000 1.000000
0.568067 0.281872 -0.773207 0.385387 -0.077680 0.953688 0.290595 90.486832 0.819308 -0.105015 0.563654 -0.306176 0.000000 0.000000 0.000000 1.000000
0.568050 0.282058 -0.773151 0.389530 -0.077682 0.953619 0.290822 90.486755 0.819319 -0.105142 0.563614 -0.309506 0.000000 0.000000 0.000000 1.000000
0.568044 0.282130 -0.773129 0.391243 -0.077681 0.953592 0.290909 90.486717 0.819324 -0.105191 0.563598 -0.310867 0.000000 0.000000 0.000000 1.000000
0.568048 0.282079 -0.773145 0.390428 -0.077679 0.953611 0.290849 90.486740 0.819321 -0.105159 0.563608 -0.310229 0.000000 0.000000 0.000000 1.000000
0.568064 0.281888 -0.773203 0.387136 -0.077678 0.953682 0.290616 90.486855 0.819310 -0.105027 0.563649 -0.307621 0.000000 0.000000 0.000000 1.000000
0.568090 0.281550 -0.773307 0.381522 -0.077683 0.953808 0.290199 90.487045 0.819292 -0.104786 0.563720 -0.303133 0.000000 0.000000 0.000000 1.000000
0.568128 0.281073 -0.773452 0.373765 -0.077692 0.953986 0.289612 90.487259 0.819264 -0.104445 0.563824 -0.296889 0.000000 0.000000 0.000000 1.000000
0.568184 0.280471 -0.773630 0.363958 -0.077703 0.954210 0.288870 90.487587 0.819225 -0.104019 0.563960 -0.288972 0.000000 0.000000 0.000000 1.000000
0.568260 0.279756 -0.773833 0.352282 -0.077713 0.954474 0.287994 90.487976 0.819171 -0.103519 0.564130 -0.279561 0.000000 0.000000 0.000000 1.000000
0.568350 0.278951 -0.774057 0.339144 -0.077722 0.954770 0.287008 90.488365 0.819108 -0.102960 0.564324 -0.269026 0.000000 0.000000 0.000000 1.000000
0.568450 0.278065 -0.774302 0.324692 -0.077735 0.955095 0.285923 90.488815 0.819037 -0.102343 0.564539 -0.257477 0.000000 0.000000 0.000000 1.000000
0.568562 0.277060 -0.774580 0.308357 -0.077747 0.955461 0.284691 90.489296 0.818958 -0.101643 0.564780 -0.244465 0.000000 0.000000 0.000000 1.000000
0.568695 0.275877 -0.774905 0.289165 -0.077762 0.955891 0.283241 90.489883 0.818865 -0.100819 0.565063 -0.229121 0.000000 0.000000 0.000000 1.000000
0.568847 0.274515 -0.775277 0.267064 -0.077780 0.956382 0.281572 90.490501 0.818757 -0.099871 0.565387 -0.211446 0.000000 0.000000 0.000000 1.000000
0.569012 0.273046 -0.775675 0.243195 -0.077797 0.956909 0.279772 90.491295 0.818641 -0.098849 0.565735 -0.192317 0.000000 0.000000 0.000000 1.000000
0.569182 0.271533 -0.776081 0.218600 -0.077815 0.957448 0.277919 90.491898 0.818521 -0.097796 0.566091 -0.172602 0.000000 0.000000 0.000000 1.000000
0.569353 0.270002 -0.776489 0.193724 -0.077833 0.957989 0.276043 90.492607 0.818400 -0.096729 0.566449 -0.152691 0.000000 0.000000 0.000000 1.000000
0.569526 0.268460 -0.776897 0.168750 -0.077850 0.958530 0.274154 90.493248 0.818278 -0.095656 0.566807 -0.132743 0.000000 0.000000 0.000000 1.000000
0.569698 0.266925 -0.777300 0.143897 -0.077867 0.959064 0.272273 90.493843 0.818157 -0.094587 0.567162 -0.112876 0.000000 0.000000 0.000000 1.000000
0.569867 0.265419 -0.777692 0.119495 -0.077884 0.959585 0.270426 90.494522 0.818038 -0.093537 0.567507 -0.093335 0.000000 0.000000 0.000000 1.000000
0.570029 0.263962 -0.778069 0.095887 -0.077899 0.960085 0.268641 90.495102 0.817924 -0.092522 0.567838 -0.074415 0.000000 0.000000 0.000000 1.000000
0.570184 0.262574 -0.778425 0.073415 -0.077913 0.960558 0.266940 90.495621 0.817814 -0.091556 0.568153 -0.056436 0.000000 0.000000 0.000000 1.000000
0.570333 0.261274 -0.778752 0.052431 -0.077926 0.960998 0.265348 90.496117 0.817709 -0.090652 0.568449 -0.039659 0.000000 0.000000 0.000000 1.000000
0.570464 0.260086 -0.779054 0.033226 -0.077938 0.961398 0.263892 90.496552 0.817616 -0.089823 0.568714 -0.024305 0.000000 0.000000 0.000000 1.000000
0.570560 0.259030 -0.779336 0.016106 -0.077951 0.961753 0.262592 90.496948 0.817548 -0.089075 0.568930 -0.010578 0.000000 0.000000 0.000000 1.000000
0.570615 0.258121 -0.779597 0.001320 -0.077967 0.962058 0.261466 90.497261 0.817508 -0.088414 0.569090 0.001340 0.000000 0.000000 0.000000 1.000000
0.570643 0.257377 -0.779823 -0.010742 -0.077983 0.962308 0.260541 90.497505 0.817487 -0.087863 0.569205 0.011097 0.000000 0.000000 0.000000 1.000000
0.570659 0.256835 -0.779989 -0.019563 -0.077995 0.962490 0.259866 90.497711 0.817475 -0.087460 0.569285 0.018223 0.000000 0.000000 0.000000 1.000000
0.570676 0.256524 -0.780080 -0.024859 -0.078000 0.962593 0.259481 90.497803 0.817463 -0.087233 0.569338 0.022501 0.000000 0.000000 0.000000 1.000000
0.570731 0.256365 -0.780091 -0.027084 -0.077996 0.962644 0.259295 90.497780 0.817424 -0.087144 0.569406 0.024165 0.000000 0.000000 0.000000 1.000000</float_array><technique_common><accessor source="#Hips-Matrix-animation-output-transform-array" count="64" stride="16"><param type="float4x4"/></accessor></technique_common></source><source id="Hips-Interpolations"><Name_array id="Hips-Interpolations-array" count="64">
 LINEAR LINEAR LINEAR LINEAR LINEAR LINEAR LINEAR LINEAR LINEAR LINEAR LINEAR
LINEAR LINEAR LINEAR LINEAR LINEAR LINEAR LINEAR LINEAR LINEAR LINEAR LINEAR LINEAR
LINEAR LINEAR LINEAR LINEAR LINEAR LINEAR LINEAR LINEAR LINEAR LINEAR LINEAR LINEAR
LINEAR LINEAR LINEAR LINEAR LINEAR LINEAR LINEAR LINEAR LINEAR LINEAR LINEAR LINEAR
LINEAR LINEAR LINEAR LINEAR LINEAR LINEAR LINEAR LINEAR LINEAR LINEAR LINEAR LINEAR
LINEAR LINEAR LINEAR LINEAR LINEAR</Name_array><technique_common><accessor source="#Hips-Interpolations-array" count="64"><param type="name"/></accessor></technique_common></source><sampler id="Hips-Matrix-animation-transform"><input semantic="INPUT" source="#Hips-Matrix-animation-input"/><input semantic="OUTPUT" source="#Hips-Matrix-animation-output-transform"/><input semantic="INTERPOLATION" source="#Hips-Interpolations"/></sampler><channel source="#Hips-Matrix-animation-transform" target="Hips/matrix"/></animation>
    <animation id="Spine-anim" name="Spine"><source id="Spine-Matrix-animation-input"><float_array id="Spine-Matrix-animation-input-array" count="64">

0.000000 0.033333 0.066667 0.100000 0.133333 0.166667 0.200000 0.233333 0.266667 0.300000 0.333333 0.366667 0.400000 0.433333 0.466667 0.500000
0.533333 0.566667 0.600000 0.633333 0.666667 0.700000 0.733333 0.766667 0.800000 0.833333 0.866667 0.900000 0.933333 0.966667 1.000000 1.033333
1.066667 1.100000 1.133333 1.166667 1.200000 1.233333 1.266667 1.300000 1.333333 1.366667 1.400000 1.433333 1.466667 1.500000 1.533333 1.566667
1.600000 1.633333 1.666667 1.700000 1.733333 1.766667 1.800000 1.833333 1.866667 1.900000 1.933333 1.966667 2.000000 2.033333 2.066667 2.100000</float_array><technique_common><accessor source="#Spine-Matrix-animation-input-array" count="64"><param name="TIME" type="float"/></accessor></technique_common></source><source id="Spine-Matrix-animation-output-transform"><float_array id="Spine-Matrix-animation-output-transform-array" count="1024">

0.995448 -0.094235 0.014283 -0.000000 0.095161 0.974248 -0.204416 9.226300 0.005348 0.204845 0.978780 1.577100 0.000000 0.000000 0.000000 1.000000
0.995444 -0.094275 0.014253 0.000000 0.095193 0.974203 -0.204614 9.226300 0.005404 0.205039 0.978739 1.577100 0.000000 0.000000 0.000000 1.000000
0.995441 -0.094314 0.014212 -0.000000 0.095221 0.974137 -0.204914 9.226300 0.005482 0.205333 0.978677 1.577100 0.000000 0.000000 0.000000 1.000000
0.995437 -0.094361 0.014169 0.000000 0.095256 0.974049 -0.205315 9.226300 0.005572 0.205728 0.978593 1.577100 0.000000 0.000000 0.000000 1.000000
0.995433 -0.094410 0.014111 0.000000 0.095289 0.973937 -0.205829 9.226300 0.005689 0.206234 0.978486 1.577100 0.000000 0.000000 0.000000 1.000000
0.995430 -0.094460 0.014047 0.000000 0.095322 0.973820 -0.206369 9.226300 0.005814 0.206765 0.978373 1.577100 0.000000 0.000000 0.000000 1.000000
0.995426 -0.094505 0.013984 0.000000 0.095349 0.973683 -0.207002 9.226300 0.005947 0.207388 0.978241 1.577100 0.000000 0.000000 0.000000 1.000000
0.995423 -0.094546 0.013923 0.000000 0.095372 0.973522 -0.207746 9.226300 0.006087 0.208123 0.978084 1.577100 0.000000 0.000000 0.000000 1.000000
0.995420 -0.094588 0.013864 0.000000 0.095395 0.973342 -0.208580 9.226300 0.006235 0.208948 0.977907 1.577100 0.000000 0.000000 0.000000 1.000000
0.995417 -0.094616 0.013921 0.000000 0.095429 0.973161 -0.209404 9.226300 0.006265 0.209773 0.977730 1.577100 0.000000 0.000000 0.000000 1.000000
0.995413 -0.094638 0.014005 0.000000 0.095462 0.972956 -0.210342 9.226300 0.006281 0.210715 0.977527 1.577100 0.000000 0.000000 0.000000 1.000000
0.995410 -0.094657 0.014095 0.000000 0.095494 0.972749 -0.211285 9.226300 0.006289 0.211661 0.977323 1.577100 0.000000 0.000000 0.000000 1.000000
0.995409 -0.094658 0.014192 -0.000000 0.095509 0.972523 -0.212316 9.226300 0.006296 0.212696 0.977098 1.577100 0.000000 0.000000 0.000000 1.000000
0.995420 -0.094529 0.014287 0.000000 0.095396 0.972296 -0.213402 9.226300 0.006281 0.213788 0.976860 1.577100 0.000000 0.000000 0.000000 1.000000
0.995431 -0.094389 0.014400 -0.000000 0.095276 0.972071 -0.214477 9.226300 0.006247 0.214869 0.976623 1.577100 0.000000 0.000000 0.000000 1.000000
0.995444 -0.094234 0.014539 0.000000 0.095148 0.971835 -0.215599 9.226300 0.006187 0.216000 0.976374 1.577100 0.000000 0.000000 0.000000 1.000000
0.995457 -0.094072 0.014675 0.000000 0.095012 0.971581 -0.216801 9.226300 0.006137 0.217211 0.976105 1.577100 0.000000 0.000000 0.000000 1.000000
0.995471 -0.093906 0.014821 0.000000 0.094874 0.971328 -0.217993 9.226300 0.006074 0.218412 0.975838 1.577100 0.000000 0.000000 0.000000 1.000000
0.995485 -0.093733 0.014974 0.000000 0.094731 0.971077 -0.219168 9.226300 0.006002 0.219597 0.975572 1.577100 0.000000 0.000000 0.000000 1.000000
0.995499 -0.093554 0.015124 -0.000000 0.094582 0.970815 -0.220391 9.226300 0.005935 0.220830 0.975294 1.577100 0.000000 0.000000 0.000000 1.000000
0.995516 -0.093341 0.015320 0.000000 0.094410 0.970520 -0.221759 9.226300 0.005830 0.222211 0.974981 1.577100 0.000000 0.000000 0.000000 1.000000
0.995537 -0.093081 0.015583 0.000000 0.094206 0.970171 -0.223370 9.226300 0.005674 0.223841 0.974609 1.577100 0.000000 0.000000 0.000000 1.000000
0.995559 -0.092798 0.015864 -0.000000 0.093984 0.969802 -0.225059 9.226300 0.005500 0.225551 0.974216 1.577100 0.000000 0.000000 0.000000 1.000000
0.995581 -0.092503 0.016180 0.000000 0.093758 0.969419 -0.226795 9.226300 0.005294 0.227310 0.973808 1.577100 0.000000 0.000000 0.000000 1.000000
0.995603 -0.092206 0.016489 0.000000 0.093530 0.969058 -0.228426 9.226300 0.005083 0.228964 0.973422 1.577100 0.000000 0.000000 0.000000 1.000000
0.995626 -0.091902 0.016828 0.000000 0.093305 0.968689 -0.230078 9.226300 0.004843 0.230642 0.973027 1.577100 0.000000 0.000000 0.000000 1.000000
0.995648 -0.091592 0.017188 0.000000 0.093078 0.968326 -0.231690 9.226300 0.004578 0.232282 0.972638 1.577100 0.000000 0.000000 0.000000 1.000000
0.995670 -0.091293 0.017527 0.000000 0.092859 0.967983 -0.233209 9.226300 0.004325 0.233826 0.972269 1.577100 0.000000 0.000000 0.000000 1.000000
0.995690 -0.091000 0.017878 0.000000 0.092651 0.967652 -0.234659 9.226300 0.004055 0.235304 0.971913 1.577100 0.000000 0.000000 0.000000 1.000000
0.995710 -0.090709 0.018236 -0.000000 0.092448 0.967342 -0.236013 9.226300 0.003768 0.236686 0.971579 1.577100 0.000000 0.000000 0.000000 1.000000
0.995729 -0.090431 0.018582 0.000000 0.092255 0.967056 -0.237260 9.226300 0.003486 0.237961 0.971268 1.577100 0.000000 0.000000 0.000000 1.000000
0.995747 -0.090174 0.018903 0.000000 0.092078 0.966796 -0.238384 9.226300 0.003221 0.239111 0.970987 1.577100 0.000000 0.000000 0.000000 1.000000
0.995761 -0.089946 0.019231 0.000000 0.091931 0.966564 -0.239379 9.226300 0.002944 0.240132 0.970736 1.577100 0.000000 0.000000 0.000000 1.000000
0.995773 -0.089748 0.019542 0.000000 0.091812 0.966359 -0.240253 9.226300 0.002677 0.241031 0.970514 1.577100 0.000000 0.000000 0.000000 1.000000
0.995783 -0.089575 0.019832 0.000000 0.091712 0.966190 -0.240966 9.226300 0.002423 0.241769 0.970331 1.577100 0.000000 0.000000 0.000000 1.000000
0.995792 -0.089419 0.020086 0.000000 0.091621 0.966062 -0.241514 9.226300 0.002191 0.242338 0.970189 1.577100 0.000000 0.000000 0.000000 1.000000
0.995799 -0.089290 0.020279 -0.000000 0.091542 0.965984 -0.241859 9.226300 0.002006 0.242699 0.970099 1.577100 0.000000 0.000000 0.000000 1.000000
0.995805 -0.089180 0.020454 0.000000 0.091478 0.965953 -0.242005 9.226300 0.001824 0.242861 0.970059 1.577100 0.000000 0.000000 0.000000 1.000000
0.995810 -0.089098 0.020574 -0.000000 0.091427 0.965979 -0.241920 9.226300 0.001680 0.242787 0.970078 1.577100 0.000000 0.000000 0.000000 1.000000
0.995814 -0.089037 0.020684 -0.000000 0.091395 0.966062 -0.241600 9.226300 0.001530 0.242479 0.970155 1.577100 0.000000 0.000000 0.000000 1.000000
0.995813 -0.089018 0.020775 -0.000000 0.091400 0.966194 -0.241071 9.226300 0.001387 0.241961 0.970285 1.577100 0.000000 0.000000 0.000000 1.000000
0.995809 -0.089055 0.020819 0.000000 0.091447 0.966366 -0.240364 9.226300 0.001287 0.241261 0.970459 1.577100 0.000000 0.000000 0.000000 1.000000
0.995802 -0.089140 0.020801 0.000000 0.091526 0.966593 -0.239416 9.226300 0.001236 0.240315 0.970694 1.577100 0.000000 0.000000 0.000000 1.000000
0.995794 -0.089249 0.020719 0.000000 0.091614 0.966852 -0.238335 9.226300 0.001239 0.239231 0.970962 1.577100 0.000000 0.000000 0.000000 1.000000
0.995785 -0.089378 0.020604 0.000000 0.091713 0.967125 -0.237187 9.226300 0.001273 0.238077 0.971245 1.577100 0.000000 0.000000 0.000000 1.000000
0.995773 -0.089543 0.020458 0.000000 0.091841 0.967436 -0.235865 9.226300 0.001328 0.236747 0.971571 1.577100 0.000000 0.000000 0.000000 1.000000
0.995757 -0.089766 0.020245 0.000000 0.092009 0.967814 -0.234244 9.226300 0.001434 0.235113 0.971967 1.577100 0.000000 0.000000 0.000000 1.000000
0.995738 -0.090042 0.019979 0.000000 0.092218 0.968256 -0.232330 9.226300 0.001575 0.233182 0.972432 1.577100 0.000000 0.000000 0.000000 1.000000
0.995716 -0.090352 0.019671 0.000000 0.092452 0.968732 -0.230242 9.226300 0.001747 0.231074 0.972935 1.577100 0.000000 0.000000 0.000000 1.000000
0.995692 -0.090686 0.019320 -0.000000 0.092701 0.969220 -0.228077 9.226300 0.001958 0.228885 0.973451 1.577100 0.000000 0.000000 0.000000 1.000000
0.995667 -0.091039 0.018936 -0.000000 0.092961 0.969711 -0.225873 9.226300 0.002200 0.226655 0.973973 1.577100 0.000000 0.000000 0.000000 1.000000
0.995641 -0.091403 0.018536 0.000000 0.093231 0.970206 -0.223624 9.226300 0.002456 0.224378 0.974499 1.577100 0.000000 0.000000 0.000000 1.000000
0.995614 -0.091781 0.018125 0.000000 0.093514 0.970705 -0.221328 9.226300 0.002720 0.222052 0.975031 1.577100 0.000000 0.000000 0.000000 1.000000
0.995587 -0.092160 0.017699 0.000000 0.093796 0.971179 -0.219118 9.226300 0.003005 0.219811 0.975538 1.577100 0.000000 0.000000 0.000000 1.000000
0.995559 -0.092538 0.017268 -0.000000 0.094077 0.971644 -0.216929 9.226300 0.003295 0.217591 0.976035 1.577100 0.000000 0.000000 0.000000 1.000000
0.995532 -0.092910 0.016842 0.000000 0.094356 0.972084 -0.214823 9.226300 0.003588 0.215452 0.976508 1.577100 0.000000 0.000000 0.000000 1.000000
0.995505 -0.093279 0.016413 0.000000 0.094632 0.972508 -0.212776 9.226300 0.003885 0.213372 0.976963 1.577100 0.000000 0.000000 0.000000 1.000000
0.995478 -0.093632 0.016013 0.000000 0.094900 0.972881 -0.210941 9.226300 0.004172 0.211507 0.977368 1.577100 0.000000 0.000000 0.000000 1.000000
0.995454 -0.093952 0.015626 0.000000 0.095138 0.973221 -0.209258 9.226300 0.004452 0.209794 0.977736 1.577100 0.000000 0.000000 0.000000 1.000000
0.995434 -0.094219 0.015260 0.000000 0.095331 0.973527 -0.207742 9.226300 0.004717 0.208248 0.978065 1.577100 0.000000 0.000000 0.000000 1.000000
0.995419 -0.094433 0.014915 -0.000000 0.095474 0.973775 -0.206509 9.226300 0.004978 0.206987 0.978331 1.577100 0.000000 0.000000 0.000000 1.000000
0.995407 -0.094611 0.014606 0.000000 0.095590 0.973979 -0.205494 9.226300 0.005217 0.205946 0.978549 1.577100 0.000000 0.000000 0.000000 1.000000
0.995400 -0.094694 0.014520 0.000000 0.095657 0.974120 -0.204791 9.226300 0.005249 0.205238 0.978698 1.577100 0.000000 0.000000 0.000000 1.000000
0.995426 -0.094454 0.014361 0.000000 0.095392 0.974218 -0.204448 9.226300 0.005321 0.204883 0.978772 1.577100 0.000000 0.000000 0.000000 1.000000</float_array><technique_common><accessor source="#Spine-Matrix-animation-output-transform-array" count="64" stride="16"><param type="float4x4"/></accessor></technique_common></source><source id="Spine-Interpolations"><Name_array id="Spine-Interpolations-array" count="64">
 LINEAR LINEAR LINEAR LINEAR LINEAR LINEAR LINEAR LINEAR LINEAR LINEAR LINEAR
LINEAR LINEAR LINEAR LINEAR LINEAR LINEAR LINEAR LINEAR LINEAR LINEAR LINEAR LINEAR
LINEAR LINEAR LINEAR LINEAR LINEAR LINEAR LINEAR LINEAR LINEAR LINEAR LINEAR LINEAR
LINEAR LINEAR LINEAR LINEAR LINEAR LINEAR LINEAR LINEAR LINEAR LINEAR LINEAR LINEAR
LINEAR LINEAR LINEAR LINEAR LINEAR LINEAR LINEAR LINEAR LINEAR LINEAR LINEAR LINEAR
LINEAR LINEAR LINEAR LINEAR LINEAR</Name_array><technique_common><accessor source="#Spine-Interpolations-array" count="64"><param type="name"/></accessor></technique_common></source><sampler id="Spine-Matrix-animation-transform"><input semantic="INPUT" source="#Spine-Matrix-animation-input"/><input semantic="OUTPUT" source="#Spine-Matrix-animation-output-transform"/><input semantic="INTERPOLATION" source="#Spine-Interpolations"/></sampler><channel source="#Spine-Matrix-animation-transform" target="Spine/matrix"/></animation>
    <animation id="Spine1-anim" name="Spine1"><source id="Spine1-Matrix-animation-input"><float_array id="Spine1-Matrix-animation-input-array" count="64">

0.000000 0.033333 0.066667 0.100000 0.133333 0.166667 0.200000 0.233333 0.266667 0.300000 0.333333 0.366667 0.400000 0.433333 0.466667 0.500000
0.533333 0.566667 0.600000 0.633333 0.666667 0.700000 0.733333 0.766667 0.800000 0.833333 0.866667 0.900000 0.933333 0.966667 1.000000 1.033333
1.066667 1.100000 1.133333 1.166667 1.200000 1.233333 1.266667 1.300000 1.333333 1.366667 1.400000 1.433333 1.466667 1.500000 1.533333 1.566667
1.600000 1.633333 1.666667 1.700000 1.733333 1.766667 1.800000 1.833333 1.866667 1.900000 1.933333 1.966667 2.000000 2.033333 2.066667 2.100000</float_array><technique_common><accessor source="#Spine1-Matrix-animation-input-array" count="64"><param name="TIME" type="float"/></accessor></technique_common></source><source id="Spine1-Matrix-animation-output-transform"><float_array id="Spine1-Matrix-animation-output-transform-array" count="1024">

0.996370 -0.080637 0.027292 -0.000000 0.084344 0.978544 -0.187986 16.254000 -0.011547 0.189605 0.981792 -0.165600 0.000000 0.000000 0.000000 1.000000
0.996388 -0.080443 0.027184 0.000000 0.084129 0.978617 -0.187701 16.254000 -0.011504 0.189310 0.981850 -0.165600 0.000000 0.000000 0.000000 1.000000
0.996404 -0.080289 0.027061 0.000000 0.083951 0.978682 -0.187438 16.254000 -0.011435 0.189036 0.981904 -0.165600 0.000000 0.000000 0.000000 1.000000
0.996416 -0.080185 0.026937 0.000000 0.083823 0.978734 -0.187227 16.254000 -0.011352 0.188814 0.981947 -0.165600 0.000000 0.000000 0.000000 1.000000
0.996423 -0.080146 0.026796 0.000000 0.083757 0.978769 -0.187070 16.254000 -0.011235 0.188645 0.981981 -0.165600 0.000000 0.000000 0.000000 1.000000
0.996426 -0.080152 0.026653 0.000000 0.083736 0.978772 -0.187065 16.254000 -0.011094 0.188629 0.981986 -0.165600 0.000000 0.000000 0.000000 1.000000
0.996427 -0.080184 0.026519 0.000000 0.083743 0.978766 -0.187096 16.254000 -0.010954 0.188649 0.981984 -0.165600 0.000000 0.000000 0.000000 1.000000
0.996425 -0.080251 0.026392 0.000000 0.083785 0.978756 -0.187128 16.254000 -0.010814 0.188670 0.981981 -0.165600 0.000000 0.000000 0.000000 1.000000
0.996419 -0.080366 0.026283 0.000000 0.083877 0.978737 -0.187187 16.254000 -0.010681 0.188721 0.981973 -0.165600 0.000000 0.000000 0.000000 1.000000
0.996408 -0.080544 0.026155 0.000000 0.084031 0.978676 -0.187434 16.254000 -0.010501 0.188959 0.981929 -0.165600 0.000000 0.000000 0.000000 1.000000
0.996392 -0.080764 0.026074 0.000000 0.084233 0.978621 -0.187634 16.254000 -0.010362 0.189153 0.981893 -0.165600 0.000000 0.000000 0.000000 1.000000
0.996373 -0.081027 0.025973 0.000000 0.084477 0.978535 -0.187971 16.254000 -0.010185 0.189483 0.981831 -0.165600 0.000000 0.000000 0.000000 1.000000
0.996352 -0.081289 0.025988 -0.000000 0.084740 0.978449 -0.188302 16.254000 -0.010121 0.189817 0.981767 -0.165600 0.000000 0.000000 0.000000 1.000000
0.996327 -0.081576 0.026048 0.000000 0.085036 0.978354 -0.188658 16.254000 -0.010094 0.190180 0.981697 -0.165600 0.000000 0.000000 0.000000 1.000000
0.996299 -0.081889 0.026132 0.000000 0.085365 0.978233 -0.189137 16.254000 -0.010075 0.190668 0.981603 -0.165600 0.000000 0.000000 0.000000 1.000000
0.996267 -0.082226 0.026272 0.000000 0.085728 0.978104 -0.189640 16.254000 -0.010104 0.191184 0.981502 -0.165600 0.000000 0.000000 0.000000 1.000000
0.996234 -0.082589 0.026401 0.000000 0.086114 0.977975 -0.190130 16.254000 -0.010117 0.191687 0.981404 -0.165600 0.000000 0.000000 0.000000 1.000000
0.996198 -0.082970 0.026546 0.000000 0.086521 0.977830 -0.190691 16.254000 -0.010136 0.192263 0.981291 -0.165600 0.000000 0.000000 0.000000 1.000000
0.996161 -0.083357 0.026718 0.000000 0.086941 0.977676 -0.191289 16.254000 -0.010176 0.192878 0.981170 -0.165600 0.000000 0.000000 0.000000 1.000000
0.996122 -0.083767 0.026889 0.000000 0.087383 0.977516 -0.191903 16.254000 -0.010209 0.193509 0.981045 -0.165600 0.000000 0.000000 0.000000 1.000000
0.996076 -0.084233 0.027144 0.000000 0.087897 0.977330 -0.192616 16.254000 -0.010304 0.194246 0.980899 -0.165600 0.000000 0.000000 0.000000 1.000000
0.996020 -0.084780 0.027500 0.000000 0.088511 0.977119 -0.193401 16.254000 -0.010475 0.195066 0.980734 -0.165600 0.000000 0.000000 0.000000 1.000000
0.995958 -0.085385 0.027888 -0.000000 0.089191 0.976862 -0.194385 16.254000 -0.010645 0.196087 0.980529 -0.165600 0.000000 0.000000 0.000000 1.000000
0.995892 -0.085997 0.028348 0.000000 0.089892 0.976609 -0.195330 16.254000 -0.010887 0.197076 0.980328 -0.165600 0.000000 0.000000 0.000000 1.000000
0.995826 -0.086609 0.028813 0.000000 0.090596 0.976334 -0.196379 16.254000 -0.011123 0.198170 0.980105 -0.165600 0.000000 0.000000 0.000000 1.000000
0.995758 -0.087207 0.029346 0.000000 0.091299 0.976077 -0.197327 16.254000 -0.011436 0.199169 0.979898 -0.165600 0.000000 0.000000 0.000000 1.000000
0.995689 -0.087797 0.029928 0.000000 0.092005 0.975819 -0.198272 16.254000 -0.011797 0.200171 0.979690 -0.165600 0.000000 0.000000 0.000000 1.000000
0.995620 -0.088381 0.030483 -0.000000 0.092700 0.975548 -0.199282 16.254000 -0.012125 0.201235 0.979468 -0.165600 0.000000 0.000000 0.000000 1.000000
0.995552 -0.088942 0.031074 0.000000 0.093381 0.975287 -0.200240 16.254000 -0.012496 0.202251 0.979254 -0.165600 0.000000 0.000000 0.000000 1.000000
0.995484 -0.089479 0.031701 -0.000000 0.094047 0.975031 -0.201171 16.254000 -0.012909 0.203244 0.979043 -0.165600 0.000000 0.000000 0.000000 1.000000
0.995419 -0.089991 0.032306 -0.000000 0.094683 0.974781 -0.202082 16.254000 -0.013306 0.204215 0.978836 -0.165600 0.000000 0.000000 0.000000 1.000000
0.995356 -0.090474 0.032888 -0.000000 0.095288 0.974539 -0.202964 16.254000 -0.013687 0.205156 0.978634 -0.165600 0.000000 0.000000 0.000000 1.000000
0.995295 -0.090917 0.033486 0.000000 0.095857 0.974311 -0.203789 16.254000 -0.014097 0.206040 0.978442 -0.165600 0.000000 0.000000 0.000000 1.000000
0.995238 -0.091323 0.034069 -0.000000 0.096385 0.974105 -0.204522 16.254000 -0.014510 0.206832 0.978269 -0.165600 0.000000 0.000000 0.000000 1.000000
0.995186 -0.091681 0.034627 -0.000000 0.096861 0.973918 -0.205186 16.254000 -0.014912 0.207552 0.978110 -0.165600 0.000000 0.000000 0.000000 1.000000
0.995139 -0.091988 0.035160 0.000000 0.097281 0.973751 -0.205778 16.254000 -0.015308 0.208198 0.977967 -0.165600 0.000000 0.000000 0.000000 1.000000
0.995099 -0.092244 0.035627 0.000000 0.097638 0.973602 -0.206313 16.254000 -0.015655 0.208781 0.977837 -0.165600 0.000000 0.000000 0.000000 1.000000
0.995064 -0.092442 0.036085 -0.000000 0.097934 0.973486 -0.206721 16.254000 -0.016019 0.209234 0.977734 -0.165600 0.000000 0.000000 0.000000 1.000000
0.995038 -0.092590 0.036411 -0.000000 0.098152 0.973391 -0.207067 16.254000 -0.016270 0.209614 0.977649 -0.165600 0.000000 0.000000 0.000000 1.000000
0.995020 -0.092670 0.036698 -0.000000 0.098295 0.973323 -0.207318 16.254000 -0.016507 0.209893 0.977585 -0.165600 0.000000 0.000000 0.000000 1.000000
0.995011 -0.092668 0.036951 0.000000 0.098348 0.973296 -0.207419 16.254000 -0.016743 0.210018 0.977554 -0.165600 0.000000 0.000000 0.000000 1.000000
0.995012 -0.092576 0.037156 0.000000 0.098299 0.973325 -0.207306 16.254000 -0.016973 0.209924 0.977570 -0.165600 0.000000 0.000000 0.000000 1.000000
0.995023 -0.092401 0.037289 -0.000000 0.098154 0.973375 -0.207139 16.254000 -0.017156 0.209768 0.977601 -0.165600 0.000000 0.000000 0.000000 1.000000
0.995042 -0.092175 0.037348 0.000000 0.097941 0.973443 -0.206920 16.254000 -0.017283 0.209552 0.977645 -0.165600 0.000000 0.000000 0.000000 1.000000
0.995066 -0.091914 0.037343 0.000000 0.097679 0.973539 -0.206593 16.254000 -0.017366 0.209222 0.977714 -0.165600 0.000000 0.000000 0.000000 1.000000
0.995099 -0.091591 0.037270 -0.000000 0.097340 0.973669 -0.206138 16.254000 -0.017408 0.208756 0.977813 -0.165600 0.000000 0.000000 0.000000 1.000000
0.995145 -0.091175 0.037063 -0.000000 0.096878 0.973844 -0.205530 16.254000 -0.017354 0.208123 0.977949 -0.165600 0.000000 0.000000 0.000000 1.000000
0.995204 -0.090655 0.036758 -0.000000 0.096292 0.974068 -0.204743 16.254000 -0.017244 0.207301 0.978125 -0.165600 0.000000 0.000000 0.000000 1.000000
0.995272 -0.090063 0.036376 -0.000000 0.095617 0.974326 -0.203827 16.254000 -0.017084 0.206341 0.978331 -0.165600 0.000000 0.000000 0.000000 1.000000
0.995345 -0.089425 0.035925 -0.000000 0.094882 0.974609 -0.202819 16.254000 -0.016876 0.205283 0.978557 -0.165600 0.000000 0.000000 0.000000 1.000000
0.995425 -0.088755 0.035386 0.000000 0.094097 0.974909 -0.201736 16.254000 -0.016593 0.204143 0.978800 -0.165600 0.000000 0.000000 0.000000 1.000000
0.995507 -0.088055 0.034809 0.000000 0.093275 0.975223 -0.200598 16.254000 -0.016283 0.202944 0.979055 -0.165600 0.000000 0.000000 0.000000 1.000000
0.995592 -0.087330 0.034200 0.000000 0.092423 0.975537 -0.199463 16.254000 -0.015944 0.201744 0.979308 -0.165600 0.000000 0.000000 0.000000 1.000000
0.995678 -0.086596 0.033549 0.000000 0.091552 0.975877 -0.198200 16.254000 -0.015577 0.200415 0.979587 -0.165600 0.000000 0.000000 0.000000 1.000000
0.995765 -0.085860 0.032873 0.000000 0.090677 0.976206 -0.196975 16.254000 -0.015179 0.199122 0.979857 -0.165600 0.000000 0.000000 0.000000 1.000000
0.995850 -0.085130 0.032187 -0.000000 0.089805 0.976533 -0.195750 16.254000 -0.014767 0.197828 0.980125 -0.165600 0.000000 0.000000 0.000000 1.000000
0.995933 -0.084418 0.031477 -0.000000 0.088950 0.976836 -0.194628 16.254000 -0.014318 0.196637 0.980372 -0.165600 0.000000 0.000000 0.000000 1.000000
0.996013 -0.083727 0.030800 0.000000 0.088123 0.977150 -0.193423 16.254000 -0.013902 0.195366 0.980632 -0.165600 0.000000 0.000000 0.000000 1.000000
0.996088 -0.083075 0.030129 0.000000 0.087336 0.977443 -0.192298 16.254000 -0.013474 0.194177 0.980874 -0.165600 0.000000 0.000000 0.000000 1.000000
0.996158 -0.082464 0.029478 0.000000 0.086596 0.977710 -0.191269 16.254000 -0.013048 0.193087 0.981095 -0.165600 0.000000 0.000000 0.000000 1.000000
0.996222 -0.081908 0.028843 0.000000 0.085915 0.977969 -0.190251 16.254000 -0.012625 0.192010 0.981312 -0.165600 0.000000 0.000000 0.000000 1.000000
0.996279 -0.081418 0.028263 0.000000 0.085312 0.978183 -0.189417 16.254000 -0.012224 0.191124 0.981490 -0.165600 0.000000 0.000000 0.000000 1.000000
0.996328 -0.080998 0.027747 0.000000 0.084793 0.978382 -0.188626 16.254000 -0.011869 0.190286 0.981657 -0.165600 0.000000 0.000000 0.000000 1.000000
0.996370 -0.080651 0.027259 0.000000 0.084350 0.978546 -0.187971 16.254000 -0.011514 0.189588 0.981796 -0.165600 0.000000 0.000000 0.000000 1.000000</float_array><technique_common><accessor source="#Spine1-Matrix-animation-output-transform-array" count="64" stride="16"><param type="float4x4"/></accessor></technique_common></source><source id="Spine1-Interpolations"><Name_array id="Spine1-Interpolations-array" count="64">
 LINEAR LINEAR LINEAR LINEAR LINEAR LINEAR LINEAR LINEAR LINEAR LINEAR LINEAR
LINEAR LINEAR LINEAR LINEAR LINEAR LINEAR LINEAR LINEAR LINEAR LINEAR LINEAR LINEAR
LINEAR LINEAR LINEAR LINEAR LINEAR LINEAR LINEAR LINEAR LINEAR LINEAR LINEAR LINEAR
LINEAR LINEAR LINEAR LINEAR LINEAR LINEAR LINEAR LINEAR LINEAR LINEAR LINEAR LINEAR
LINEAR LINEAR LINEAR LINEAR LINEAR LINEAR LINEAR LINEAR LINEAR LINEAR LINEAR LINEAR
LINEAR LINEAR LINEAR LINEAR LINEAR</Name_array><technique_common><accessor source="#Spine1-Interpolations-array" count="64"><param type="name"/></accessor></technique_common></source><sampler id="Spine1-Matrix-animation-transform"><input semantic="INPUT" source="#Spine1-Matrix-animation-input"/><input semantic="OUTPUT" source="#Spine1-Matrix-animation-output-transform"/><input semantic="INTERPOLATION" source="#Spine1-Interpolations"/></sampler><channel source="#Spine1-Matrix-animation-transform" target="Spine1/matrix"/></animation>
    <animation id="Spine2-anim" name="Spine2"><source id="Spine2-Matrix-animation-input"><float_array id="Spine2-Matrix-animation-input-array" count="64">

0.000000 0.033333 0.066667 0.100000 0.133333 0.166667 0.200000 0.233333 0.266667 0.300000 0.333333 0.366667 0.400000 0.433333 0.466667 0.500000
0.533333 0.566667 0.600000 0.633333 0.666667 0.700000 0.733333 0.766667 0.800000 0.833333 0.866667 0.900000 0.933333 0.966667 1.000000 1.033333
1.066667 1.100000 1.133333 1.166667 1.200000 1.233333 1.266667 1.300000 1.333333 1.366667 1.400000 1.433333 1.466667 1.500000 1.533333 1.566667
1.600000 1.633333 1.666667 1.700000 1.733333 1.766667 1.800000 1.833333 1.866667 1.900000 1.933333 1.966667 2.000000 2.033333 2.066667 2.100000</float_array><technique_common><accessor source="#Spine2-Matrix-animation-input-array" count="64"><param name="TIME" type="float"/></accessor></technique_common></source><source id="Spine2-Matrix-animation-output-transform"><float_array id="Spine2-Matrix-animation-output-transform-array" count="1024">

0.996438 -0.075976 0.036597 0.000000 0.082683 0.965539 -0.246773 13.639600 -0.016587 0.248920 0.968382 -1.292300 0.000000 0.000000 0.000000 1.000000
0.996418 -0.076372 0.036298 0.000000 0.082977 0.965756 -0.245824 13.639600 -0.016281 0.247956 0.968634 -1.292300 0.000000 0.000000 0.000000 1.000000
0.996401 -0.076745 0.036000 0.000000 0.083250 0.965956 -0.244944 13.639600 -0.015976 0.247060 0.968869 -1.292300 0.000000 0.000000 0.000000 1.000000
0.996385 -0.077076 0.035714 0.000000 0.083488 0.966132 -0.244170 13.639600 -0.015685 0.246269 0.969075 -1.292300 0.000000 0.000000 0.000000 1.000000
0.996373 -0.077369 0.035429 0.000000 0.083691 0.966282 -0.243504 13.639600 -0.015395 0.245586 0.969252 -1.292300 0.000000 0.000000 0.000000 1.000000
0.996363 -0.077607 0.035174 0.000000 0.083852 0.966382 -0.243053 13.639600 -0.015129 0.245118 0.969375 -1.292300 0.000000 0.000000 0.000000 1.000000
0.996358 -0.077765 0.034968 0.000000 0.083950 0.966458 -0.242715 13.639600 -0.014920 0.244767 0.969467 -1.292300 0.000000 0.000000 0.000000 1.000000
0.996356 -0.077865 0.034804 0.000000 0.084003 0.966517 -0.242462 13.639600 -0.014760 0.244503 0.969536 -1.292300 0.000000 0.000000 0.000000 1.000000
0.996356 -0.077924 0.034666 -0.000000 0.084024 0.966551 -0.242322 13.639600 -0.014624 0.244352 0.969576 -1.292300 0.000000 0.000000 0.000000 1.000000
0.996358 -0.077969 0.034514 -0.000000 0.084033 0.966517 -0.242453 13.639600 -0.014454 0.244470 0.969549 -1.292300 0.000000 0.000000 0.000000 1.000000
0.996362 -0.077968 0.034416 0.000000 0.084010 0.966475 -0.242629 13.639600 -0.014345 0.244638 0.969508 -1.292300 0.000000 0.000000 0.000000 1.000000
0.996369 -0.077916 0.034334 0.000000 0.083945 0.966379 -0.243032 13.639600 -0.014244 0.245032 0.969410 -1.292300 0.000000 0.000000 0.000000 1.000000
0.996380 -0.077787 0.034291 0.000000 0.083817 0.966268 -0.243516 13.639600 -0.014191 0.245509 0.969290 -1.292300 0.000000 0.000000 0.000000 1.000000
0.996395 -0.077589 0.034311 0.000000 0.083639 0.966135 -0.244105 13.639600 -0.014209 0.246095 0.969142 -1.292300 0.000000 0.000000 0.000000 1.000000
0.996412 -0.077348 0.034367 0.000000 0.083430 0.965955 -0.244888 13.639600 -0.014255 0.246877 0.968942 -1.292300 0.000000 0.000000 0.000000 1.000000
0.996431 -0.077054 0.034480 -0.000000 0.083186 0.965752 -0.245770 13.639600 -0.014361 0.247761 0.968715 -1.292300 0.000000 0.000000 0.000000 1.000000
0.996452 -0.076721 0.034591 0.000000 0.082905 0.965536 -0.246712 13.639600 -0.014471 0.248705 0.968471 -1.292300 0.000000 0.000000 0.000000 1.000000
0.996476 -0.076356 0.034727 0.000000 0.082601 0.965288 -0.247783 13.639600 -0.014602 0.249779 0.968193 -1.292300 0.000000 0.000000 0.000000 1.000000
0.996500 -0.075959 0.034898 0.000000 0.082277 0.965019 -0.248935 13.639600 -0.014769 0.250935 0.967891 -1.292300 0.000000 0.000000 0.000000 1.000000
0.996527 -0.075528 0.035076 0.000000 0.081924 0.964731 -0.250165 13.639600 -0.014945 0.252169 0.967568 -1.292300 0.000000 0.000000 0.000000 1.000000
0.996557 -0.075001 0.035342 0.000000 0.081504 0.964388 -0.251621 13.639600 -0.015212 0.253635 0.967180 -1.292300 0.000000 0.000000 0.000000 1.000000
0.996592 -0.074346 0.035725 0.000000 0.080995 0.963983 -0.253331 13.639600 -0.015604 0.255361 0.966720 -1.292300 0.000000 0.000000 0.000000 1.000000
