<?xml version="1.0" encoding="utf-8"?>
<COLLADA xmlns="http://www.collada.org/2005/11/COLLADASchema" version="1.4.1">
  <asset><contributor><author>Mixamo</author><authoring_tool>COLLADA Mixamo exporter</authoring_tool><comments></comments></contributor><created>2018-12-18T20:53:07Z</created><modified>2018-12-18T20:53:07Z</modified><revision></revision><title></title><unit meter="0.010000"/><up_axis>Y_UP</up_axis></asset>
  <library_animations>
    <animation id="Hips-anim" name="Hips"><source id="Hips-Matrix-animation-input"><float_array id="Hips-Matrix-animation-input-array" count="38">

0.000000 0.033333 0.066667 0.100000 0.133333 0.166667 0.200000 0.233333 0.266667 0.300000 0.333333 0.366667 0.400000 0.433333 0.466667 0.500000
0.533333 0.566667 0.600000 0.633333 0.666667 0.700000 0.733333 0.766667 0.800000 0.833333 0.866667 0.900000 0.933333 0.966667 1.000000 1.033333
1.066667 1.100000 1.133333 1.166667 1.200000 1.233333</float_array><technique_common><accessor source="#Hips-Matrix-animation-input-array" count="38"><param name="TIME" type="float"/></accessor></technique_common></source><source id="Hips-Matrix-animation-output-transform"><float_array id="Hips-Matrix-animation-output-transform-array" count="608">

0.996393 -0.022153 -0.081914 -0.194832 0.010353 0.989847 -0.141763 88.135223 0.084223 0.140403 0.986506 -1.768089 0.000000 0.000000 0.000000 1.000000
0.998696 -0.007378 -0.050507 -0.545096 0.001020 0.992184 -0.124778 88.914360 0.051033 0.124564 0.990898 0.997758 0.000000 0.000000 0.000000 1.000000
0.999696 0.004034 -0.024320 -0.884094 -0.007195 0.991318 -0.131289 89.168579 0.023579 0.131424 0.991046 3.657632 0.000000 0.000000 0.000000 1.000000
0.999904 0.013828 -0.000530 -1.197750 -0.013730 0.986547 -0.162903 88.976456 -0.001730 0.162894 0.986642 6.274639 0.000000 0.000000 0.000000 1.000000
0.999657 0.021895 0.014368 -1.490373 -0.018406 0.977678 -0.209303 88.360886 -0.018630 0.208967 0.977745 9.135297 0.000000 0.000000 0.000000 1.000000
0.999588 0.025035 0.014069 -1.780843 -0.020604 0.966472 -0.255944 87.318123 -0.020005 0.255549 0.966589 12.579624 0.000000 0.000000 0.000000 1.000000
0.999691 0.024849 -0.001060 -2.067201 -0.024074 0.956040 -0.292246 85.918015 -0.006248 0.292181 0.956342 16.916222 0.000000 0.000000 0.000000 1.000000
0.999259 0.032662 -0.020371 -2.278941 -0.037421 0.948296 -0.315172 84.466904 0.009024 0.315701 0.948816 22.534557 0.000000 0.000000 0.000000 1.000000
0.998595 0.047212 -0.024067 -2.211990 -0.052410 0.947071 -0.316718 83.603386 0.007840 0.317535 0.948214 28.416708 0.000000 0.000000 0.000000 1.000000
0.998228 0.059088 -0.006965 -1.833808 -0.058406 0.950874 -0.304017 83.346786 -0.011340 0.303886 0.952641 33.751942 0.000000 0.000000 0.000000 1.000000
0.997621 0.064220 0.025049 -1.339214 -0.054209 0.955368 -0.290401 83.233459 -0.042580 0.288353 0.956577 38.549904 0.000000 0.000000 0.000000 1.000000
0.992645 0.088501 0.082599 -0.964410 -0.063626 0.961876 -0.265981 83.681206 -0.102990 0.258770 0.960433 42.776299 0.000000 0.000000 0.000000 1.000000
0.974019 0.144829 0.174102 -0.895895 -0.105156 0.970110 -0.218699 84.830544 -0.200572 0.194709 0.960135 46.581345 0.000000 0.000000 0.000000 1.000000
0.937022 0.214977 0.275270 -0.976372 -0.178039 0.972042 -0.153087 86.583000 -0.300485 0.094437 0.949100 50.293522 0.000000 0.000000 0.000000 1.000000
0.903776 0.267389 0.334204 -0.820136 -0.252040 0.963582 -0.089359 89.424835 -0.345927 -0.003472 0.938255 54.115604 0.000000 0.000000 0.000000 1.000000
0.900774 0.291452 0.321967 -0.235216 -0.290260 0.955487 -0.052863 93.888489 -0.323042 -0.045836 0.945274 58.134983 0.000000 0.000000 0.000000 1.000000
0.918358 0.294128 0.264777 0.687642 -0.286243 0.955683 -0.068811 99.524055 -0.273282 -0.012597 0.961852 62.089844 0.000000 0.000000 0.000000 1.000000
0.929465 0.304309 0.208542 1.325485 -0.280030 0.949996 -0.138168 103.954308 -0.240160 0.070024 0.968204 64.845016 0.000000 0.000000 0.000000 1.000000
0.941241 0.291378 0.170774 1.126222 -0.250955 0.941789 -0.223729 109.203865 -0.226023 0.167727 0.959574 67.448158 0.000000 0.000000 0.000000 1.000000
0.954661 0.264067 0.137445 0.413852 -0.217465 0.933900 -0.283796 114.950737 -0.203301 0.241039 0.948983 70.416321 0.000000 0.000000 0.000000 1.000000
0.967158 0.231052 0.105926 -0.439616 -0.187244 0.929483 -0.317806 120.110435 -0.171886 0.287534 0.942220 73.975555 0.000000 0.000000 0.000000 1.000000
0.974652 0.204624 0.090452 -1.354199 -0.162279 0.924922 -0.343779 123.983757 -0.154006 0.320387 0.934684 77.931976 0.000000 0.000000 0.000000 1.000000
0.979310 0.174231 0.102939 -2.306007 -0.125263 0.921409 -0.367852 127.308731 -0.158940 0.347346 0.924169 82.575073 0.000000 0.000000 0.000000 1.000000
0.982282 0.136192 0.128738 -3.455720 -0.077875 0.921452 -0.380608 129.347260 -0.170462 0.363839 0.915731 87.357460 0.000000 0.000000 0.000000 1.000000
0.983835 0.108364 0.142571 -4.539458 -0.046216 0.922808 -0.382478 129.743912 -0.173013 0.369706 0.912899 91.769951 0.000000 0.000000 0.000000 1.000000
0.987081 0.092634 0.130728 -5.398890 -0.036226 0.923826 -0.381094 129.478638 -0.156073 0.371435 0.915247 95.451942 0.000000 0.000000 0.000000 1.000000
0.992204 0.075808 0.098920 -5.673050 -0.033843 0.927792 -0.371559 129.447189 -0.119945 0.365314 0.923124 99.128387 0.000000 0.000000 0.000000 1.000000
0.997572 0.045246 0.052945 -5.406386 -0.024031 0.937152 -0.348092 130.264572 -0.065367 0.345974 0.935964 102.841576 0.000000 0.000000 0.000000 1.000000
0.999923 0.000086 -0.012379 -4.639396 -0.004025 0.947890 -0.318572 131.656082 0.011707 0.318597 0.947818 106.316734 0.000000 0.000000 0.000000 1.000000
0.993700 -0.045309 -0.102502 -3.362518 0.012992 0.955036 -0.296204 132.815765 0.111314 0.293007 0.949609 109.693619 0.000000 0.000000 0.000000 1.000000
0.977336 -0.077189 -0.197118 -1.736570 0.019595 0.960141 -0.278828 133.871445 0.210783 0.268647 0.939893 114.473824 0.000000 0.000000 0.000000 1.000000
0.957383 -0.099082 -0.271293 -0.341549 0.027641 0.966435 -0.255421 135.500519 0.287494 0.237038 0.927987 119.903374 0.000000 0.000000 0.000000 1.000000
0.934693 -0.102882 -0.340241 0.629526 0.028475 0.975793 -0.216835 137.548584 0.354313 0.192986 0.914997 124.804520 0.000000 0.000000 0.000000 1.000000
0.923171 -0.082597 -0.375410 1.108456 0.019776 0.985553 -0.168208 139.891190 0.383880 0.147860 0.911468 129.381638 0.000000 0.000000 0.000000 1.000000
0.939470 -0.069186 -0.335574 1.057393 0.018373 0.988165 -0.152293 142.440323 0.342139 0.136909 0.929622 133.562927 0.000000 0.000000 0.000000 1.000000
0.969310 -0.064752 -0.237162 0.700868 0.025157 0.985751 -0.166319 144.755722 0.244552 0.155249 0.957127 137.223923 0.000000 0.000000 0.000000 1.000000
0.989231 -0.048011 -0.138265 0.346427 0.025084 0.986304 -0.163018 146.490662 0.144198 0.157794 0.976887 140.455551 0.000000 0.000000 0.000000 1.000000
0.996337 -0.024992 -0.081777 0.000215 0.013263 0.989927 -0.140953 147.763748 0.084476 0.139353 0.986633 143.391632 0.000000 0.000000 0.000000 1.000000</float_array><technique_common><accessor source="#Hips-Matrix-animation-output-transform-array" count="38" stride="16"><param type="float4x4"/></accessor></technique_common></source><source id="Hips-Interpolations"><Name_array id="Hips-Interpolations-array" count="38">
 LINEAR LINEAR LINEAR LINEAR LINEAR LINEAR LINEAR LINEAR LINEAR LINEAR LINEAR
LINEAR LINEAR LINEAR LINEAR LINEAR LINEAR LINEAR LINEAR LINEAR LINEAR LINEAR LINEAR
LINEAR LINEAR LINEAR LINEAR LINEAR LINEAR LINEAR LINEAR LINEAR LINEAR LINEAR LINEAR
LINEAR LINEAR LINEAR</Name_array><technique_common><accessor source="#Hips-Interpolations-array" count="38"><param type="name"/></accessor></technique_common></source><sampler id="Hips-Matrix-animation-transform"><input semantic="INPUT" source="#Hips-Matrix-animation-input"/><input semantic="OUTPUT" source="#Hips-Matrix-animation-output-transform"/><input semantic="INTERPOLATION" source="#Hips-Interpolations"/></sampler><channel source="#Hips-Matrix-animation-transform" target="Hips/matrix"/></animation>
    <animation id="Spine-anim" name="Spine"><source id="Spine-Matrix-animation-input"><float_array id="Spine-Matrix-animation-input-array" count="38">

0.000000 0.033333 0.066667 0.100000 0.133333 0.166667 0.200000 0.233333 0.266667 0.300000 0.333333 0.366667 0.400000 0.433333 0.466667 0.500000
0.533333 0.566667 0.600000 0.633333 0.666667 0.700000 0.733333 0.766667 0.800000 0.833333 0.866667 0.900000 0.933333 0.966667 1.000000 1.033333
1.066667 1.100000 1.133333 1.166667 1.200000 1.233333</float_array><technique_common><accessor source="#Spine-Matrix-animation-input-array" count="38"><param name="TIME" type="float"/></accessor></technique_common></source><source id="Spine-Matrix-animation-output-transform"><float_array id="Spine-Matrix-animation-output-transform-array" count="608">

0.997278 -0.012130 0.072735 0.000000 0.014173 0.999518 -0.027638 9.226300 -0.072365 0.028594 0.996968 1.577100 0.000000 0.000000 0.000000 1.000000
0.997203 -0.003105 0.074682 0.000000 0.005949 0.999264 -0.037890 9.226300 -0.074510 0.038229 0.996487 1.577100 0.000000 0.000000 0.000000 1.000000
0.996904 0.008068 0.078218 0.000000 -0.004389 0.998881 -0.047094 9.226300 -0.078511 0.046605 0.995823 1.577100 0.000000 0.000000 0.000000 1.000000
0.996480 0.019359 0.081565 0.000000 -0.014938 0.998404 -0.054459 9.226300 -0.082489 0.053049 0.995179 1.577100 0.000000 0.000000 0.000000 1.000000
0.995853 0.030958 0.085550 -0.000000 -0.025782 0.997807 -0.060968 9.226300 -0.087250 0.058510 0.994467 1.577100 0.000000 0.000000 0.000000 1.000000
0.994749 0.047308 0.090753 -0.000000 -0.041041 0.996722 -0.069726 9.226300 -0.093754 0.065636 0.993429 1.577100 0.000000 0.000000 0.000000 1.000000
0.993016 0.067379 0.096844 -0.000000 -0.059881 0.995126 -0.078353 9.226300 -0.101652 0.072007 0.992211 1.577100 0.000000 0.000000 0.000000 1.000000
0.991685 0.080424 0.100461 -0.000000 -0.072084 0.993849 -0.084067 9.226300 -0.106604 0.076126 0.991383 1.577100 0.000000 0.000000 0.000000 1.000000
0.992349 0.080525 0.093595 0.000000 -0.072919 0.993959 -0.082032 9.226300 -0.099635 0.074580 0.992225 1.577100 0.000000 0.000000 0.000000 1.000000
0.994188 0.073610 0.078555 0.000000 -0.068031 0.995119 -0.071489 9.226300 -0.083434 0.065730 0.994343 1.577100 0.000000 0.000000 0.000000 1.000000
0.995636 0.069099 0.062717 0.000000 -0.065512 0.996191 -0.057547 9.226300 -0.066454 0.053187 0.996371 1.577100 0.000000 0.000000 0.000000 1.000000
0.997763 0.049922 0.044454 0.000000 -0.047903 0.997820 -0.045396 9.226300 -0.046623 0.043165 0.997979 1.577100 0.000000 0.000000 0.000000 1.000000
0.999760 0.009604 0.019696 -0.000000 -0.008727 0.998986 -0.044163 9.226300 -0.020100 0.043980 0.998830 1.577100 0.000000 0.000000 0.000000 1.000000
0.998866 -0.046442 -0.010440 0.000000 0.045743 0.997183 -0.059439 9.226300 0.013171 0.058894 0.998177 1.577100 0.000000 0.000000 0.000000 1.000000
0.994469 -0.097741 -0.038443 0.000000 0.094140 0.991804 -0.086382 9.226300 0.046571 0.082285 0.995520 1.577100 0.000000 0.000000 0.000000 1.000000
0.990558 -0.125650 -0.054829 0.000000 0.119289 0.987082 -0.106951 9.226300 0.067560 0.099401 0.992751 1.577100 0.000000 0.000000 0.000000 1.000000
0.988233 -0.142463 -0.055677 0.000000 0.135922 0.984870 -0.107497 9.226300 0.070149 0.098665 0.992645 1.577100 0.000000 0.000000 0.000000 1.000000
0.981995 -0.185091 -0.037782 0.000000 0.180729 0.978710 -0.097286 9.226300 0.054984 0.088706 0.994539 1.577100 0.000000 0.000000 0.000000 1.000000
0.982500 -0.185276 -0.019139 0.000000 0.183080 0.979516 -0.083847 9.226300 0.034282 0.078876 0.996295 1.577100 0.000000 0.000000 0.000000 1.000000
0.986760 -0.161981 -0.008201 0.000000 0.160734 0.983419 -0.083972 9.226300 0.021667 0.081542 0.996434 1.577100 0.000000 0.000000 0.000000 1.000000
0.990560 -0.137016 -0.004106 -0.000000 0.136078 0.986506 -0.091042 9.226300 0.016525 0.089624 0.995839 1.577100 0.000000 0.000000 0.000000 1.000000
0.992372 -0.123217 -0.003982 0.000000 0.122318 0.988130 -0.092934 9.226300 0.015386 0.091738 0.995664 1.577100 0.000000 0.000000 0.000000 1.000000
0.994694 -0.101501 -0.016767 -0.000000 0.099660 0.991147 -0.087724 9.226300 0.025522 0.085588 0.996004 1.577100 0.000000 0.000000 0.000000 1.000000
0.997430 -0.062577 -0.034885 0.000000 0.059402 0.994555 -0.085628 9.226300 0.040054 0.083335 0.995716 1.577100 0.000000 0.000000 0.000000 1.000000
0.998651 -0.034121 -0.039153 0.000000 0.029763 0.993819 -0.106948 9.226300 0.042560 0.105639 0.993493 1.577100 0.000000 0.000000 0.000000 1.000000
0.999384 -0.021229 -0.027958 0.000000 0.017852 0.993094 -0.115952 9.226300 0.030226 0.115382 0.992861 1.577100 0.000000 0.000000 0.000000 1.000000
0.999813 -0.012432 -0.014807 0.000000 0.010514 0.992322 -0.123236 9.226300 0.016226 0.123057 0.992267 1.577100 0.000000 0.000000 0.000000 1.000000
0.999904 0.003375 -0.013402 0.000000 -0.005074 0.991653 -0.128838 9.226300 0.012856 0.128894 0.991575 1.577100 0.000000 0.000000 0.000000 1.000000
0.999405 0.025178 -0.023573 -0.000000 -0.028002 0.991332 -0.128364 9.226300 0.020137 0.128948 0.991447 1.577100 0.000000 0.000000 0.000000 1.000000
0.999118 0.034026 -0.024621 0.000000 -0.036666 0.992545 -0.116229 9.226300 0.020482 0.117029 0.992917 1.577100 0.000000 0.000000 0.000000 1.000000
0.999787 0.020615 0.000310 0.000000 -0.020496 0.995392 -0.093674 9.226300 -0.002240 0.093648 0.995603 1.577100 0.000000 0.000000 0.000000 1.000000
0.999466 0.012654 0.030114 0.000000 -0.010355 0.997106 -0.075310 9.226300 -0.030980 0.074958 0.996705 1.577100 0.000000 0.000000 0.000000 1.000000
0.998307 0.019353 0.054856 0.000000 -0.015471 0.997403 -0.070336 9.226300 -0.056075 0.069369 0.996014 1.577100 0.000000 0.000000 0.000000 1.000000
0.996802 0.018382 0.077774 0.000000 -0.013083 0.997592 -0.068109 9.226300 -0.078839 0.066874 0.994642 1.577100 0.000000 0.000000 0.000000 1.000000
0.996141 0.008824 0.087326 0.000000 -0.004121 0.998538 -0.053890 9.226300 -0.087674 0.053322 0.994721 1.577100 0.000000 0.000000 0.000000 1.000000
0.996565 -0.003098 0.082756 0.000000 0.005821 0.999449 -0.032685 9.226300 -0.082609 0.033055 0.996034 1.577100 0.000000 0.000000 0.000000 1.000000
0.997074 -0.012811 0.075355 0.000000 0.014558 0.999637 -0.022689 9.226300 -0.075037 0.023719 0.996899 1.577100 0.000000 0.000000 0.000000 1.000000
0.997279 -0.012166 0.072702 -0.000000 0.014207 0.999517 -0.027626 9.226300 -0.072331 0.028584 0.996971 1.577100 0.000000 0.000000 0.000000 1.000000</float_array><technique_common><accessor source="#Spine-Matrix-animation-output-transform-array" count="38" stride="16"><param type="float4x4"/></accessor></technique_common></source><source id="Spine-Interpolations"><Name_array id="Spine-Interpolations-array" count="38">
 LINEAR LINEAR LINEAR LINEAR LINEAR LINEAR LINEAR LINEAR LINEAR LINEAR LINEAR
LINEAR LINEAR LINEAR LINEAR LINEAR LINEAR LINEAR LINEAR LINEAR LINEAR LINEAR LINEAR
LINEAR LINEAR LINEAR LINEAR LINEAR LINEAR LINEAR LINEAR LINEAR LINEAR LINEAR LINEAR
LINEAR LINEAR LINEAR</Name_array><technique_common><accessor source="#Spine-Interpolations-array" count="38"><param type="name"/></accessor></technique_common></source><sampler id="Spine-Matrix-animation-transform"><input semantic="INPUT" source="#Spine-Matrix-animation-input"/><input semantic="OUTPUT" source="#Spine-Matrix-animation-output-transform"/><input semantic="INTERPOLATION" source="#Spine-Interpolations"/></sampler><channel source="#Spine-Matrix-animation-transform" target="Spine/matrix"/></animation>
    <animation id="Spine1-anim" name="Spine1"><source id="Spine1-Matrix-animation-input"><float_array id="Spine1-Matrix-animation-input-array" count="38">

0.000000 0.033333 0.066667 0.100000 0.133333 0.166667 0.200000 0.233333 0.266667 0.300000 0.333333 0.366667 0.400000 0.433333 0.466667 0.500000
0.533333 0.566667 0.600000 0.633333 0.666667 0.700000 0.733333 0.766667 0.800000 0.833333 0.866667 0.900000 0.933333 0.966667 1.000000 1.033333
1.066667 1.100000 1.133333 1.166667 1.200000 1.233333</float_array><technique_common><accessor source="#Spine1-Matrix-animation-input-array" count="38"><param name="TIME" type="float"/></accessor></technique_common></source><source id="Spine1-Matrix-animation-output-transform"><float_array id="Spine1-Matrix-animation-output-transform-array" count="608">

0.989263 0.041864 0.140020 0.000000 -0.032984 0.997330 -0.065152 16.254000 -0.142373 0.059834 0.988003 -0.165600 0.000000 0.000000 0.000000 1.000000
0.987854 0.045062 0.148705 0.000000 -0.032514 0.995785 -0.085762 16.254000 -0.151943 0.079886 0.985156 -0.165600 0.000000 0.000000 0.000000 1.000000
0.986091 0.054307 0.157081 0.000000 -0.038034 0.993764 -0.104813 16.254000 -0.161793 0.097380 0.982008 -0.165600 0.000000 0.000000 0.000000 1.000000
0.984295 0.067891 0.162953 0.000000 -0.048287 0.991430 -0.121389 16.254000 -0.169798 0.111614 0.979138 -0.165600 0.000000 0.000000 0.000000 1.000000
0.981914 0.084721 0.169316 0.000000 -0.061656 0.988633 -0.137123 16.254000 -0.179009 0.124204 0.975976 -0.165600 0.000000 0.000000 0.000000 1.000000
0.977931 0.106284 0.179876 0.000000 -0.078648 0.984880 -0.154354 16.254000 -0.193562 0.136800 0.971504 -0.165600 0.000000 0.000000 0.000000 1.000000
0.971739 0.133017 0.195012 0.000000 -0.099625 0.980037 -0.172052 16.254000 -0.214005 0.147762 0.965592 -0.165600 0.000000 0.000000 0.000000 1.000000
0.965189 0.160508 0.206511 -0.000000 -0.122430 0.974973 -0.185575 16.254000 -0.231130 0.153832 0.960685 -0.165600 0.000000 0.000000 0.000000 1.000000
0.963228 0.176288 0.202767 0.000000 -0.139198 0.972905 -0.184610 16.254000 -0.229818 0.149596 0.961668 -0.165600 0.000000 0.000000 0.000000 1.000000
0.967775 0.173780 0.182242 0.000000 -0.144091 0.975678 -0.165198 16.254000 -0.206517 0.133615 0.969277 -0.165600 0.000000 0.000000 0.000000 1.000000
0.976377 0.154945 0.150599 0.000000 -0.134905 0.981580 -0.135280 16.254000 -0.168786 0.111768 0.979295 -0.165600 0.000000 0.000000 0.000000 1.000000
0.987163 0.117824 0.107829 -0.000000 -0.106311 0.988566 -0.106932 16.254000 -0.119196 0.094095 0.988402 -0.165600 0.000000 0.000000 0.000000 1.000000
0.996727 0.064486 0.048760 0.000000 -0.059514 0.993472 -0.097320 16.254000 -0.054717 0.094100 0.994058 -0.165600 0.000000 0.000000 0.000000 1.000000
0.999679 0.002450 -0.025202 0.000000 -0.005391 0.993081 -0.117304 16.254000 0.024740 0.117402 0.992776 -0.165600 0.000000 0.000000 0.000000 1.000000
0.994085 -0.053093 -0.094740 0.000000 0.037516 0.986531 -0.159214 16.254000 0.101917 0.154718 0.982688 -0.165600 0.000000 0.000000 0.000000 1.000000
0.986463 -0.087198 -0.138880 0.000000 0.059587 0.979619 -0.191823 16.254000 0.152776 0.180951 0.971553 -0.165600 0.000000 0.000000 0.000000 1.000000
0.981945 -0.102169 -0.159204 0.000000 0.071481 0.979606 -0.187781 16.254000 0.175143 0.173011 0.969223 -0.165600 0.000000 0.000000 0.000000 1.000000
0.978967 -0.113319 -0.169652 0.000000 0.086658 0.983779 -0.157062 16.254000 0.184698 0.139057 0.972908 -0.165600 0.000000 0.000000 0.000000 1.000000
0.978029 -0.115591 -0.173489 0.000000 0.093721 0.987157 -0.129371 16.254000 0.186215 0.110269 0.976302 -0.165600 0.000000 0.000000 0.000000 1.000000
0.979630 -0.113589 -0.165597 0.000000 0.091889 0.986808 -0.133293 16.254000 0.178553 0.115362 0.977144 -0.165600 0.000000 0.000000 0.000000 1.000000
0.982623 -0.105461 -0.152742 0.000000 0.082070 0.984954 -0.152085 16.254000 0.166483 0.136906 0.976494 -0.165600 0.000000 0.000000 0.000000 1.000000
0.984411 -0.094011 -0.148653 0.000000 0.070513 0.985218 -0.156122 16.254000 0.161133 0.143206 0.976488 -0.165600 0.000000 0.000000 0.000000 1.000000
0.984518 -0.078219 -0.156864 0.000000 0.055034 0.987596 -0.147055 16.254000 0.166421 0.136146 0.976611 -0.165600 0.000000 0.000000 0.000000 1.000000
0.984539 -0.052466 -0.167126 0.000000 0.028068 0.989014 -0.145133 16.254000 0.172904 0.138198 0.975195 -0.165600 0.000000 0.000000 0.000000 1.000000
0.986504 -0.023593 -0.162030 -0.000000 -0.003759 0.986040 -0.166465 16.254000 0.163696 0.164827 0.972644 -0.165600 0.000000 0.000000 0.000000 1.000000
0.990778 -0.004408 -0.135421 -0.000000 -0.020722 0.982782 -0.183603 16.254000 0.133899 0.184716 0.973628 -0.165600 0.000000 0.000000 0.000000 1.000000
0.994847 0.006536 -0.101172 0.000000 -0.026593 0.979802 -0.198196 16.254000 0.097833 0.199865 0.974927 -0.165600 0.000000 0.000000 0.000000 1.000000
0.996237 0.027498 -0.082191 0.000000 -0.044072 0.977298 -0.207233 16.254000 0.074626 0.210075 0.974833 -0.165600 0.000000 0.000000 0.000000 1.000000
0.994596 0.063371 -0.082237 0.000000 -0.078969 0.975994 -0.202978 16.254000 0.067400 0.208375 0.975724 -0.165600 0.000000 0.000000 0.000000 1.000000
0.992224 0.095639 -0.079652 -0.000000 -0.108742 0.977462 -0.180950 16.254000 0.060551 0.188205 0.980261 -0.165600 0.000000 0.000000 0.000000 1.000000
0.992972 0.107936 -0.048545 0.000000 -0.114020 0.982403 -0.147935 16.254000 0.031723 0.152430 0.987805 -0.165600 0.000000 0.000000 0.000000 1.000000
0.994446 0.104731 0.010419 0.000000 -0.102626 0.986868 -0.124736 16.254000 -0.023346 0.122974 0.992135 -0.165600 0.000000 0.000000 0.000000 1.000000
0.992106 0.093627 0.083426 0.000000 -0.083080 0.989048 -0.121990 16.254000 -0.093933 0.114096 0.989019 -0.165600 0.000000 0.000000 0.000000 1.000000
0.986606 0.074577 0.145073 -0.000000 -0.056892 0.990843 -0.122447 16.254000 -0.152876 0.112554 0.981815 -0.165600 0.000000 0.000000 0.000000 1.000000
0.983998 0.056249 0.169070 0.000000 -0.039592 0.994166 -0.100328 16.254000 -0.173727 0.092028 0.980484 -0.165600 0.000000 0.000000 0.000000 1.000000
0.986309 0.046656 0.158169 0.000000 -0.036573 0.997144 -0.066074 16.254000 -0.160800 0.059385 0.985199 -0.165600 0.000000 0.000000 0.000000 1.000000
0.989058 0.043257 0.141045 0.000000 -0.036062 0.997934 -0.053179 16.254000 -0.143054 0.047510 0.988574 -0.165600 0.000000 0.000000 0.000000 1.000000
0.989264 0.041844 0.140020 0.000000 -0.032965 0.997332 -0.065139 16.254000 -0.142372 0.059824 0.988004 -0.165600 0.000000 0.000000 0.000000 1.000000</float_array><technique_common><accessor source="#Spine1-Matrix-animation-output-transform-array" count="38" stride="16"><param type="float4x4"/></accessor></technique_common></source><source id="Spine1-Interpolations"><Name_array id="Spine1-Interpolations-array" count="38">
 LINEAR LINEAR LINEAR LINEAR LINEAR LINEAR LINEAR LINEAR LINEAR LINEAR LINEAR
LINEAR LINEAR LINEAR LINEAR LINEAR LINEAR LINEAR LINEAR LINEAR LINEAR LINEAR LINEAR
LINEAR LINEAR LINEAR LINEAR LINEAR LINEAR LINEAR LINEAR LINEAR LINEAR LINEAR LINEAR
LINEAR LINEAR LINEAR</Name_array><technique_common><accessor source="#Spine1-Interpolations-array" count="38"><param type="name"/></accessor></technique_common></source><sampler id="Spine1-Matrix-animation-transform"><input semantic="INPUT" source="#Spine1-Matrix-animation-input"/><input semantic="OUTPUT" source="#Spine1-Matrix-animation-output-transform"/><input semantic="INTERPOLATION" source="#Spine1-Interpolations"/></sampler><channel source="#Spine1-Matrix-animation-transform" target="Spine1/matrix"/></animation>
    <animation id="Spine2-anim" name="Spine2"><source id="Spine2-Matrix-animation-input"><float_array id="Spine2-Matrix-animation-input-array" count="38">

0.000000 0.033333 0.066667 0.100000 0.133333 0.166667 0.200000 0.233333 0.266667 0.300000 0.333333 0.366667 0.400000 0.433333 0.466667 0.500000
0.533333 0.566667 0.600000 0.633333 0.666667 0.700000 0.733333 0.766667 0.800000 0.833333 0.866667 0.900000 0.933333 0.966667 1.000000 1.033333
1.066667 1.100000 1.133333 1.166667 1.200000 1.233333</float_array><technique_common><accessor source="#Spine2-Matrix-animation-input-array" count="38"><param name="TIME" type="float"/></accessor></technique_common></source><source id="Spine2-Matrix-animation-output-transform"><float_array id="Spine2-Matrix-animation-output-transform-array" count="608">

0.989295 0.041790 0.139820 -0.000000 -0.032907 0.997326 -0.065251 13.639600 -0.142173 0.059951 0.988025 -1.292300 0.000000 0.000000 0.000000 1.000000
0.987903 0.044586 0.148525 0.000000 -0.032017 0.995783 -0.085968 13.639600 -0.151732 0.080172 0.985165 -1.292300 0.000000 0.000000 0.000000 1.000000
0.986174 0.053406 0.156869 0.000000 -0.037080 0.993758 -0.105214 13.639600 -0.161509 0.097943 0.981999 -1.292300 0.000000 0.000000 0.000000 1.000000
0.984416 0.066694 0.162719 0.000000 -0.046994 0.991411 -0.122049 13.639600 -0.169462 0.112500 0.979095 -1.292300 0.000000 0.000000 0.000000 1.000000
0.982092 0.083370 0.168954 0.000000 -0.060152 0.988581 -0.138163 13.639600 -0.178543 0.125525 0.975892 -1.292300 0.000000 0.000000 0.000000 1.000000
0.978252 0.104653 0.179085 -0.000000 -0.076768 0.984750 -0.156121 13.639600 -0.192692 0.138977 0.971368 -1.292300 0.000000 0.000000 0.000000 1.000000
0.972307 0.131026 0.193526 0.000000 -0.097205 0.979763 -0.174971 13.639600 -0.212535 0.151314 0.965367 -1.292300 0.000000 0.000000 0.000000 1.000000
0.966043 0.158217 0.204272 0.000000 -0.119466 0.974522 -0.189828 13.639600 -0.229102 0.158979 0.960332 -1.292300 0.000000 0.000000 0.000000 1.000000
0.964215 0.174238 0.199828 -0.000000 -0.136394 0.972326 -0.189678 13.639600 -0.227347 0.155635 0.961297 -1.292300 0.000000 0.000000 0.000000 1.000000
0.968650 0.172524 0.178753 0.000000 -0.142250 0.975078 -0.170258 13.639600 -0.203671 0.139493 0.969051 -1.292300 0.000000 0.000000 0.000000 1.000000
0.976982 0.154427 0.147166 0.000000 -0.134056 0.981098 -0.139558 13.639600 -0.165936 0.116617 0.979217 -1.292300 0.000000 0.000000 0.000000 1.000000
0.987457 0.117585 0.105371 0.000000 -0.106001 0.988317 -0.109516 13.639600 -0.117017 0.096973 0.988384 -1.292300 0.000000 0.000000 0.000000 1.000000
0.996789 0.064167 0.047903 0.000000 -0.059244 0.993429 -0.097927 13.639600 -0.053872 0.094775 0.994040 -1.292300 0.000000 0.000000 0.000000 1.000000
0.999699 0.002867 -0.024369 0.000000 -0.005710 0.993066 -0.117418 13.639600 0.023864 0.117522 0.992783 -1.292300 0.000000 0.000000 0.000000 1.000000
0.994456 -0.050409 -0.092287 0.000000 0.035046 0.986316 -0.161097 13.639600 0.099145 0.156970 0.982614 -1.292300 0.000000 0.000000 0.000000 1.000000
0.987387 -0.082028 -0.135422 0.000000 0.054480 0.979119 -0.195850 13.639600 0.148659 0.186002 0.971238 -1.292300 0.000000 0.000000 0.000000 1.000000
0.983102 -0.095770 -0.156011 -0.000000 0.064727 0.979038 -0.193121 13.639600 0.171236 0.179760 0.968692 -1.292300 0.000000 0.000000 0.000000 1.000000
0.980008 -0.106029 -0.168352 0.000000 0.078369 0.983476 -0.163197 13.639600 0.182874 0.146741 0.972124 -1.292300 0.000000 0.000000 0.000000 1.000000
0.978671 -0.108030 -0.174736 0.000000 0.085028 0.987304 -0.134169 13.639600 0.187011 0.116450 0.975431 -1.292300 0.000000 0.000000 0.000000 1.000000
0.980085 -0.105890 -0.167990 -0.000000 0.083267 0.987143 -0.136440 13.639600 0.180278 0.119735 0.976301 -1.292300 0.000000 0.000000 0.000000 1.000000
0.983009 -0.097712 -0.155390 0.000000 0.073574 0.985306 -0.154140 13.639600 0.168168 0.140088 0.975753 -1.292300 0.000000 0.000000 0.000000 1.000000
0.984709 -0.086162 -0.151406 0.000000 0.062030 0.985578 -0.157441 13.639600 0.162788 0.145642 0.975853 -1.292300 0.000000 0.000000 0.000000 1.000000
0.984691 -0.070088 -0.159598 0.000000 0.046429 0.987984 -0.147420 13.639600 0.168013 0.137753 0.976113 -1.292300 0.000000 0.000000 0.000000 1.000000
0.984501 -0.044074 -0.169749 0.000000 0.019472 0.989393 -0.143953 13.639600 0.174293 0.138416 0.974917 -1.292300 0.000000 0.000000 0.000000 1.000000
0.986234 -0.013896 -0.164773 0.000000 -0.013492 0.986378 -0.163942 13.639600 0.164807 0.163908 0.972611 -1.292300 0.000000 0.000000 0.000000 1.000000
0.990500 0.003821 -0.137461 0.000000 -0.028976 0.982969 -0.181473 13.639600 0.134426 0.183732 0.973741 -1.292300 0.000000 0.000000 0.000000 1.000000
0.994614 0.012678 -0.102872 0.000000 -0.032832 0.979920 -0.196670 13.639600 0.098313 0.198989 0.975058 -1.292300 0.000000 0.000000 0.000000 1.000000
0.995954 0.032538 -0.083766 0.000000 -0.049224 0.977398 -0.205597 13.639600 0.075183 0.208889 0.975045 -1.292300 0.000000 0.000000 0.000000 1.000000
0.994199 0.068565 -0.082865 -0.000000 -0.084043 0.976034 -0.200732 13.639600 0.067116 0.206532 0.976135 -1.292300 0.000000 0.000000 0.000000 1.000000
0.991872 0.100498 -0.078041 -0.000000 -0.113096 0.977365 -0.178793 13.639600 0.058306 0.186166 0.980787 -1.292300 0.000000 0.000000 0.000000 1.000000
0.992835 0.110556 -0.045348 0.000000 -0.116099 0.982289 -0.147069 13.639600 0.028286 0.151281 0.988086 -1.292300 0.000000 0.000000 0.000000 1.000000
0.994414 0.104693 0.013423 -0.000000 -0.102213 0.986878 -0.125000 13.639600 -0.026333 0.122929 0.992066 -1.292300 0.000000 0.000000 0.000000 1.000000
0.992135 0.091078 0.085864 0.000000 -0.080166 0.989171 -0.122940 13.639600 -0.096131 0.115090 0.988693 -1.292300 0.000000 0.000000 0.000000 1.000000
0.986634 0.070065 0.147118 0.000000 -0.052033 0.991038 -0.123030 13.639600 -0.154420 0.113731 0.981438 -1.292300 0.000000 0.000000 0.000000 1.000000
0.983986 0.052444 0.170355 0.000000 -0.035645 0.994327 -0.100215 13.639600 -0.174644 0.092537 0.980274 -1.292300 0.000000 0.000000 0.000000 1.000000
0.986314 0.045342 0.158523 0.000000 -0.035237 0.997198 -0.065988 13.639600 -0.161071 0.059499 0.985148 -1.292300 0.000000 0.000000 0.000000 1.000000
0.989081 0.043194 0.140903 0.000000 -0.036001 0.997934 -0.053206 13.639600 -0.142910 0.047552 0.988593 -1.292300 0.000000 0.000000 0.000000 1.000000
0.989295 0.041771 0.139822 0.000000 -0.032890 0.997328 -0.065235 13.639600 -0.142173 0.059938 0.988025 -1.292300 0.000000 0.000000 0.000000 1.000000</float_array><technique_common><accessor source="#Spine2-Matrix-animation-output-transform-array" count="38" stride="16"><param type="float4x4"/></accessor></technique_common></source><source id="Spine2-Interpolations"><Name_array id="Spine2-Interpolations-array" count="38">
 LINEAR LINEAR LINEAR LINEAR LINEAR LINEAR LINEAR LINEAR LINEAR LINEAR LINEAR
LINEAR LINEAR LINEAR LINEAR LINEAR LINEAR LINEAR LINEAR LINEAR LINEAR LINEAR LINEAR
LINEAR LINEAR LINEAR LINEAR LINEAR LINEAR LINEAR LINEAR LINEAR LINEAR LINEAR LINEAR
LINEAR LINEAR LINEAR</Name_array><technique_common><accessor source="#Spine2-Interpolations-array" count="38"><param type="name"/></accessor></technique_common></source><sampler id="Spine2-Matrix-animation-transform"><input semantic="INPUT" source="#Spine2-Matrix-animation-input"/><input semantic="OUTPUT" source="#Spine2-Matrix-animation-output-transform"/><input semantic="INTERPOLATION" source="#Spine2-Interpolations"/></sampler><channel source="#Spine2-Matrix-animation-transform" target="Spine2/matrix"/></animation>
    <animation id="Neck-anim" name="Neck"><source id="Neck-Matrix-animation-input"><float_array id="Neck-Matrix-animation-input-array" count="38">

0.000000 0.033333 0.066667 0.100000 0.133333 0.166667 0.200000 0.233333 0.266667 0.300000 0.333333 0.366667 0.400000 0.433333 0.466667 0.500000
0.533333 0.566667 0.600000 0.633333 0.666667 0.700000 0.733333 0.766667 0.800000 0.833333 0.866667 0.900000 0.933333 0.966667 1.000000 1.033333
1.066667 1.100000 1.133333 1.166667 1.200000 1.233333</float_array><technique_common><accessor source="#Neck-Matrix-animation-input-array" count="38"><param name="TIME" type="float"/></accessor></technique_common></source><source id="Neck-Matrix-animation-output-transform"><float_array id="Neck-Matrix-animation-output-transform-array" count="608">

0.997713 -0.045054 -0.050393 -0.000000 0.043493 0.998552 -0.031666 13.877400 0.051747 0.029402 0.998227 -4.354200 0.000000 0.000000 0.000000 1.000000
0.997510 -0.038507 -0.059081 0.000000 0.037370 0.999097 -0.020218 13.877400 0.059806 0.017960 0.998048 -4.354200 0.000000 0.000000 0.000000 1.000000
0.996781 -0.040412 -0.069247 0.000000 0.040866 0.999151 0.005144 13.877400 0.068980 -0.007957 0.997586 -4.354200 0.000000 0.000000 0.000000 1.000000
0.995412 -0.052266 -0.080146 0.000000 0.056005 0.997409 0.045142 13.877400 0.077579 -0.049423 0.995760 -4.354200 0.000000 0.000000 0.000000 1.000000
0.993770 -0.066124 -0.089710 0.000000 0.074576 0.992738 0.094389 13.877400 0.082817 -0.100491 0.991485 -4.354200 0.000000 0.000000 0.000000 1.000000
0.992833 -0.070061 -0.096821 0.000000 0.083922 0.985505 0.147436 13.877400 0.085088 -0.154505 0.984321 -4.354200 0.000000 0.000000 0.000000 1.000000
0.992628 -0.063059 -0.103504 0.000000 0.082703 0.976687 0.198096 13.877400 0.088599 -0.205196 0.974702 -4.354200 0.000000 0.000000 0.000000 1.000000
0.992375 -0.054988 -0.110306 0.000000 0.080661 0.966440 0.243899 13.877400 0.093193 -0.250937 0.963507 -4.354200 0.000000 0.000000 0.000000 1.000000
0.992768 -0.043244 -0.111993 0.000000 0.072318 0.960036 0.270371 13.877400 0.095826 -0.276514 0.956220 -4.354200 0.000000 0.000000 0.000000 1.000000
0.994360 -0.019388 -0.104268 0.000000 0.047032 0.961798 0.269690 13.877400 0.095056 -0.273073 0.957285 -4.354200 0.000000 0.000000 0.000000 1.000000
0.995932 0.007191 -0.089816 0.000000 0.015223 0.969052 0.246387 13.877400 0.088808 -0.246752 0.965001 -4.354200 0.000000 0.000000 0.000000 1.000000
0.997186 0.015808 -0.073281 0.000000 -0.000808 0.979725 0.200343 13.877400 0.074963 -0.199720 0.976981 -4.354200 0.000000 0.000000 0.000000 1.000000
0.998419 -0.000312 -0.056213 0.000000 0.008138 0.990251 0.139059 13.877400 0.055622 -0.139297 0.988687 -4.354200 0.000000 0.000000 0.000000 1.000000
0.999117 -0.022162 -0.035684 0.000000 0.024922 0.996573 0.078869 13.877400 0.033814 -0.079689 0.996246 -4.354200 0.000000 0.000000 0.000000 1.000000
0.999692 -0.022845 -0.009718 0.000000 0.023140 0.999239 0.031410 13.877400 0.008993 -0.031626 0.999459 -4.354200 0.000000 0.000000 0.000000 1.000000
0.999806 0.004187 0.019272 -0.000000 -0.003837 0.999827 -0.018197 13.877400 -0.019345 0.018120 0.999649 -4.354200 0.000000 0.000000 0.000000 1.000000
0.997820 0.048719 0.044515 0.000000 -0.043810 0.993477 -0.105283 13.877400 -0.049354 0.103103 0.993445 -4.354200 0.000000 0.000000 0.000000 1.000000
0.994492 0.089492 0.054558 0.000000 -0.075512 0.972757 -0.219184 13.877400 -0.072687 0.213857 0.974157 -4.354200 0.000000 0.000000 0.000000 1.000000
0.991964 0.114577 0.053669 0.000000 -0.094420 0.952726 -0.288787 13.877400 -0.084220 0.281399 0.955888 -4.354200 0.000000 0.000000 0.000000 1.000000
0.988759 0.138930 0.055268 -0.000000 -0.117142 0.949496 -0.291094 13.877400 -0.092919 0.281347 0.955097 -4.354200 0.000000 0.000000 0.000000 1.000000
0.984087 0.167170 0.060216 -0.000000 -0.146499 0.955127 -0.257429 13.877400 -0.100548 0.244511 0.964419 -4.354200 0.000000 0.000000 0.000000 1.000000
0.980928 0.183920 0.062874 0.000000 -0.164481 0.957813 -0.235669 13.877400 -0.103566 0.220833 0.969797 -4.354200 0.000000 0.000000 0.000000 1.000000
0.981599 0.180460 0.062423 -0.000000 -0.161895 0.959853 -0.229069 13.877400 -0.101255 0.214748 0.971407 -4.354200 0.000000 0.000000 0.000000 1.000000
0.984807 0.162012 0.062506 0.000000 -0.146527 0.968449 -0.201584 13.877400 -0.093193 0.189362 0.977475 -4.354200 0.000000 0.000000 0.000000 1.000000
0.988848 0.135660 0.061446 0.000000 -0.126809 0.983336 -0.130271 13.877400 -0.078094 0.121027 0.989573 -4.354200 0.000000 0.000000 0.000000 1.000000
0.991737 0.115591 0.055645 0.000000 -0.114613 0.993199 -0.020469 13.877400 -0.057633 0.013922 0.998241 -4.354200 0.000000 0.000000 0.000000 1.000000
0.993878 0.099806 0.047380 -0.000000 -0.103166 0.991850 0.074769 13.877400 -0.039532 -0.079199 0.996075 -4.354200 0.000000 0.000000 0.000000 1.000000
0.997203 0.063438 0.039512 0.000000 -0.067479 0.991514 0.111113 13.877400 -0.032128 -0.113468 0.993022 -4.354200 0.000000 0.000000 0.000000 1.000000
0.999362 0.007441 0.034939 0.000000 -0.010708 0.995490 0.094260 13.877400 -0.034080 -0.094574 0.994934 -4.354200 0.000000 0.000000 0.000000 1.000000
0.998564 -0.041650 0.033683 0.000000 0.039569 0.997398 0.060256 13.877400 -0.036105 -0.058837 0.997615 -4.354200 0.000000 0.000000 0.000000 1.000000
0.997070 -0.071958 0.025951 -0.000000 0.070814 0.996580 0.042576 13.877400 -0.028926 -0.040614 0.998756 -4.354200 0.000000 0.000000 0.000000 1.000000
0.996639 -0.081062 0.011851 -0.000000 0.080495 0.995854 0.042379 13.877400 -0.015238 -0.041282 0.999031 -4.354200 0.000000 0.000000 0.000000 1.000000
0.997060 -0.076598 -0.002059 -0.000000 0.076619 0.996257 0.040022 13.877400 -0.001014 -0.040062 0.999197 -4.354200 0.000000 0.000000 0.000000 1.000000
0.997439 -0.069839 -0.015430 0.000000 0.070170 0.997290 0.022100 13.877400 0.013844 -0.023126 0.999637 -4.354200 0.000000 0.000000 0.000000 1.000000
0.997490 -0.065520 -0.026866 -0.000000 0.065416 0.997847 -0.004719 13.877400 0.027118 0.002950 0.999628 -4.354200 0.000000 0.000000 0.000000 1.000000
0.997479 -0.061501 -0.035410 0.000000 0.060622 0.997838 -0.025390 13.877400 0.036895 0.023179 0.999050 -4.354200 0.000000 0.000000 0.000000 1.000000
0.997607 -0.054317 -0.042769 -0.000000 0.052900 0.998034 -0.033604 13.877400 0.044511 0.031262 0.998520 -4.354200 0.000000 0.000000 0.000000 1.000000
0.997713 -0.045054 -0.050393 0.000000 0.043493 0.998552 -0.031666 13.877400 0.051747 0.029402 0.998227 -4.354200 0.000000 0.000000 0.000000 1.000000</float_array><technique_common><accessor source="#Neck-Matrix-animation-output-transform-array" count="38" stride="16"><param type="float4x4"/></accessor></technique_common></source><source id="Neck-Interpolations"><Name_array id="Neck-Interpolations-array" count="38">
 LINEAR LINEAR LINEAR LINEAR LINEAR LINEAR LINEAR LINEAR LINEAR LINEAR LINEAR
LINEAR LINEAR LINEAR LINEAR LINEAR LINEAR LINEAR LINEAR LINEAR LINEAR LINEAR LINEAR
LINEAR LINEAR LINEAR LINEAR LINEAR LINEAR LINEAR LINEAR LINEAR LINEAR LINEAR LINEAR
LINEAR LINEAR LINEAR</Name_array><technique_common><accessor source="#Neck-Interpolations-array" count="38"><param type="name"/></accessor></technique_common></source><sampler id="Neck-Matrix-animation-transform"><input semantic="INPUT" source="#Neck-Matrix-animation-input"/><input semantic="OUTPUT" source="#Neck-Matrix-animation-output-transform"/><input semantic="INTERPOLATION" source="#Neck-Interpolations"/></sampler><channel source="#Neck-Matrix-animation-transform" target="Neck/matrix"/></animation>
    <animation id="Neck1-anim" name="Neck1"><source id="Neck1-Matrix-animation-input"><float_array id="Neck1-Matrix-animation-input-array" count="38">

0.000000 0.033333 0.066667 0.100000 0.133333 0.166667 0.200000 0.233333 0.266667 0.300000 0.333333 0.366667 0.400000 0.433333 0.466667 0.500000
0.533333 0.566667 0.600000 0.633333 0.666667 0.700000 0.733333 0.766667 0.800000 0.833333 0.866667 0.900000 0.933333 0.966667 1.000000 1.033333
1.066667 1.100000 1.133333 1.166667 1.200000 1.233333</float_array><technique_common><accessor source="#Neck1-Matrix-animation-input-array" count="38"><param name="TIME" type="float"/></accessor></technique_common></source><source id="Neck1-Matrix-animation-output-transform"><float_array id="Neck1-Matrix-animation-output-transform-array" count="608">

1.000000 -0.000000 -0.000000 0.000000 0.000000 1.000000 0.000000 4.340000 0.000000 0.000000 1.000000 0.926900 0.000000 0.000000 0.000000 1.000000
1.000000 0.000000 0.000000 0.000000 0.000000 1.000000 0.000000 4.340000 0.000000 0.000000 1.000000 0.926900 0.000000 0.000000 0.000000 1.000000
1.000000 0.000000 0.000000 0.000000 0.000000 1.000000 -0.000000 4.340000 0.000000 0.000000 1.000000 0.926900 0.000000 0.000000 0.000000 1.000000
1.000000 0.000000 0.000000 0.000000 -0.000000 1.000000 0.000000 4.340000 -0.000000 -0.000000 1.000000 0.926900 0.000000 0.000000 0.000000 1.000000
1.000000 0.000000 -0.000000 -0.000000 0.000000 1.000000 0.000000 4.340000 0.000000 0.000000 1.000000 0.926900 0.000000 0.000000 0.000000 1.000000
1.000000 -0.000000 0.000000 0.000000 0.000000 1.000000 0.000000 4.340000 0.000000 0.000000 1.000000 0.926900 0.000000 0.000000 0.000000 1.000000
1.000000 -0.000000 -0.000000 -0.000000 -0.000000 1.000000 -0.000000 4.340000 0.000000 0.000000 1.000000 0.926900 0.000000 0.000000 0.000000 1.000000
1.000000 0.000000 0.000000 0.000000 -0.000000 1.000000 0.000000 4.340000 0.000000 0.000000 1.000000 0.926900 0.000000 0.000000 0.000000 1.000000
