<?xml version="1.0" encoding="utf-8"?>
<COLLADA xmlns="http://www.collada.org/2005/11/COLLADASchema" version="1.4.1">
  <asset><contributor><author>Mixamo</author><authoring_tool>COLLADA Mixamo exporter</authoring_tool><comments></comments></contributor><created>2018-12-18T20:54:24Z</created><modified>2018-12-18T20:54:24Z</modified><revision></revision><title></title><unit meter="0.010000"/><up_axis>Y_UP</up_axis></asset>
  <library_animations>
    <animation id="Hips-anim" name="Hips"><source id="Hips-Matrix-animation-input"><float_array id="Hips-Matrix-animation-input-array" count="58">

0.000000 0.033333 0.066667 0.100000 0.133333 0.166667 0.200000 0.233333 0.266667 0.300000 0.333333 0.366667 0.400000 0.433333 0.466667 0.500000
0.533333 0.566667 0.600000 0.633333 0.666667 0.700000 0.733333 0.766667 0.800000 0.833333 0.866667 0.900000 0.933333 0.966667 1.000000 1.033333
1.066667 1.100000 1.133333 1.166667 1.200000 1.233333 1.266667 1.300000 1.333333 1.366667 1.400000 1.433333 1.466667 1.500000 1.533333 1.566667
1.600000 1.633333 1.666667 1.700000 1.733333 1.766667 1.800000 1.833333 1.866667 1.900000</float_array><technique_common><accessor source="#Hips-Matrix-animation-input-array" count="58"><param name="TIME" type="float"/></accessor></technique_common></source><source id="Hips-Matrix-animation-output-transform"><float_array id="Hips-Matrix-animation-output-transform-array" count="928">

0.730075 0.051056 -0.681457 0.069246 0.002630 0.996988 0.077514 89.495827 0.683362 -0.058384 0.727742 -0.878655 0.000000 0.000000 0.000000 1.000000
0.729102 0.042564 -0.683080 0.493838 -0.001037 0.998132 0.061089 89.407417 0.684404 -0.043832 0.727784 -1.004244 0.000000 0.000000 0.000000 1.000000
0.721122 0.015328 -0.692639 1.834120 -0.001473 0.999787 0.020593 88.485451 0.692807 -0.013830 0.720991 -1.476802 0.000000 0.000000 0.000000 1.000000
0.698004 -0.030238 -0.715455 3.790803 -0.008665 0.998678 -0.050662 86.345551 0.716041 0.041562 0.696820 -2.199260 0.000000 0.000000 0.000000 1.000000
0.666225 -0.085690 -0.740811 6.184105 -0.026310 0.990057 -0.138182 82.692856 0.745286 0.111551 0.657347 -3.087627 0.000000 0.000000 0.000000 1.000000
0.629888 -0.141630 -0.763664 8.698548 -0.054176 0.972826 -0.225108 77.466171 0.774794 0.183165 0.605098 -4.048589 0.000000 0.000000 0.000000 1.000000
0.603056 -0.194050 -0.773737 10.912258 -0.076873 0.951309 -0.298499 70.954239 0.793986 0.239491 0.558775 -4.924154 0.000000 0.000000 0.000000 1.000000
0.597627 -0.233772 -0.766937 12.670619 -0.065036 0.939264 -0.336978 63.934185 0.799132 0.251266 0.546126 -5.378258 0.000000 0.000000 0.000000 1.000000
0.596554 -0.256100 -0.760615 13.597560 -0.029331 0.940131 -0.339548 57.864170 0.802037 0.224869 0.553328 -5.283282 0.000000 0.000000 0.000000 1.000000
0.598970 -0.238731 -0.764358 13.538795 -0.006705 0.952998 -0.302903 54.028702 0.800744 0.186554 0.569216 -5.002017 0.000000 0.000000 0.000000 1.000000
0.616955 -0.173435 -0.767650 12.537467 0.001996 0.975757 -0.218849 52.772964 0.786996 0.133488 0.602345 -4.711386 0.000000 0.000000 0.000000 1.000000
0.644266 -0.103416 -0.757777 10.471245 0.010923 0.991959 -0.126089 54.695541 0.764723 0.072957 0.640215 -4.537873 0.000000 0.000000 0.000000 1.000000
0.685439 -0.049705 -0.726431 7.647991 0.020126 0.998579 -0.049336 59.704823 0.727851 0.019196 0.685466 -4.850192 0.000000 0.000000 0.000000 1.000000
0.727275 0.007799 -0.686302 4.337511 0.020948 0.999217 0.033554 67.102997 0.686026 -0.038780 0.726543 -5.181493 0.000000 0.000000 0.000000 1.000000
0.759334 0.064286 -0.647517 0.401952 0.033987 0.989831 0.138128 76.928871 0.649812 -0.126892 0.749428 -4.575801 0.000000 0.000000 0.000000 1.000000
0.777119 0.093981 -0.622297 -3.868366 0.050249 0.976366 0.210203 89.005615 0.627345 -0.194622 0.754030 -3.179594 0.000000 0.000000 0.000000 1.000000
0.766276 0.089514 -0.636246 -7.638923 0.062346 0.975215 0.212292 99.734146 0.639480 -0.202342 0.741703 -2.442629 0.000000 0.000000 0.000000 1.000000
0.767839 0.044515 -0.639094 -8.343534 0.093363 0.979157 0.180373 111.857658 0.633803 -0.198165 0.747679 -2.613492 0.000000 0.000000 0.000000 1.000000
0.780957 -0.024080 -0.624120 -6.781704 0.135073 0.982121 0.131124 123.103760 0.609804 -0.186704 0.770247 -3.463586 0.000000 0.000000 0.000000 1.000000
0.771330 -0.104335 -0.627825 -4.460377 0.169874 0.984433 0.045105 132.479919 0.613346 -0.141442 0.777047 -4.599884 0.000000 0.000000 0.000000 1.000000
0.760436 -0.169367 -0.626938 -2.815852 0.214085 0.976806 -0.004212 139.813324 0.613110 -0.131015 0.779058 -5.930494 0.000000 0.000000 0.000000 1.000000
0.752977 -0.181050 -0.632650 -2.268432 0.234836 0.972034 0.001326 145.017227 0.614718 -0.149568 0.774436 -7.143298 0.000000 0.000000 0.000000 1.000000
0.756876 -0.143338 -0.637646 -2.448532 0.240099 0.968412 0.067302 148.048477 0.607857 -0.204038 0.767384 -7.840902 0.000000 0.000000 0.000000 1.000000
0.774767 -0.098656 -0.624502 -3.297440 0.257454 0.951378 0.169107 148.627090 0.577455 -0.291799 0.762496 -7.992524 0.000000 0.000000 0.000000 1.000000
0.799804 -0.052266 -0.597982 -4.357334 0.259017 0.928734 0.265262 146.996063 0.541501 -0.367045 0.756343 -7.845575 0.000000 0.000000 0.000000 1.000000
0.821099 -0.022004 -0.570361 -4.986490 0.239215 0.920532 0.308864 144.252869 0.518240 -0.390046 0.761112 -7.765371 0.000000 0.000000 0.000000 1.000000
0.835303 -0.023141 -0.549303 -4.946963 0.222604 0.927790 0.299420 141.383743 0.502709 -0.372383 0.780137 -7.405700 0.000000 0.000000 0.000000 1.000000
0.846222 -0.044393 -0.530978 -4.512340 0.210240 0.943489 0.256179 138.036438 0.489599 -0.328417 0.807734 -6.607601 0.000000 0.000000 0.000000 1.000000
0.854634 -0.074595 -0.513844 -4.059089 0.196881 0.962280 0.187761 134.123459 0.480456 -0.261633 0.837084 -5.434957 0.000000 0.000000 0.000000 1.000000
0.863925 -0.096139 -0.494359 -3.856518 0.170042 0.979649 0.106644 128.953140 0.474046 -0.176194 0.862691 -3.720223 0.000000 0.000000 0.000000 1.000000
0.884810 -0.099539 -0.455195 -3.947321 0.132743 0.990282 0.041479 121.400116 0.446643 -0.097125 0.889425 -1.035731 0.000000 0.000000 0.000000 1.000000
0.918072 -0.084465 -0.387310 -4.239699 0.100318 0.994737 0.020858 112.086693 0.383510 -0.058003 0.921713 2.017276 0.000000 0.000000 0.000000 1.000000
0.946364 -0.050552 -0.319124 -4.420690 0.063252 0.997560 0.029552 100.681664 0.316852 -0.048152 0.947252 4.522155 0.000000 0.000000 0.000000 1.000000
0.967866 -0.032729 -0.249328 -4.715349 0.035977 0.999317 0.008482 88.473343 0.248880 -0.017179 0.968382 5.314910 0.000000 0.000000 0.000000 1.000000
0.978548 -0.073747 -0.192369 -4.848352 0.060511 0.995435 -0.073805 77.374428 0.196934 0.060581 0.978543 4.123671 0.000000 0.000000 0.000000 1.000000
0.967400 -0.151796 -0.202718 -3.988920 0.122792 0.981220 -0.148760 69.291451 0.221493 0.119018 0.967872 3.217685 0.000000 0.000000 0.000000 1.000000
0.946833 -0.231069 -0.223861 -2.688266 0.181617 0.958231 -0.220927 64.598091 0.265560 0.168524 0.949251 2.482288 0.000000 0.000000 0.000000 1.000000
0.928818 -0.283172 -0.238978 -1.292189 0.217387 0.938735 -0.267432 61.077679 0.300066 0.196445 0.933472 1.743804 0.000000 0.000000 0.000000 1.000000
0.910053 -0.309452 -0.275759 -0.058905 0.230455 0.930742 -0.283920 58.791115 0.344520 0.194832 0.918339 1.157172 0.000000 0.000000 0.000000 1.000000
0.888982 -0.330386 -0.317107 0.840020 0.237746 0.924799 -0.297025 57.850796 0.391393 0.188659 0.900677 0.812907 0.000000 0.000000 0.000000 1.000000
0.876456 -0.328671 -0.351853 1.311333 0.230162 0.927867 -0.293407 58.305779 0.422907 0.176175 0.888882 0.635418 0.000000 0.000000 0.000000 1.000000
0.868419 -0.305404 -0.390611 1.387013 0.209297 0.939953 -0.269599 60.258286 0.449492 0.152371 0.880193 0.461042 0.000000 0.000000 0.000000 1.000000
0.862500 -0.276633 -0.423755 1.122346 0.182335 0.951000 -0.249705 63.462612 0.472068 0.138105 0.870677 0.324384 0.000000 0.000000 0.000000 1.000000
0.858446 -0.240284 -0.453138 0.619182 0.147516 0.961812 -0.230555 67.498871 0.491232 0.131074 0.861110 0.196391 0.000000 0.000000 0.000000 1.000000
0.847886 -0.204583 -0.489116 0.176011 0.117811 0.972188 -0.202412 71.960434 0.516923 0.113999 0.848407 0.007845 0.000000 0.000000 0.000000 1.000000
0.832067 -0.174145 -0.526629 -0.082805 0.093999 0.979974 -0.175541 76.472641 0.546652 0.096560 0.831774 -0.206195 0.000000 0.000000 0.000000 1.000000
0.816106 -0.142451 -0.560071 -0.190991 0.069779 0.986343 -0.149192 80.596840 0.573674 0.082675 0.814900 -0.426984 0.000000 0.000000 0.000000 1.000000
0.799014 -0.110597 -0.591054 -0.251288 0.049792 0.991734 -0.118259 83.995087 0.599247 0.065061 0.797916 -0.597099 0.000000 0.000000 0.000000 1.000000
0.781386 -0.077950 -0.619161 -0.313390 0.033063 0.995946 -0.083661 86.473740 0.623172 0.044900 0.780795 -0.702143 0.000000 0.000000 0.000000 1.000000
0.765567 -0.043381 -0.641891 -0.320691 0.018315 0.998789 -0.045657 88.077271 0.643095 0.023197 0.765435 -0.823861 0.000000 0.000000 0.000000 1.000000
0.751304 -0.011310 -0.659860 -0.246937 0.009466 0.999935 -0.006362 88.978302 0.659889 -0.001466 0.751362 -0.920622 0.000000 0.000000 0.000000 1.000000
0.741826 0.009680 -0.670522 -0.157979 0.006404 0.999748 0.021519 89.301186 0.670561 -0.020257 0.741577 -0.948507 0.000000 0.000000 0.000000 1.000000
0.737169 0.020989 -0.675383 -0.098556 0.005302 0.999307 0.036842 89.402573 0.675688 -0.030740 0.736547 -0.951804 0.000000 0.000000 0.000000 1.000000
0.734667 0.027799 -0.677858 -0.059750 0.004730 0.998926 0.046092 89.444389 0.678411 -0.037068 0.733747 -0.950325 0.000000 0.000000 0.000000 1.000000
0.732304 0.035500 -0.680052 -0.012527 0.004128 0.998391 0.056563 89.473160 0.680966 -0.044228 0.730979 -0.942614 0.000000 0.000000 0.000000 1.000000
0.730622 0.042221 -0.681476 0.028273 0.003572 0.997836 0.065651 89.489197 0.682773 -0.050400 0.728890 -0.930290 0.000000 0.000000 0.000000 1.000000
0.730061 0.046426 -0.681804 0.050855 0.003155 0.997450 0.071298 89.493050 0.683375 -0.054203 0.728052 -0.913134 0.000000 0.000000 0.000000 1.000000
0.730030 0.051058 -0.681505 0.068955 0.002633 0.996988 0.077514 89.495865 0.683410 -0.058382 0.727697 -0.877300 0.000000 0.000000 0.000000 1.000000</float_array><technique_common><accessor source="#Hips-Matrix-animation-output-transform-array" count="58" stride="16"><param type="float4x4"/></accessor></technique_common></source><source id="Hips-Interpolations"><Name_array id="Hips-Interpolations-array" count="58">
 LINEAR LINEAR LINEAR LINEAR LINEAR LINEAR LINEAR LINEAR LINEAR LINEAR LINEAR
LINEAR LINEAR LINEAR LINEAR LINEAR LINEAR LINEAR LINEAR LINEAR LINEAR LINEAR LINEAR
LINEAR LINEAR LINEAR LINEAR LINEAR LINEAR LINEAR LINEAR LINEAR LINEAR LINEAR LINEAR
LINEAR LINEAR LINEAR LINEAR LINEAR LINEAR LINEAR LINEAR LINEAR LINEAR LINEAR LINEAR
LINEAR LINEAR LINEAR LINEAR LINEAR LINEAR LINEAR LINEAR LINEAR LINEAR LINEAR</Name_array><technique_common><accessor source="#Hips-Interpolations-array" count="58"><param type="name"/></accessor></technique_common></source><sampler id="Hips-Matrix-animation-transform"><input semantic="INPUT" source="#Hips-Matrix-animation-input"/><input semantic="OUTPUT" source="#Hips-Matrix-animation-output-transform"/><input semantic="INTERPOLATION" source="#Hips-Interpolations"/></sampler><channel source="#Hips-Matrix-animation-transform" target="Hips/matrix"/></animation>
    <animation id="Spine-anim" name="Spine"><source id="Spine-Matrix-animation-input"><float_array id="Spine-Matrix-animation-input-array" count="58">

0.000000 0.033333 0.066667 0.100000 0.133333 0.166667 0.200000 0.233333 0.266667 0.300000 0.333333 0.366667 0.400000 0.433333 0.466667 0.500000
0.533333 0.566667 0.600000 0.633333 0.666667 0.700000 0.733333 0.766667 0.800000 0.833333 0.866667 0.900000 0.933333 0.966667 1.000000 1.033333
1.066667 1.100000 1.133333 1.166667 1.200000 1.233333 1.266667 1.300000 1.333333 1.366667 1.400000 1.433333 1.466667 1.500000 1.533333 1.566667
1.600000 1.633333 1.666667 1.700000 1.733333 1.766667 1.800000 1.833333 1.866667 1.900000</float_array><technique_common><accessor source="#Spine-Matrix-animation-input-array" count="58"><param name="TIME" type="float"/></accessor></technique_common></source><source id="Spine-Matrix-animation-output-transform"><float_array id="Spine-Matrix-animation-output-transform-array" count="928">

0.996594 0.021669 0.079570 -0.000000 -0.013537 0.994758 -0.101356 9.226300 -0.081349 0.099934 0.991663 1.577100 0.000000 0.000000 0.000000 1.000000
0.997021 0.021504 0.074066 0.000000 -0.013917 0.994741 -0.101474 9.226300 -0.075858 0.100141 0.992077 1.577100 0.000000 0.000000 0.000000 1.000000
0.997615 0.020585 0.065890 0.000000 -0.013664 0.994503 -0.103816 9.226300 -0.067665 0.102668 0.992412 1.577100 0.000000 0.000000 0.000000 1.000000
0.998033 0.018934 0.059767 -0.000000 -0.012482 0.994230 -0.106540 9.226300 -0.061440 0.105584 0.992511 1.577100 0.000000 0.000000 0.000000 1.000000
0.998408 0.014929 0.054390 0.000000 -0.008794 0.993744 -0.111335 9.226300 -0.055712 0.110679 0.992293 1.577100 0.000000 0.000000 0.000000 1.000000
0.998826 0.009584 0.047475 0.000000 -0.003907 0.992974 -0.118270 9.226300 -0.048274 0.117945 0.991846 1.577100 0.000000 0.000000 0.000000 1.000000
0.999355 0.005520 0.035481 0.000000 -0.000981 0.991943 -0.126684 9.226300 -0.035894 0.126567 0.991308 1.577100 0.000000 0.000000 0.000000 1.000000
0.999771 0.003304 0.021159 0.000000 -0.000331 0.990292 -0.139002 9.226300 -0.021413 0.138963 0.990066 1.577100 0.000000 0.000000 0.000000 1.000000
0.999915 0.003792 0.012470 -0.000000 -0.001887 0.988786 -0.149329 9.226300 -0.012897 0.149293 0.988709 1.577100 0.000000 0.000000 0.000000 1.000000
0.999953 0.004260 0.008714 -0.000000 -0.002860 0.987945 -0.154777 9.226300 -0.009268 0.154744 0.987911 1.577100 0.000000 0.000000 0.000000 1.000000
0.999976 0.000985 0.006838 0.000000 0.000116 0.987255 -0.159145 9.226300 -0.006908 0.159142 0.987232 1.577100 0.000000 0.000000 0.000000 1.000000
0.999936 -0.000397 0.011294 -0.000000 0.002136 0.988004 -0.154415 9.226300 -0.011097 0.154429 0.987942 1.577100 0.000000 0.000000 0.000000 1.000000
0.999900 0.000358 0.014132 0.000000 0.001622 0.990168 -0.139872 9.226300 -0.014043 0.139881 0.990069 1.577100 0.000000 0.000000 0.000000 1.000000
0.999897 -0.000989 0.014347 0.000000 0.002833 0.991623 -0.129131 9.226300 -0.014100 0.129158 0.991524 1.577100 0.000000 0.000000 0.000000 1.000000
0.999801 0.002673 0.019757 0.000000 -0.000227 0.992433 -0.122786 9.226300 -0.019935 0.122757 0.992236 1.577100 0.000000 0.000000 0.000000 1.000000
0.999586 0.010034 0.026963 0.000000 -0.007089 0.994213 -0.107196 9.226300 -0.027883 0.106961 0.993872 1.577100 0.000000 0.000000 0.000000 1.000000
0.999314 0.018107 0.032310 -0.000000 -0.015142 0.995850 -0.089744 9.226300 -0.033801 0.089193 0.995441 1.577100 0.000000 0.000000 0.000000 1.000000
0.999039 0.025284 0.035793 -0.000000 -0.022009 0.995778 -0.089114 9.226300 -0.037895 0.088240 0.995378 1.577100 0.000000 0.000000 0.000000 1.000000
0.998786 0.033198 0.036386 0.000000 -0.029452 0.994646 -0.099052 9.226300 -0.039480 0.097860 0.994417 1.577100 0.000000 0.000000 0.000000 1.000000
0.998603 0.041514 0.032705 -0.000000 -0.037640 0.993074 -0.111295 9.226300 -0.037098 0.109908 0.993249 1.577100 0.000000 0.000000 0.000000 1.000000
0.998351 0.052721 0.022726 0.000000 -0.049390 0.990519 -0.128187 9.226300 -0.029268 0.126853 0.991490 1.577100 0.000000 0.000000 0.000000 1.000000
0.998103 0.060815 0.009566 -0.000000 -0.058673 0.986748 -0.151280 9.226300 -0.018639 0.150432 0.988445 1.577100 0.000000 0.000000 0.000000 1.000000
0.997676 0.068132 -0.000387 0.000000 -0.067032 0.980512 -0.184671 9.226300 -0.012202 0.184268 0.982800 1.577100 0.000000 0.000000 0.000000 1.000000
0.997205 0.074448 -0.006307 -0.000000 -0.074006 0.972625 -0.220282 9.226300 -0.010265 0.220133 0.975416 1.577100 0.000000 0.000000 0.000000 1.000000
0.997129 0.075062 -0.009954 0.000000 -0.075197 0.966246 -0.246403 9.226300 -0.008878 0.246444 0.969116 1.577100 0.000000 0.000000 0.000000 1.000000
0.997470 0.069960 -0.012642 -0.000000 -0.070868 0.964361 -0.254921 9.226300 -0.005643 0.255172 0.966879 1.577100 0.000000 0.000000 0.000000 1.000000
0.997953 0.062459 -0.013767 -0.000000 -0.063922 0.966733 -0.247672 9.226300 -0.002160 0.248044 0.968746 1.577100 0.000000 0.000000 0.000000 1.000000
0.998446 0.053865 -0.014317 0.000000 -0.055714 0.971745 -0.229365 9.226300 0.001557 0.229806 0.973235 1.577100 0.000000 0.000000 0.000000 1.000000
0.998872 0.044414 -0.016797 0.000000 -0.046897 0.978195 -0.202322 9.226300 0.007445 0.202882 0.979175 1.577100 0.000000 0.000000 0.000000 1.000000
0.999233 0.034223 -0.019028 0.000000 -0.036952 0.984904 -0.169109 9.226300 0.012954 0.169683 0.985414 1.577100 0.000000 0.000000 0.000000 1.000000
0.999578 0.024708 -0.015306 0.000000 -0.026567 0.990302 -0.136371 9.226300 0.011788 0.136720 0.990540 1.577100 0.000000 0.000000 0.000000 1.000000
0.999822 0.015958 -0.010061 0.000000 -0.016987 0.993533 -0.112270 9.226300 0.008204 0.112421 0.993627 1.577100 0.000000 0.000000 0.000000 1.000000
0.999938 0.009084 -0.006409 0.000000 -0.009654 0.995402 -0.095301 9.226300 0.005514 0.095357 0.995428 1.577100 0.000000 0.000000 0.000000 1.000000
0.999973 0.005548 -0.004779 0.000000 -0.005963 0.995758 -0.091818 9.226300 0.004249 0.091844 0.995764 1.577100 0.000000 0.000000 0.000000 1.000000
0.999989 0.004303 -0.001792 -0.000000 -0.004461 0.994933 -0.100442 9.226300 0.001350 0.100449 0.994941 1.577100 0.000000 0.000000 0.000000 1.000000
0.999962 0.006812 0.005403 -0.000000 -0.006121 0.992863 -0.119104 9.226300 -0.006176 0.119067 0.992867 1.577100 0.000000 0.000000 0.000000 1.000000
0.999949 0.006863 0.007386 -0.000000 -0.005756 0.990050 -0.140598 9.226300 -0.008278 0.140548 0.990039 1.577100 0.000000 0.000000 0.000000 1.000000
0.999946 0.000540 0.010392 0.000000 0.001181 0.986311 -0.164893 9.226300 -0.010339 0.164896 0.986257 1.577100 0.000000 0.000000 0.000000 1.000000
0.999865 -0.006917 0.014934 0.000000 0.009613 0.981968 -0.188803 9.226300 -0.013359 0.188921 0.981902 1.577100 0.000000 0.000000 0.000000 1.000000
0.999730 -0.014555 0.018102 0.000000 0.017970 0.978452 -0.205693 9.226300 -0.014718 0.205963 0.978449 1.577100 0.000000 0.000000 0.000000 1.000000
0.999478 -0.022573 0.023120 0.000000 0.027097 0.975310 -0.219171 9.226300 -0.017602 0.219683 0.975412 1.577100 0.000000 0.000000 0.000000 1.000000
0.999195 -0.027534 0.029189 -0.000000 0.033480 0.973034 -0.228221 9.226300 -0.022118 0.229014 0.973172 1.577100 0.000000 0.000000 0.000000 1.000000
0.998984 -0.029853 0.033767 -0.000000 0.036724 0.973472 -0.225839 9.226300 -0.026129 0.226849 0.973579 1.577100 0.000000 0.000000 0.000000 1.000000
0.998752 -0.031236 0.038966 0.000000 0.038923 0.975727 -0.215501 9.226300 -0.031289 0.216749 0.975726 1.577100 0.000000 0.000000 0.000000 1.000000
0.998642 -0.028254 0.043761 0.000000 0.036546 0.978678 -0.202124 9.226300 -0.037117 0.203449 0.978382 1.577100 0.000000 0.000000 0.000000 1.000000
0.998583 -0.023178 0.047905 -0.000000 0.031740 0.981936 -0.186531 9.226300 -0.042716 0.187787 0.981280 1.577100 0.000000 0.000000 0.000000 1.000000
0.998428 -0.018163 0.053031 0.000000 0.027016 0.984845 -0.171318 9.226300 -0.049115 0.172481 0.983788 1.577100 0.000000 0.000000 0.000000 1.000000
0.998176 -0.012010 0.059168 0.000000 0.021274 0.987126 -0.158524 9.226300 -0.056502 0.159494 0.985581 1.577100 0.000000 0.000000 0.000000 1.000000
0.997852 -0.005677 0.065266 -0.000000 0.015189 0.989141 -0.146186 9.226300 -0.063727 0.146863 0.987102 1.577100 0.000000 0.000000 0.000000 1.000000
0.997538 0.000118 0.070128 -0.000000 0.009226 0.991087 -0.132894 9.226300 -0.069519 0.133213 0.988646 1.577100 0.000000 0.000000 0.000000 1.000000
0.997227 0.005957 0.074184 -0.000000 0.003050 0.992682 -0.120718 9.226300 -0.074360 0.120610 0.989911 1.577100 0.000000 0.000000 0.000000 1.000000
0.996959 0.010899 0.077157 0.000000 -0.002111 0.993585 -0.113072 9.226300 -0.077895 0.112565 0.990586 1.577100 0.000000 0.000000 0.000000 1.000000
0.996800 0.014485 0.078609 -0.000000 -0.005831 0.994001 -0.109219 9.226300 -0.079719 0.108411 0.990905 1.577100 0.000000 0.000000 0.000000 1.000000
0.996709 0.017191 0.079218 0.000000 -0.008636 0.994211 -0.107098 9.226300 -0.080600 0.106062 0.991088 1.577100 0.000000 0.000000 0.000000 1.000000
0.996644 0.019349 0.079532 -0.000000 -0.010929 0.994415 -0.104968 9.226300 -0.081119 0.103747 0.991290 1.577100 0.000000 0.000000 0.000000 1.000000
0.996596 0.020897 0.079746 0.000000 -0.012605 0.994591 -0.103099 9.226300 -0.081469 0.101743 0.991469 1.577100 0.000000 0.000000 0.000000 1.000000
0.996576 0.021699 0.079787 0.000000 -0.013491 0.994692 -0.102009 9.226300 -0.081577 0.100584 0.991579 1.577100 0.000000 0.000000 0.000000 1.000000
0.996594 0.021689 0.079559 -0.000000 -0.013558 0.994758 -0.101358 9.226300 -0.081341 0.099934 0.991664 1.577100 0.000000 0.000000 0.000000 1.000000</float_array><technique_common><accessor source="#Spine-Matrix-animation-output-transform-array" count="58" stride="16"><param type="float4x4"/></accessor></technique_common></source><source id="Spine-Interpolations"><Name_array id="Spine-Interpolations-array" count="58">
 LINEAR LINEAR LINEAR LINEAR LINEAR LINEAR LINEAR LINEAR LINEAR LINEAR LINEAR
LINEAR LINEAR LINEAR LINEAR LINEAR LINEAR LINEAR LINEAR LINEAR LINEAR LINEAR LINEAR
LINEAR LINEAR LINEAR LINEAR LINEAR LINEAR LINEAR LINEAR LINEAR LINEAR LINEAR LINEAR
LINEAR LINEAR LINEAR LINEAR LINEAR LINEAR LINEAR LINEAR LINEAR LINEAR LINEAR LINEAR
LINEAR LINEAR LINEAR LINEAR LINEAR LINEAR LINEAR LINEAR LINEAR LINEAR LINEAR</Name_array><technique_common><accessor source="#Spine-Interpolations-array" count="58"><param type="name"/></accessor></technique_common></source><sampler id="Spine-Matrix-animation-transform"><input semantic="INPUT" source="#Spine-Matrix-animation-input"/><input semantic="OUTPUT" source="#Spine-Matrix-animation-output-transform"/><input semantic="INTERPOLATION" source="#Spine-Interpolations"/></sampler><channel source="#Spine-Matrix-animation-transform" target="Spine/matrix"/></animation>
    <animation id="Spine1-anim" name="Spine1"><source id="Spine1-Matrix-animation-input"><float_array id="Spine1-Matrix-animation-input-array" count="58">

0.000000 0.033333 0.066667 0.100000 0.133333 0.166667 0.200000 0.233333 0.266667 0.300000 0.333333 0.366667 0.400000 0.433333 0.466667 0.500000
0.533333 0.566667 0.600000 0.633333 0.666667 0.700000 0.733333 0.766667 0.800000 0.833333 0.866667 0.900000 0.933333 0.966667 1.000000 1.033333
1.066667 1.100000 1.133333 1.166667 1.200000 1.233333 1.266667 1.300000 1.333333 1.366667 1.400000 1.433333 1.466667 1.500000 1.533333 1.566667
1.600000 1.633333 1.666667 1.700000 1.733333 1.766667 1.800000 1.833333 1.866667 1.900000</float_array><technique_common><accessor source="#Spine1-Matrix-animation-input-array" count="58"><param name="TIME" type="float"/></accessor></technique_common></source><source id="Spine1-Matrix-animation-output-transform"><float_array id="Spine1-Matrix-animation-output-transform-array" count="928">

0.986175 0.053057 0.156981 0.000000 -0.020419 0.979043 -0.202627 16.254000 -0.164442 0.196621 0.966592 -0.165600 0.000000 0.000000 0.000000 1.000000
0.987893 0.052325 0.146046 -0.000000 -0.021863 0.978965 -0.202855 16.254000 -0.153588 0.197206 0.968256 -0.165600 0.000000 0.000000 0.000000 1.000000
0.990315 0.049626 0.129667 0.000000 -0.021861 0.978024 -0.207345 16.254000 -0.137107 0.202502 0.969636 -0.165600 0.000000 0.000000 0.000000 1.000000
0.992059 0.045805 0.117137 -0.000000 -0.020008 0.976942 -0.212566 16.254000 -0.124172 0.208534 0.970100 -0.165600 0.000000 0.000000 0.000000 1.000000
0.993670 0.038316 0.105598 0.000000 -0.014025 0.974990 -0.221807 16.254000 -0.111455 0.218922 0.969356 -0.165600 0.000000 0.000000 0.000000 1.000000
0.995539 0.028935 0.089809 0.000000 -0.007025 0.971907 -0.235261 16.254000 -0.094093 0.233581 0.967774 -0.165600 0.000000 0.000000 0.000000 1.000000
0.997776 0.019782 0.063661 0.000000 -0.003139 0.967837 -0.251558 16.254000 -0.066589 0.250798 0.965746 -0.165600 0.000000 0.000000 0.000000 1.000000
0.999319 0.010988 0.035227 0.000000 -0.000864 0.961339 -0.275366 16.254000 -0.036891 0.275148 0.960694 -0.165600 0.000000 0.000000 0.000000 1.000000
0.999785 0.007606 0.019269 -0.000000 -0.001577 0.955400 -0.295310 16.254000 -0.020656 0.295216 0.955207 -0.165600 0.000000 0.000000 0.000000 1.000000
0.999904 0.006426 0.012288 0.000000 -0.002360 0.952088 -0.305814 16.254000 -0.013664 0.305755 0.952012 -0.165600 0.000000 0.000000 0.000000 1.000000
0.999960 -0.000789 0.008886 0.000000 0.003541 0.949347 -0.314211 16.254000 -0.008188 0.314230 0.949312 -0.165600 0.000000 0.000000 0.000000 1.000000
0.999831 -0.002889 0.018136 -0.000000 0.008286 0.952297 -0.305060 16.254000 -0.016390 0.305159 0.952160 -0.165600 0.000000 0.000000 0.000000 1.000000
0.999711 -0.000481 0.024039 0.000000 0.007121 0.960866 -0.276921 16.254000 -0.022965 0.277012 0.960592 -0.165600 0.000000 0.000000 0.000000 1.000000
0.999663 -0.001159 0.025953 0.000000 0.007768 0.966635 -0.256042 16.254000 -0.024790 0.256157 0.966317 -0.165600 0.000000 0.000000 0.000000 1.000000
0.999201 0.008112 0.039139 0.000000 0.001673 0.969848 -0.243704 16.254000 -0.039936 0.243575 0.969060 -0.165600 0.000000 0.000000 0.000000 1.000000
0.998216 0.024694 0.054359 -0.000000 -0.012547 0.976891 -0.213372 16.254000 -0.058372 0.212309 0.975458 -0.165600 0.000000 0.000000 0.000000 1.000000
0.997168 0.039253 0.064147 0.000000 -0.027185 0.983436 -0.179207 16.254000 -0.070119 0.176956 0.981718 -0.165600 0.000000 0.000000 0.000000 1.000000
0.996218 0.051602 0.069904 -0.000000 -0.038432 0.983257 -0.178124 16.254000 -0.077925 0.174763 0.981522 -0.165600 0.000000 0.000000 0.000000 1.000000
0.995415 0.065536 0.069675 0.000000 -0.050600 0.978921 -0.197872 16.254000 -0.081174 0.193439 0.977749 -0.165600 0.000000 0.000000 0.000000 1.000000
0.995189 0.075684 0.062215 0.000000 -0.060147 0.973233 -0.221810 16.254000 -0.077337 0.217001 0.973103 -0.165600 0.000000 0.000000 0.000000 1.000000
0.994873 0.090951 0.044226 0.000000 -0.076802 0.963961 -0.254716 16.254000 -0.065799 0.250014 0.966004 -0.165600 0.000000 0.000000 0.000000 1.000000
0.994437 0.103585 0.019130 0.000000 -0.093156 0.949597 -0.299313 16.254000 -0.049170 0.295866 0.953963 -0.165600 0.000000 0.000000 0.000000 1.000000
0.993289 0.115646 -0.001966 0.000000 -0.108471 0.925494 -0.362897 16.254000 -0.040148 0.360674 0.931827 -0.165600 0.000000 0.000000 0.000000 1.000000
0.992023 0.125018 -0.016181 0.000000 -0.119815 0.895172 -0.429316 16.254000 -0.039187 0.427829 0.903010 -0.165600 0.000000 0.000000 0.000000 1.000000
0.991996 0.123694 -0.025365 0.000000 -0.120751 0.870589 -0.476963 16.254000 -0.036915 0.476209 0.878557 -0.165600 0.000000 0.000000 0.000000 1.000000
0.993111 0.113032 -0.030903 0.000000 -0.113542 0.862999 -0.492282 16.254000 -0.028974 0.492399 0.869887 -0.165600 0.000000 0.000000 0.000000 1.000000
0.994725 0.097623 -0.031488 0.000000 -0.100736 0.871840 -0.479320 16.254000 -0.019340 0.479964 0.877075 -0.165600 0.000000 0.000000 0.000000 1.000000
0.996370 0.079551 -0.030297 0.000000 -0.084700 0.890960 -0.446112 16.254000 -0.008495 0.447059 0.894464 -0.165600 0.000000 0.000000 0.000000 1.000000
0.997607 0.060529 -0.033417 -0.000000 -0.068822 0.915652 -0.396037 16.254000 0.006627 0.397389 0.917626 -0.165600 0.000000 0.000000 0.000000 1.000000
0.998355 0.043383 -0.037489 -0.000000 -0.053417 0.941338 -0.333210 16.254000 0.020834 0.334664 0.942107 -0.165600 0.000000 0.000000 0.000000 1.000000
0.998999 0.031946 -0.031320 -0.000000 -0.039232 0.962032 -0.270102 16.254000 0.021502 0.271061 0.962322 -0.165600 0.000000 0.000000 0.000000 1.000000
0.999489 0.024379 -0.020664 0.000000 -0.028379 0.974397 -0.223034 16.254000 0.014698 0.223507 0.974592 -0.165600 0.000000 0.000000 0.000000 1.000000
0.999787 0.017580 -0.010856 -0.000000 -0.019321 0.981655 -0.189684 16.254000 0.007323 0.189853 0.981785 -0.165600 0.000000 0.000000 0.000000 1.000000
0.999886 0.013844 -0.005992 0.000000 -0.014707 0.983035 -0.182828 16.254000 0.003359 0.182896 0.983127 -0.165600 0.000000 0.000000 0.000000 1.000000
0.999913 0.013201 0.000396 -0.000000 -0.012855 0.979739 -0.199867 16.254000 -0.003027 0.199844 0.979823 -0.165600 0.000000 0.000000 0.000000 1.000000
0.999769 0.016359 0.013933 0.000000 -0.012600 0.971533 -0.236567 16.254000 -0.017406 0.236337 0.971515 -0.165600 0.000000 0.000000 0.000000 1.000000
0.999752 0.013636 0.017593 -0.000000 -0.008200 0.960423 -0.278425 16.254000 -0.020693 0.278212 0.960297 -0.165600 0.000000 0.000000 0.000000 1.000000
0.999700 -0.000820 0.024494 0.000000 0.008743 0.945616 -0.325167 16.254000 -0.022895 0.325284 0.945339 -0.165600 0.000000 0.000000 0.000000 1.000000
0.999241 -0.017691 0.034702 0.000000 0.029301 0.928396 -0.370435 16.254000 -0.025664 0.371170 0.928210 -0.165600 0.000000 0.000000 0.000000 1.000000
0.998493 -0.034458 0.042707 0.000000 0.048744 0.914403 -0.401861 16.254000 -0.025204 0.403337 0.914704 -0.165600 0.000000 0.000000 0.000000 1.000000
0.997248 -0.050092 0.054649 0.000000 0.068671 0.901906 -0.426438 16.254000 -0.027927 0.429017 0.902865 -0.165600 0.000000 0.000000 0.000000 1.000000
0.995982 -0.058510 0.067796 0.000000 0.082582 0.892917 -0.442583 16.254000 -0.034640 0.446404 0.894161 -0.165600 0.000000 0.000000 0.000000 1.000000
0.995138 -0.061390 0.077021 0.000000 0.089077 0.894631 -0.437836 16.254000 -0.042027 0.442568 0.895750 -0.165600 0.000000 0.000000 0.000000 1.000000
0.994354 -0.061235 0.086664 0.000000 0.092114 0.903559 -0.418445 16.254000 -0.052682 0.424066 0.904098 -0.165600 0.000000 0.000000 0.000000 1.000000
0.994146 -0.052418 0.094478 0.000000 0.085660 0.915312 -0.393529 16.254000 -0.065849 0.399319 0.914444 -0.165600 0.000000 0.000000 0.000000 1.000000
0.994100 -0.039886 0.100870 0.000000 0.074221 0.928278 -0.364406 16.254000 -0.079101 0.369743 0.925761 -0.165600 0.000000 0.000000 0.000000 1.000000
0.993590 -0.027860 0.109559 0.000000 0.063369 0.939834 -0.335703 16.254000 -0.093614 0.340493 0.935575 -0.165600 0.000000 0.000000 0.000000 1.000000
0.992616 -0.014317 0.120448 0.000000 0.051476 0.948875 -0.311428 16.254000 -0.109831 0.315328 0.942605 -0.165600 0.000000 0.000000 0.000000 1.000000
0.991327 -0.000806 0.131419 -0.000000 0.038952 0.956851 -0.287956 16.254000 -0.125517 0.290577 0.948583 -0.165600 0.000000 0.000000 0.000000 1.000000
0.990060 0.011124 0.140205 -0.000000 0.026346 0.964552 -0.262576 16.254000 -0.138156 0.263660 0.954671 -0.165600 0.000000 0.000000 0.000000 1.000000
0.988788 0.022652 0.147598 0.000000 0.013477 0.970856 -0.239285 16.254000 -0.148716 0.238592 0.959665 -0.165600 0.000000 0.000000 0.000000 1.000000
0.987693 0.032286 0.153034 0.000000 0.002964 0.974421 -0.224711 16.254000 -0.156375 0.222399 0.962333 -0.165600 0.000000 0.000000 0.000000 1.000000
0.987040 0.039270 0.155592 0.000000 -0.004556 0.976061 -0.217448 16.254000 -0.160407 0.213921 0.963591 -0.165600 0.000000 0.000000 0.000000 1.000000
0.986664 0.044542 0.156559 0.000000 -0.010222 0.976887 -0.213510 16.254000 -0.162450 0.209063 0.964315 -0.165600 0.000000 0.000000 0.000000 1.000000
0.986395 0.048694 0.157016 0.000000 -0.014913 0.977692 -0.209513 16.254000 -0.163715 0.204321 0.965117 -0.165600 0.000000 0.000000 0.000000 1.000000
0.986193 0.051645 0.157338 0.000000 -0.018375 0.978384 -0.205976 16.254000 -0.164575 0.200241 0.965825 -0.165600 0.000000 0.000000 0.000000 1.000000
0.986106 0.053164 0.157377 0.000000 -0.020227 0.978781 -0.203906 16.254000 -0.164878 0.197890 0.966258 -0.165600 0.000000 0.000000 0.000000 1.000000
0.986177 0.053091 0.156961 0.000000 -0.020456 0.979041 -0.202631 16.254000 -0.164429 0.196620 0.966594 -0.165600 0.000000 0.000000 0.000000 1.000000</float_array><technique_common><accessor source="#Spine1-Matrix-animation-output-transform-array" count="58" stride="16"><param type="float4x4"/></accessor></technique_common></source><source id="Spine1-Interpolations"><Name_array id="Spine1-Interpolations-array" count="58">
 LINEAR LINEAR LINEAR LINEAR LINEAR LINEAR LINEAR LINEAR LINEAR LINEAR LINEAR
LINEAR LINEAR LINEAR LINEAR LINEAR LINEAR LINEAR LINEAR LINEAR LINEAR LINEAR LINEAR
LINEAR LINEAR LINEAR LINEAR LINEAR LINEAR LINEAR LINEAR LINEAR LINEAR LINEAR LINEAR
LINEAR LINEAR LINEAR LINEAR LINEAR LINEAR LINEAR LINEAR LINEAR LINEAR LINEAR LINEAR
LINEAR LINEAR LINEAR LINEAR LINEAR LINEAR LINEAR LINEAR LINEAR LINEAR LINEAR</Name_array><technique_common><accessor source="#Spine1-Interpolations-array" count="58"><param type="name"/></accessor></technique_common></source><sampler id="Spine1-Matrix-animation-transform"><input semantic="INPUT" source="#Spine1-Matrix-animation-input"/><input semantic="OUTPUT" source="#Spine1-Matrix-animation-output-transform"/><input semantic="INTERPOLATION" source="#Spine1-Interpolations"/></sampler><channel source="#Spine1-Matrix-animation-transform" target="Spine1/matrix"/></animation>
    <animation id="Spine2-anim" name="Spine2"><source id="Spine2-Matrix-animation-input"><float_array id="Spine2-Matrix-animation-input-array" count="58">

0.000000 0.033333 0.066667 0.100000 0.133333 0.166667 0.200000 0.233333 0.266667 0.300000 0.333333 0.366667 0.400000 0.433333 0.466667 0.500000
0.533333 0.566667 0.600000 0.633333 0.666667 0.700000 0.733333 0.766667 0.800000 0.833333 0.866667 0.900000 0.933333 0.966667 1.000000 1.033333
1.066667 1.100000 1.133333 1.166667 1.200000 1.233333 1.266667 1.300000 1.333333 1.366667 1.400000 1.433333 1.466667 1.500000 1.533333 1.566667
1.600000 1.633333 1.666667 1.700000 1.733333 1.766667 1.800000 1.833333 1.866667 1.900000</float_array><technique_common><accessor source="#Spine2-Matrix-animation-input-array" count="58"><param name="TIME" type="float"/></accessor></technique_common></source><source id="Spine2-Matrix-animation-output-transform"><float_array id="Spine2-Matrix-animation-output-transform-array" count="928">

0.986175 0.053057 0.156981 0.000000 -0.020419 0.979043 -0.202627 13.639600 -0.164442 0.196621 0.966592 -1.292300 0.000000 0.000000 0.000000 1.000000
0.987893 0.052325 0.146046 0.000000 -0.021863 0.978965 -0.202855 13.639600 -0.153588 0.197206 0.968256 -1.292300 0.000000 0.000000 0.000000 1.000000
0.990315 0.049626 0.129667 -0.000000 -0.021861 0.978024 -0.207345 13.639600 -0.137107 0.202502 0.969636 -1.292300 0.000000 0.000000 0.000000 1.000000
0.992059 0.045805 0.117137 0.000000 -0.020008 0.976942 -0.212566 13.639600 -0.124173 0.208534 0.970100 -1.292300 0.000000 0.000000 0.000000 1.000000
0.993670 0.038316 0.105598 -0.000000 -0.014025 0.974990 -0.221807 13.639600 -0.111456 0.218922 0.969356 -1.292300 0.000000 0.000000 0.000000 1.000000
0.995539 0.028935 0.089809 -0.000000 -0.007024 0.971907 -0.235261 13.639600 -0.094093 0.233580 0.967774 -1.292300 0.000000 0.000000 0.000000 1.000000
0.997776 0.019782 0.063661 0.000000 -0.003139 0.967837 -0.251557 13.639600 -0.066589 0.250798 0.965746 -1.292300 0.000000 0.000000 0.000000 1.000000
0.999319 0.010988 0.035227 0.000000 -0.000864 0.961339 -0.275367 13.639600 -0.036891 0.275149 0.960694 -1.292300 0.000000 0.000000 0.000000 1.000000
0.999785 0.007606 0.019268 0.000000 -0.001577 0.955400 -0.295310 13.639600 -0.020655 0.295216 0.955207 -1.292300 0.000000 0.000000 0.000000 1.000000
0.999904 0.006426 0.012288 0.000000 -0.002360 0.952088 -0.305814 13.639600 -0.013665 0.305755 0.952012 -1.292300 0.000000 0.000000 0.000000 1.000000
0.999960 -0.000789 0.008886 0.000000 0.003541 0.949347 -0.314211 13.639600 -0.008188 0.314230 0.949312 -1.292300 0.000000 0.000000 0.000000 1.000000
0.999831 -0.002889 0.018136 0.000000 0.008286 0.952297 -0.305061 13.639600 -0.016390 0.305160 0.952160 -1.292300 0.000000 0.000000 0.000000 1.000000
0.999711 -0.000481 0.024039 -0.000000 0.007121 0.960866 -0.276921 13.639600 -0.022965 0.277012 0.960592 -1.292300 0.000000 0.000000 0.000000 1.000000
0.999663 -0.001159 0.025952 0.000000 0.007768 0.966635 -0.256042 13.639600 -0.024790 0.256157 0.966317 -1.292300 0.000000 0.000000 0.000000 1.000000
0.999201 0.008112 0.039139 0.000000 0.001673 0.969848 -0.243704 13.639600 -0.039936 0.243575 0.969060 -1.292300 0.000000 0.000000 0.000000 1.000000
0.998216 0.024694 0.054359 0.000000 -0.012547 0.976891 -0.213372 13.639600 -0.058372 0.212309 0.975458 -1.292300 0.000000 0.000000 0.000000 1.000000
0.997168 0.039253 0.064147 0.000000 -0.027185 0.983436 -0.179207 13.639600 -0.070119 0.176956 0.981718 -1.292300 0.000000 0.000000 0.000000 1.000000
0.996218 0.051602 0.069903 0.000000 -0.038432 0.983257 -0.178124 13.639600 -0.077925 0.174763 0.981522 -1.292300 0.000000 0.000000 0.000000 1.000000
0.995415 0.065536 0.069675 0.000000 -0.050600 0.978921 -0.197872 13.639600 -0.081174 0.193439 0.977748 -1.292300 0.000000 0.000000 0.000000 1.000000
0.995189 0.075684 0.062215 0.000000 -0.060148 0.973233 -0.221810 13.639600 -0.077337 0.217001 0.973103 -1.292300 0.000000 0.000000 0.000000 1.000000
0.994873 0.090951 0.044226 0.000000 -0.076802 0.963961 -0.254716 13.639600 -0.065799 0.250014 0.966004 -1.292300 0.000000 0.000000 0.000000 1.000000
0.994437 0.103585 0.019130 -0.000000 -0.093156 0.949597 -0.299313 13.639600 -0.049170 0.295866 0.953963 -1.292300 0.000000 0.000000 0.000000 1.000000
0.993289 0.115646 -0.001966 0.000000 -0.108471 0.925495 -0.362896 13.639600 -0.040148 0.360674 0.931827 -1.292300 0.000000 0.000000 0.000000 1.000000
0.992022 0.125018 -0.016181 -0.000000 -0.119815 0.895172 -0.429315 13.639600 -0.039188 0.427829 0.903010 -1.292300 0.000000 0.000000 0.000000 1.000000
0.991996 0.123694 -0.025365 -0.000000 -0.120751 0.870589 -0.476963 13.639600 -0.036915 0.476208 0.878557 -1.292300 0.000000 0.000000 0.000000 1.000000
0.993111 0.113032 -0.030903 0.000000 -0.113542 0.862999 -0.492282 13.639600 -0.028974 0.492399 0.869887 -1.292300 0.000000 0.000000 0.000000 1.000000
0.994725 0.097623 -0.031488 0.000000 -0.100736 0.871840 -0.479320 13.639600 -0.019340 0.479964 0.877075 -1.292300 0.000000 0.000000 0.000000 1.000000
0.996370 0.079551 -0.030297 0.000000 -0.084700 0.890960 -0.446112 13.639600 -0.008495 0.447059 0.894464 -1.292300 0.000000 0.000000 0.000000 1.000000
0.997607 0.060529 -0.033417 0.000000 -0.068822 0.915652 -0.396037 13.639600 0.006627 0.397389 0.917626 -1.292300 0.000000 0.000000 0.000000 1.000000
0.998355 0.043383 -0.037489 0.000000 -0.053417 0.941338 -0.333210 13.639600 0.020835 0.334665 0.942107 -1.292300 0.000000 0.000000 0.000000 1.000000
0.998999 0.031946 -0.031320 0.000000 -0.039232 0.962032 -0.270102 13.639600 0.021502 0.271061 0.962322 -1.292300 0.000000 0.000000 0.000000 1.000000
0.999489 0.024379 -0.020664 0.000000 -0.028379 0.974397 -0.223034 13.639600 0.014698 0.223507 0.974592 -1.292300 0.000000 0.000000 0.000000 1.000000
0.999787 0.017580 -0.010856 0.000000 -0.019321 0.981655 -0.189684 13.639600 0.007323 0.189854 0.981785 -1.292300 0.000000 0.000000 0.000000 1.000000
0.999886 0.013844 -0.005992 0.000000 -0.014707 0.983035 -0.182828 13.639600 0.003359 0.182896 0.983127 -1.292300 0.000000 0.000000 0.000000 1.000000
0.999913 0.013201 0.000396 -0.000000 -0.012855 0.979739 -0.199867 13.639600 -0.003027 0.199844 0.979823 -1.292300 0.000000 0.000000 0.000000 1.000000
0.999769 0.016359 0.013933 -0.000000 -0.012600 0.971534 -0.236567 13.639600 -0.017406 0.236337 0.971515 -1.292300 0.000000 0.000000 0.000000 1.000000
0.999752 0.013636 0.017592 0.000000 -0.008200 0.960423 -0.278425 13.639600 -0.020693 0.278212 0.960297 -1.292300 0.000000 0.000000 0.000000 1.000000
0.999700 -0.000821 0.024494 0.000000 0.008743 0.945616 -0.325167 13.639600 -0.022895 0.325284 0.945339 -1.292300 0.000000 0.000000 0.000000 1.000000
0.999241 -0.017691 0.034702 0.000000 0.029301 0.928396 -0.370435 13.639600 -0.025664 0.371170 0.928210 -1.292300 0.000000 0.000000 0.000000 1.000000
0.998493 -0.034458 0.042707 0.000000 0.048744 0.914402 -0.401861 13.639600 -0.025204 0.403337 0.914704 -1.292300 0.000000 0.000000 0.000000 1.000000
0.997248 -0.050092 0.054649 0.000000 0.068671 0.901906 -0.426438 13.639600 -0.027927 0.429017 0.902865 -1.292300 0.000000 0.000000 0.000000 1.000000
