<?xml version="1.0" encoding="utf-8"?>
<COLLADA xmlns="http://www.collada.org/2005/11/COLLADASchema" version="1.4.1">
  <asset><contributor><author>Mixamo</author><authoring_tool>COLLADA Mixamo exporter</authoring_tool><comments></comments></contributor><created>2018-12-18T22:04:38Z</created><modified>2018-12-18T22:04:38Z</modified><revision></revision><title></title><unit meter="0.010000"/><up_axis>Y_UP</up_axis></asset>
  <library_animations>
    <animation id="mixamorig_Hips-anim" name="mixamorig_Hips"><source id="mixamorig_Hips-Matrix-animation-input"><float_array id="mixamorig_Hips-Matrix-animation-input-array" count="29">

0.000000 0.033333 0.066667 0.100000 0.133333 0.166667 0.200000 0.233333 0.266667 0.300000 0.333333 0.366667 0.400000 0.433333 0.466667 0.500000
0.533333 0.566667 0.600000 0.633333 0.666667 0.700000 0.733333 0.766667 0.800000 0.833333 0.866667 0.900000 0.933333</float_array><technique_common><accessor source="#mixamorig_Hips-Matrix-animation-input-array" count="29"><param name="TIME" type="float"/></accessor></technique_common></source><source id="mixamorig_Hips-Matrix-animation-output-transform"><float_array id="mixamorig_Hips-Matrix-animation-output-transform-array" count="464">

0.991135 0.080300 -0.105849 0.252516 -0.073681 0.995159 0.065036 87.939407 0.110559 -0.056660 0.992253 -0.518647 0.000000 0.000000 0.000000 1.000000
0.996619 0.070744 -0.041778 0.033948 -0.068562 0.996315 0.051536 87.887733 0.045270 -0.048497 0.997797 -1.143956 0.000000 0.000000 0.000000 1.000000
0.997734 0.061955 0.026239 -0.358190 -0.063018 0.997136 0.041827 87.845009 -0.023572 -0.043386 0.998780 -1.814096 0.000000 0.000000 0.000000 1.000000
0.994073 0.055198 0.093654 -0.861505 -0.058763 0.997632 0.035737 87.834320 -0.091460 -0.041028 0.994963 -2.565171 0.000000 0.000000 0.000000 1.000000
0.986848 0.046139 0.154929 -1.501578 -0.051803 0.998121 0.032720 88.004944 -0.153129 -0.040315 0.987384 -3.352374 0.000000 0.000000 0.000000 1.000000
0.977354 0.036404 0.208455 -2.204027 -0.044032 0.998515 0.032072 88.206245 -0.206978 -0.040525 0.977506 -4.114842 0.000000 0.000000 0.000000 1.000000
0.966679 0.031240 0.254077 -2.856645 -0.040938 0.998618 0.032971 88.267609 -0.252696 -0.042274 0.966622 -4.820792 0.000000 0.000000 0.000000 1.000000
0.955205 0.027862 0.294631 -3.424170 -0.039588 0.998641 0.033908 88.265533 -0.293286 -0.044053 0.955009 -5.488095 0.000000 0.000000 0.000000 1.000000
0.941811 0.021675 0.335442 -3.920757 -0.035411 0.998764 0.034886 88.323685 -0.334271 -0.044734 0.941415 -6.121607 0.000000 0.000000 0.000000 1.000000
0.926120 0.016289 0.376878 -4.277868 -0.033075 0.998726 0.038110 88.339203 -0.375777 -0.047760 0.925479 -6.715353 0.000000 0.000000 0.000000 1.000000
0.910044 0.013911 0.414278 -4.430716 -0.035287 0.998409 0.043991 88.285110 -0.413007 -0.054652 0.909087 -7.282679 0.000000 0.000000 0.000000 1.000000
0.895163 0.014232 0.445512 -4.343749 -0.041276 0.997842 0.051059 88.167023 -0.443825 -0.064095 0.893819 -7.906157 0.000000 0.000000 0.000000 1.000000
0.880405 0.014976 0.473987 -4.108291 -0.047883 0.997200 0.057433 87.987045 -0.471800 -0.073260 0.878657 -8.590024 0.000000 0.000000 0.000000 1.000000
0.862648 0.006265 0.505766 -3.994029 -0.043893 0.997078 0.062514 87.779457 -0.503896 -0.076127 0.860403 -9.201427 0.000000 0.000000 0.000000 1.000000
0.839179 -0.007447 0.543805 -4.043851 -0.035806 0.996980 0.068907 87.572990 -0.542676 -0.077297 0.836378 -9.641937 0.000000 0.000000 0.000000 1.000000
0.808131 -0.016303 0.588777 -4.114696 -0.035707 0.996422 0.076600 87.431580 -0.587920 -0.082926 0.804658 -9.938497 0.000000 0.000000 0.000000 1.000000
0.766848 -0.020675 0.641496 -4.209222 -0.041854 0.995743 0.082124 87.437737 -0.640463 -0.089826 0.762718 -9.901042 0.000000 0.000000 0.000000 1.000000
0.716855 -0.025517 0.696755 -4.313314 -0.047573 0.995211 0.085392 87.542122 -0.695597 -0.094361 0.712209 -9.434696 0.000000 0.000000 0.000000 1.000000
0.661716 -0.030843 0.749120 -4.322087 -0.053048 0.994723 0.087814 87.708214 -0.747876 -0.097847 0.656588 -8.720201 0.000000 0.000000 0.000000 1.000000
0.598919 -0.032884 0.800134 -4.240129 -0.060638 0.994426 0.086258 87.938164 -0.798510 -0.100180 0.593587 -7.912797 0.000000 0.000000 0.000000 1.000000
0.525007 -0.034130 0.850413 -4.083170 -0.066808 0.994460 0.081155 88.149292 -0.848472 -0.099421 0.519818 -7.133493 0.000000 0.000000 0.000000 1.000000
0.416869 -0.040264 0.908074 -3.365201 -0.074755 0.994115 0.078397 88.215897 -0.905887 -0.100565 0.411406 -5.605460 0.000000 0.000000 0.000000 1.000000
0.328549 -0.046631 0.943335 -2.588768 -0.076529 0.994182 0.075799 88.061562 -0.941381 -0.097096 0.323069 -4.270111 0.000000 0.000000 0.000000 1.000000
0.260244 -0.049836 0.964256 -1.838701 -0.077372 0.994379 0.072275 88.021873 -0.962438 -0.093415 0.254926 -2.977904 0.000000 0.000000 0.000000 1.000000
0.203094 -0.051873 0.977784 -1.258992 -0.076831 0.994673 0.068727 88.016060 -0.976140 -0.089082 0.198027 -1.928000 0.000000 0.000000 0.000000 1.000000
0.156937 -0.053685 0.986148 -0.871926 -0.074936 0.994996 0.066092 87.988419 -0.984762 -0.084270 0.152129 -1.158027 0.000000 0.000000 0.000000 1.000000
0.124884 -0.055158 0.990637 -0.638304 -0.074096 0.995147 0.064750 87.959389 -0.989401 -0.081488 0.120191 -0.624841 0.000000 0.000000 0.000000 1.000000
0.115852 -0.056147 0.991678 -0.536380 -0.073928 0.995144 0.064980 87.941833 -0.990512 -0.080841 0.111138 -0.311187 0.000000 0.000000 0.000000 1.000000
0.110566 -0.056792 0.992245 -0.519796 -0.073668 0.995151 0.065167 87.939194 -0.991135 -0.080302 0.105847 -0.252470 0.000000 0.000000 0.000000 1.000000</float_array><technique_common><accessor source="#mixamorig_Hips-Matrix-animation-output-transform-array" count="29" stride="16"><param type="float4x4"/></accessor></technique_common></source><source id="mixamorig_Hips-Interpolations"><Name_array id="mixamorig_Hips-Interpolations-array" count="29">
 LINEAR LINEAR LINEAR LINEAR LINEAR LINEAR LINEAR LINEAR LINEAR LINEAR LINEAR
LINEAR LINEAR LINEAR LINEAR LINEAR LINEAR LINEAR LINEAR LINEAR LINEAR LINEAR LINEAR
LINEAR LINEAR LINEAR LINEAR LINEAR LINEAR</Name_array><technique_common><accessor source="#mixamorig_Hips-Interpolations-array" count="29"><param type="name"/></accessor></technique_common></source><sampler id="mixamorig_Hips-Matrix-animation-transform"><input semantic="INPUT" source="#mixamorig_Hips-Matrix-animation-input"/><input semantic="OUTPUT" source="#mixamorig_Hips-Matrix-animation-output-transform"/><input semantic="INTERPOLATION" source="#mixamorig_Hips-Interpolations"/></sampler><channel source="#mixamorig_Hips-Matrix-animation-transform" target="mixamorig_Hips/matrix"/></animation>
    <animation id="mixamorig_Spine-anim" name="mixamorig_Spine"><source id="mixamorig_Spine-Matrix-animation-input"><float_array id="mixamorig_Spine-Matrix-animation-input-array" count="29">

0.000000 0.033333 0.066667 0.100000 0.133333 0.166667 0.200000 0.233333 0.266667 0.300000 0.333333 0.366667 0.400000 0.433333 0.466667 0.500000
0.533333 0.566667 0.600000 0.633333 0.666667 0.700000 0.733333 0.766667 0.800000 0.833333 0.866667 0.900000 0.933333</float_array><technique_common><accessor source="#mixamorig_Spine-Matrix-animation-input-array" count="29"><param name="TIME" type="float"/></accessor></technique_common></source><source id="mixamorig_Spine-Matrix-animation-output-transform"><float_array id="mixamorig_Spine-Matrix-animation-output-transform-array" count="464">

0.997444 -0.065822 0.027786 0.005100 0.067325 0.996093 -0.057152 8.712000 -0.023916 0.058877 0.997979 -0.691000 0.000000 0.000000 0.000000 1.000000
0.997241 -0.066896 0.032191 0.005100 0.068696 0.995922 -0.058485 8.712000 -0.028147 0.060535 0.997769 -0.691000 0.000000 0.000000 0.000000 1.000000
0.997097 -0.067254 0.035691 0.005100 0.069329 0.995759 -0.060479 8.712000 -0.031472 0.062778 0.997531 -0.691000 0.000000 0.000000 0.000000 1.000000
0.997201 -0.064045 0.038590 0.005100 0.066401 0.995787 -0.063235 8.712000 -0.034378 0.065620 0.997252 -0.691000 0.000000 0.000000 0.000000 1.000000
0.997582 -0.055798 0.041439 0.005100 0.058468 0.996086 -0.066292 8.712000 -0.037578 0.068554 0.996939 -0.691000 0.000000 0.000000 0.000000 1.000000
0.997962 -0.045332 0.044900 0.005100 0.048350 0.996474 -0.068574 8.712000 -0.041633 0.070606 0.996635 -0.691000 0.000000 0.000000 0.000000 1.000000
0.998173 -0.035777 0.048695 0.005100 0.039104 0.996837 -0.069187 8.712000 -0.046066 0.070965 0.996415 -0.691000 0.000000 0.000000 0.000000 1.000000
0.998296 -0.027260 0.051589 0.005100 0.030756 0.997195 -0.068230 8.712000 -0.049584 0.069700 0.996335 -0.691000 0.000000 0.000000 0.000000 1.000000
0.998408 -0.018939 0.053137 0.005100 0.022469 0.997524 -0.066648 8.712000 -0.051743 0.067735 0.996361 -0.691000 0.000000 0.000000 0.000000 1.000000
0.998402 -0.013151 0.054955 0.005100 0.016724 0.997740 -0.065072 8.712000 -0.053975 0.065887 0.996366 -0.691000 0.000000 0.000000 0.000000 1.000000
0.998166 -0.013961 0.058896 0.005100 0.017680 0.997850 -0.063104 8.712000 -0.057888 0.064030 0.996268 -0.691000 0.000000 0.000000 0.000000 1.000000
0.997686 -0.021967 0.064341 0.005100 0.025854 0.997851 -0.060215 8.712000 -0.062880 0.061739 0.996110 -0.691000 0.000000 0.000000 0.000000 1.000000
0.997177 -0.031597 0.068118 0.005100 0.035521 0.997732 -0.057183 8.712000 -0.066157 0.059441 0.996037 -0.691000 0.000000 0.000000 0.000000 1.000000
0.997107 -0.034713 0.067619 0.005100 0.038519 0.997697 -0.055827 8.712000 -0.065526 0.058270 0.996148 -0.691000 0.000000 0.000000 0.000000 1.000000
0.997523 -0.031399 0.062944 0.005100 0.034988 0.997775 -0.056757 8.712000 -0.061022 0.058819 0.996402 -0.691000 0.000000 0.000000 0.000000 1.000000
0.997927 -0.031119 0.056328 0.005100 0.034399 0.997710 -0.058233 8.712000 -0.054387 0.060050 0.996713 -0.691000 0.000000 0.000000 0.000000 1.000000
0.998153 -0.034354 0.050106 0.005100 0.037305 0.997549 -0.059201 8.712000 -0.047949 0.060961 0.996988 -0.691000 0.000000 0.000000 0.000000 1.000000
0.998236 -0.037721 0.045852 0.005100 0.040473 0.997338 -0.060650 8.712000 -0.043442 0.062399 0.997105 -0.691000 0.000000 0.000000 0.000000 1.000000
0.998303 -0.038810 0.043416 0.005100 0.041552 0.997074 -0.064157 8.712000 -0.040799 0.065852 0.996995 -0.691000 0.000000 0.000000 0.000000 1.000000
0.998446 -0.037994 0.040765 0.005100 0.040752 0.996777 -0.069096 8.712000 -0.038009 0.070650 0.996777 -0.691000 0.000000 0.000000 0.000000 1.000000
0.998759 -0.034620 0.035813 0.005100 0.037152 0.996666 -0.072645 8.712000 -0.033178 0.073886 0.996715 -0.691000 0.000000 0.000000 0.000000 1.000000
0.999142 -0.029701 0.028879 0.005100 0.031736 0.996843 -0.072785 8.712000 -0.026626 0.073639 0.996929 -0.691000 0.000000 0.000000 0.000000 1.000000
0.999473 -0.023842 0.022028 0.005100 0.025340 0.997193 -0.070449 8.712000 -0.020286 0.070970 0.997272 -0.691000 0.000000 0.000000 0.000000 1.000000
0.999640 -0.020477 0.017351 0.005100 0.021604 0.997488 -0.067462 8.712000 -0.015926 0.067812 0.997571 -0.691000 0.000000 0.000000 0.000000 1.000000
0.999573 -0.024645 0.015710 0.005100 0.025611 0.997579 -0.064651 8.712000 -0.014079 0.065026 0.997784 -0.691000 0.000000 0.000000 0.000000 1.000000
0.999242 -0.034923 0.017171 0.005100 0.035927 0.997420 -0.062144 8.712000 -0.014957 0.062714 0.997919 -0.691000 0.000000 0.000000 0.000000 1.000000
0.998645 -0.047634 0.020936 0.005100 0.048812 0.997009 -0.059924 8.712000 -0.018019 0.060864 0.997983 -0.691000 0.000000 0.000000 0.000000 1.000000
0.997947 -0.058907 0.025120 0.005100 0.060285 0.996486 -0.058150 8.712000 -0.021606 0.059545 0.997992 -0.691000 0.000000 0.000000 0.000000 1.000000
0.997445 -0.065819 0.027786 0.005100 0.067322 0.996093 -0.057152 8.712000 -0.023916 0.058877 0.997979 -0.691000 0.000000 0.000000 0.000000 1.000000</float_array><technique_common><accessor source="#mixamorig_Spine-Matrix-animation-output-transform-array" count="29" stride="16"><param type="float4x4"/></accessor></technique_common></source><source id="mixamorig_Spine-Interpolations"><Name_array id="mixamorig_Spine-Interpolations-array" count="29">
 LINEAR LINEAR LINEAR LINEAR LINEAR LINEAR LINEAR LINEAR LINEAR LINEAR LINEAR
LINEAR LINEAR LINEAR LINEAR LINEAR LINEAR LINEAR LINEAR LINEAR LINEAR LINEAR LINEAR
LINEAR LINEAR LINEAR LINEAR LINEAR LINEAR</Name_array><technique_common><accessor source="#mixamorig_Spine-Interpolations-array" count="29"><param type="name"/></accessor></technique_common></source><sampler id="mixamorig_Spine-Matrix-animation-transform"><input semantic="INPUT" source="#mixamorig_Spine-Matrix-animation-input"/><input semantic="OUTPUT" source="#mixamorig_Spine-Matrix-animation-output-transform"/><input semantic="INTERPOLATION" source="#mixamorig_Spine-Interpolations"/></sampler><channel source="#mixamorig_Spine-Matrix-animation-transform" target="mixamorig_Spine/matrix"/></animation>
    <animation id="mixamorig_Spine1-anim" name="mixamorig_Spine1"><source id="mixamorig_Spine1-Matrix-animation-input"><float_array id="mixamorig_Spine1-Matrix-animation-input-array" count="29">

0.000000 0.033333 0.066667 0.100000 0.133333 0.166667 0.200000 0.233333 0.266667 0.300000 0.333333 0.366667 0.400000 0.433333 0.466667 0.500000
0.533333 0.566667 0.600000 0.633333 0.666667 0.700000 0.733333 0.766667 0.800000 0.833333 0.866667 0.900000 0.933333</float_array><technique_common><accessor source="#mixamorig_Spine1-Matrix-animation-input-array" count="29"><param name="TIME" type="float"/></accessor></technique_common></source><source id="mixamorig_Spine1-Matrix-animation-output-transform"><float_array id="mixamorig_Spine1-Matrix-animation-output-transform-array" count="464">

0.999545 -0.029509 0.006247 -0.009200 0.029630 0.999357 -0.020210 8.660300 -0.005647 0.020386 0.999776 -1.275000 0.000000 0.000000 0.000000 1.000000
0.999520 -0.029662 0.008897 -0.009200 0.029850 0.999317 -0.021787 8.660300 -0.008245 0.022042 0.999723 -1.275000 0.000000 0.000000 0.000000 1.000000
0.999441 -0.031550 0.011053 -0.009200 0.031806 0.999212 -0.023750 8.660300 -0.010295 0.024088 0.999657 -1.275000 0.000000 0.000000 0.000000 1.000000
0.999297 -0.035023 0.013412 -0.009200 0.035366 0.999028 -0.026317 8.660300 -0.012477 0.026772 0.999564 -1.275000 0.000000 0.000000 0.000000 1.000000
0.999083 -0.039473 0.016610 -0.009200 0.039946 0.998777 -0.029150 8.660300 -0.015439 0.029787 0.999437 -1.275000 0.000000 0.000000 0.000000 1.000000
0.998797 -0.044439 0.020726 -0.009200 0.045075 0.998492 -0.031324 8.660300 -0.019303 0.032220 0.999294 -1.275000 0.000000 0.000000 0.000000 1.000000
0.998436 -0.049989 0.025021 -0.009200 0.050779 0.998197 -0.032004 8.660300 -0.023376 0.033225 0.999174 -1.275000 0.000000 0.000000 0.000000 1.000000
0.998015 -0.056228 0.028356 -0.009200 0.057108 0.997879 -0.031243 8.660300 -0.026539 0.032800 0.999110 -1.275000 0.000000 0.000000 0.000000 1.000000
0.997546 -0.063046 0.030458 -0.009200 0.063956 0.997505 -0.029885 8.660300 -0.028497 0.031760 0.999089 -1.275000 0.000000 0.000000 0.000000 1.000000
0.996988 -0.070326 0.032706 -0.009200 0.071266 0.997050 -0.028501 8.660300 -0.030605 0.030746 0.999059 -1.275000 0.000000 0.000000 0.000000 1.000000
0.996311 -0.077561 0.036717 -0.009200 0.078561 0.996554 -0.026603 8.660300 -0.034527 0.029390 0.998972 -1.275000 0.000000 0.000000 0.000000 1.000000
0.995642 -0.083237 0.042058 -0.009200 0.084273 0.996166 -0.023494 8.660300 -0.039941 0.026936 0.998839 -1.275000 0.000000 0.000000 0.000000 1.000000
0.995238 -0.085820 0.046214 -0.009200 0.086807 0.996029 -0.019774 8.660300 -0.044333 0.023692 0.998736 -1.275000 0.000000 0.000000 0.000000 1.000000
0.995179 -0.086060 0.047029 -0.009200 0.086948 0.996065 -0.017181 8.660300 -0.045365 0.021187 0.998746 -1.275000 0.000000 0.000000 0.000000 1.000000
0.995231 -0.086843 0.044419 -0.009200 0.087655 0.996011 -0.016663 8.660300 -0.042795 0.020477 0.998874 -1.275000 0.000000 0.000000 0.000000 1.000000
0.995250 -0.088901 0.039671 -0.009200 0.089638 0.995825 -0.017221 8.660300 -0.037974 0.020695 0.999064 -1.275000 0.000000 0.000000 0.000000 1.000000
0.995332 -0.090032 0.034762 -0.009200 0.090680 0.995726 -0.017529 8.660300 -0.033036 0.020600 0.999242 -1.275000 0.000000 0.000000 0.000000 1.000000
0.995598 -0.087976 0.032322 -0.009200 0.088591 0.995903 -0.018115 8.660300 -0.030595 0.020899 0.999313 -1.275000 0.000000 0.000000 0.000000 1.000000
0.995959 -0.083337 0.033477 -0.009200 0.084049 0.996251 -0.020473 8.660300 -0.031645 0.023204 0.999230 -1.275000 0.000000 0.000000 0.000000 1.000000
0.996357 -0.077945 0.034591 -0.009200 0.078800 0.996600 -0.024064 8.660300 -0.032597 0.026702 0.999112 -1.275000 0.000000 0.000000 0.000000 1.000000
0.996970 -0.071868 0.029755 -0.009200 0.072650 0.997017 -0.026078 8.660300 -0.027792 0.028160 0.999217 -1.275000 0.000000 0.000000 0.000000 1.000000
0.997760 -0.064157 0.018943 -0.009200 0.064623 0.997595 -0.025082 8.660300 -0.017288 0.026250 0.999506 -1.275000 0.000000 0.000000 0.000000 1.000000
0.998416 -0.055569 0.008828 -0.009200 0.055759 0.998180 -0.022975 8.660300 -0.007535 0.023431 0.999697 -1.275000 0.000000 0.000000 0.000000 1.000000
0.998832 -0.048190 0.003465 -0.009200 0.048254 0.998595 -0.021889 8.660300 -0.002405 0.022031 0.999754 -1.275000 0.000000 0.000000 0.000000 1.000000
0.999074 -0.043000 0.001450 -0.009200 0.043022 0.998837 -0.021780 8.660300 -0.000512 0.021822 0.999762 -1.275000 0.000000 0.000000 0.000000 1.000000
0.999234 -0.039124 0.001144 -0.009200 0.039139 0.998999 -0.021640 8.660300 -0.000296 0.021669 0.999765 -1.275000 0.000000 0.000000 0.000000 1.000000
0.999373 -0.035335 0.002356 -0.009200 0.035377 0.999152 -0.021077 8.660300 -0.001609 0.021147 0.999775 -1.275000 0.000000 0.000000 0.000000 1.000000
0.999487 -0.031717 0.004488 -0.009200 0.031802 0.999284 -0.020474 8.660300 -0.003836 0.020607 0.999780 -1.275000 0.000000 0.000000 0.000000 1.000000
0.999544 -0.029528 0.006253 -0.009200 0.029648 0.999356 -0.020210 8.660300 -0.005652 0.020386 0.999776 -1.275000 0.000000 0.000000 0.000000 1.000000</float_array><technique_common><accessor source="#mixamorig_Spine1-Matrix-animation-output-transform-array" count="29" stride="16"><param type="float4x4"/></accessor></technique_common></source><source id="mixamorig_Spine1-Interpolations"><Name_array id="mixamorig_Spine1-Interpolations-array" count="29">
 LINEAR LINEAR LINEAR LINEAR LINEAR LINEAR LINEAR LINEAR LINEAR LINEAR LINEAR
LINEAR LINEAR LINEAR LINEAR LINEAR LINEAR LINEAR LINEAR LINEAR LINEAR LINEAR LINEAR
LINEAR LINEAR LINEAR LINEAR LINEAR LINEAR</Name_array><technique_common><accessor source="#mixamorig_Spine1-Interpolations-array" count="29"><param type="name"/></accessor></technique_common></source><sampler id="mixamorig_Spine1-Matrix-animation-transform"><input semantic="INPUT" source="#mixamorig_Spine1-Matrix-animation-input"/><input semantic="OUTPUT" source="#mixamorig_Spine1-Matrix-animation-output-transform"/><input semantic="INTERPOLATION" source="#mixamorig_Spine1-Interpolations"/></sampler><channel source="#mixamorig_Spine1-Matrix-animation-transform" target="mixamorig_Spine1/matrix"/></animation>
    <animation id="mixamorig_Spine2-anim" name="mixamorig_Spine2"><source id="mixamorig_Spine2-Matrix-animation-input"><float_array id="mixamorig_Spine2-Matrix-animation-input-array" count="29">

0.000000 0.033333 0.066667 0.100000 0.133333 0.166667 0.200000 0.233333 0.266667 0.300000 0.333333 0.366667 0.400000 0.433333 0.466667 0.500000
0.533333 0.566667 0.600000 0.633333 0.666667 0.700000 0.733333 0.766667 0.800000 0.833333 0.866667 0.900000 0.933333</float_array><technique_common><accessor source="#mixamorig_Spine2-Matrix-animation-input-array" count="29"><param name="TIME" type="float"/></accessor></technique_common></source><source id="mixamorig_Spine2-Matrix-animation-output-transform"><float_array id="mixamorig_Spine2-Matrix-animation-output-transform-array" count="464">

0.999539 -0.029606 0.006693 0.006300 0.029733 0.999363 -0.019752 9.852500 -0.006104 0.019942 0.999783 -1.857000 0.000000 0.000000 0.000000 1.000000
0.999539 -0.028896 0.009360 0.006300 0.029089 0.999351 -0.021262 9.852500 -0.008740 0.021524 0.999730 -1.857000 0.000000 0.000000 0.000000 1.000000
0.999521 -0.028765 0.011409 0.006300 0.029023 0.999310 -0.023167 9.852500 -0.010734 0.023487 0.999667 -1.857000 0.000000 0.000000 0.000000 1.000000
0.999488 -0.029012 0.013482 0.006300 0.029351 0.999239 -0.025694 9.852500 -0.012726 0.026077 0.999579 -1.857000 0.000000 0.000000 0.000000 1.000000
0.999443 -0.029175 0.016211 0.006300 0.029629 0.999154 -0.028511 9.852500 -0.015365 0.028975 0.999462 -1.857000 0.000000 0.000000 0.000000 1.000000
0.999381 -0.029127 0.019707 0.006300 0.029723 0.999087 -0.030689 9.852500 -0.018795 0.031256 0.999335 -1.857000 0.000000 0.000000 0.000000 1.000000
0.999306 -0.029065 0.023277 0.006300 0.029790 0.999063 -0.031394 9.852500 -0.022343 0.032065 0.999236 -1.857000 0.000000 0.000000 0.000000 1.000000
0.999241 -0.029174 0.025824 0.006300 0.029962 0.999080 -0.030679 9.852500 -0.024906 0.031429 0.999196 -1.857000 0.000000 0.000000 0.000000 1.000000
0.999195 -0.029567 0.027111 0.006300 0.030362 0.999107 -0.029391 9.852500 -0.026218 0.030191 0.999200 -1.857000 0.000000 0.000000 0.000000 1.000000
0.999132 -0.030345 0.028538 0.006300 0.031147 0.999120 -0.028100 9.852500 -0.027661 0.028965 0.999198 -1.857000 0.000000 0.000000 0.000000 1.000000
0.999008 -0.031234 0.031736 0.006300 0.032074 0.999139 -0.026319 9.852500 -0.030886 0.027311 0.999150 -1.857000 0.000000 0.000000 0.000000 1.000000
0.998863 -0.030901 0.036301 0.006300 0.031761 0.999223 -0.023352 9.852500 -0.035551 0.024478 0.999068 -1.857000 0.000000 0.000000 0.000000 1.000000
0.998817 -0.027948 0.039782 0.006300 0.028753 0.999391 -0.019796 9.852500 -0.039205 0.020916 0.999012 -1.857000 0.000000 0.000000 0.000000 1.000000
0.998926 -0.023261 0.040082 0.006300 0.023973 0.999562 -0.017373 9.852500 -0.039661 0.018315 0.999045 -1.857000 0.000000 0.000000 0.000000 1.000000
0.999114 -0.019822 0.037127 0.006300 0.020465 0.999646 -0.017010 9.852500 -0.036777 0.017755 0.999166 -1.857000 0.000000 0.000000 0.000000 1.000000
0.999315 -0.018414 0.032107 0.006300 0.018990 0.999663 -0.017724 9.852500 -0.031770 0.018322 0.999327 -1.857000 0.000000 0.000000 0.000000 1.000000
0.999490 -0.017218 0.026900 0.006300 0.017712 0.999677 -0.018251 9.852500 -0.026577 0.018719 0.999471 -1.857000 0.000000 0.000000 0.000000 1.000000
0.999593 -0.015115 0.024203 0.006300 0.015582 0.999694 -0.019189 9.852500 -0.023905 0.019558 0.999523 -1.857000 0.000000 0.000000 0.000000 1.000000
0.999578 -0.014075 0.025413 0.006300 0.014635 0.999651 -0.021975 9.852500 -0.025095 0.022337 0.999435 -1.857000 0.000000 0.000000 0.000000 1.000000
0.999504 -0.016024 0.027118 0.006300 0.016724 0.999527 -0.025790 9.852500 -0.026692 0.026231 0.999299 -1.857000 0.000000 0.000000 0.000000 1.000000
0.999534 -0.019682 0.023352 0.006300 0.020323 0.999414 -0.027542 9.852500 -0.022797 0.028003 0.999348 -1.857000 0.000000 0.000000 0.000000 1.000000
0.999646 -0.022724 0.013861 0.006300 0.023077 0.999397 -0.025934 9.852500 -0.013263 0.026244 0.999568 -1.857000 0.000000 0.000000 0.000000 1.000000
0.999670 -0.025154 0.005204 0.006300 0.025268 0.999410 -0.023280 9.852500 -0.004615 0.023404 0.999715 -1.857000 0.000000 0.000000 0.000000 1.000000
0.999598 -0.028310 0.001397 0.006300 0.028334 0.999359 -0.021864 9.852500 -0.000777 0.021894 0.999760 -1.857000 0.000000 0.000000 0.000000 1.000000
0.999490 -0.031921 0.000767 0.006300 0.031930 0.999258 -0.021547 9.852500 -0.000079 0.021561 0.999768 -1.857000 0.000000 0.000000 0.000000 1.000000
0.999420 -0.034020 0.001335 0.006300 0.034041 0.999195 -0.021244 9.852500 -0.000611 0.021277 0.999773 -1.857000 0.000000 0.000000 0.000000 1.000000
0.999437 -0.033429 0.002854 0.006300 0.033481 0.999227 -0.020608 9.852500 -0.002163 0.020692 0.999784 -1.857000 0.000000 0.000000 0.000000 1.000000
0.999500 -0.031214 0.004975 0.006300 0.031307 0.999310 -0.020000 9.852500 -0.004347 0.020145 0.999788 -1.857000 0.000000 0.000000 0.000000 1.000000
0.999540 -0.029575 0.006683 0.006300 0.029702 0.999364 -0.019752 9.852500 -0.006095 0.019942 0.999783 -1.857000 0.000000 0.000000 0.000000 1.000000</float_array><technique_common><accessor source="#mixamorig_Spine2-Matrix-animation-output-transform-array" count="29" stride="16"><param type="float4x4"/></accessor></technique_common></source><source id="mixamorig_Spine2-Interpolations"><Name_array id="mixamorig_Spine2-Interpolations-array" count="29">
 LINEAR LINEAR LINEAR LINEAR LINEAR LINEAR LINEAR LINEAR LINEAR LINEAR LINEAR
LINEAR LINEAR LINEAR LINEAR LINEAR LINEAR LINEAR LINEAR LINEAR LINEAR LINEAR LINEAR
LINEAR LINEAR LINEAR LINEAR LINEAR LINEAR</Name_array><technique_common><accessor source="#mixamorig_Spine2-Interpolations-array" count="29"><param type="name"/></accessor></technique_common></source><sampler id="mixamorig_Spine2-Matrix-animation-transform"><input semantic="INPUT" source="#mixamorig_Spine2-Matrix-animation-input"/><input semantic="OUTPUT" source="#mixamorig_Spine2-Matrix-animation-output-transform"/><input semantic="INTERPOLATION" source="#mixamorig_Spine2-Interpolations"/></sampler><channel source="#mixamorig_Spine2-Matrix-animation-transform" target="mixamorig_Spine2/matrix"/></animation>
    <animation id="mixamorig_Neck-anim" name="mixamorig_Neck"><source id="mixamorig_Neck-Matrix-animation-input"><float_array id="mixamorig_Neck-Matrix-animation-input-array" count="29">

0.000000 0.033333 0.066667 0.100000 0.133333 0.166667 0.200000 0.233333 0.266667 0.300000 0.333333 0.366667 0.400000 0.433333 0.466667 0.500000
0.533333 0.566667 0.600000 0.633333 0.666667 0.700000 0.733333 0.766667 0.800000 0.833333 0.866667 0.900000 0.933333</float_array><technique_common><accessor source="#mixamorig_Neck-Matrix-animation-input-array" count="29"><param name="TIME" type="float"/></accessor></technique_common></source><source id="mixamorig_Neck-Matrix-animation-output-transform"><float_array id="mixamorig_Neck-Matrix-animation-output-transform-array" count="464">

0.999968 -0.007936 -0.001378 0.016300 0.007762 0.995152 -0.098040 11.420800 0.002150 0.098026 0.995182 -0.263300 0.000000 0.000000 0.000000 1.000000
0.999941 -0.001752 0.010689 0.016300 0.002773 0.995353 -0.096248 11.420800 -0.010470 0.096272 0.995300 -0.263300 0.000000 0.000000 0.000000 1.000000
0.999471 0.007755 0.031596 0.016300 -0.004585 0.995057 -0.099204 11.420800 -0.032210 0.099007 0.994565 -0.263300 0.000000 0.000000 0.000000 1.000000
0.998048 0.019181 0.059433 0.016300 -0.012739 0.994185 -0.106931 11.420800 -0.061138 0.105965 0.992489 -0.263300 0.000000 0.000000 0.000000 1.000000
0.995491 0.030183 0.089923 0.016300 -0.019480 0.992869 -0.117607 11.420800 -0.092831 0.115325 0.988981 -0.263300 0.000000 0.000000 0.000000 1.000000
0.992328 0.038550 0.117466 0.016300 -0.023337 0.991469 -0.128238 11.420800 -0.121408 0.124513 0.984762 -0.263300 0.000000 0.000000 0.000000 1.000000
0.989503 0.043529 0.137798 0.016300 -0.024568 0.990346 -0.136420 11.420800 -0.142406 0.131603 0.981021 -0.263300 0.000000 0.000000 0.000000 1.000000
0.987637 0.045871 0.149898 0.016300 -0.024540 0.989681 -0.141173 11.420800 -0.154827 0.135750 0.978571 -0.263300 0.000000 0.000000 0.000000 1.000000
0.986706 0.046874 0.155610 0.016300 -0.024453 0.989422 -0.142990 11.420800 -0.160667 0.137284 0.977415 -0.263300 0.000000 0.000000 0.000000 1.000000
0.986443 0.047392 0.157110 0.016300 -0.024701 0.989363 -0.143355 11.420800 -0.162233 0.137531 0.977121 -0.263300 0.000000 0.000000 0.000000 1.000000
0.986672 0.047704 0.155573 0.016300 -0.025159 0.989289 -0.143787 11.420800 -0.160766 0.137957 0.977304 -0.263300 0.000000 0.000000 0.000000 1.000000
0.987254 0.047804 0.151804 0.016300 -0.025659 0.989155 -0.144614 11.420800 -0.157071 0.138876 0.977774 -0.263300 0.000000 0.000000 0.000000 1.000000
0.988068 0.047159 0.146623 0.016300 -0.025747 0.989149 -0.144640 11.420800 -0.151853 0.139139 0.978561 -0.263300 0.000000 0.000000 0.000000 1.000000
0.989087 0.044645 0.140406 0.016300 -0.024415 0.989475 -0.142628 11.420800 -0.145296 0.137644 0.979767 -0.263300 0.000000 0.000000 0.000000 1.000000
0.990331 0.039911 0.132856 0.016300 -0.021246 0.990058 -0.139049 11.420800 -0.137084 0.134882 0.981333 -0.263300 0.000000 0.000000 0.000000 1.000000
0.991750 0.034477 0.123463 0.016300 -0.017560 0.990612 -0.135573 11.420800 -0.126978 0.132286 0.983045 -0.263300 0.000000 0.000000 0.000000 1.000000
0.993239 0.030036 0.112131 0.016300 -0.014970 0.991022 -0.132856 11.420800 -0.115115 0.130279 0.984772 -0.263300 0.000000 0.000000 0.000000 1.000000
0.994713 0.026224 0.099287 0.016300 -0.013183 0.991454 -0.129790 11.420800 -0.101842 0.127795 0.986558 -0.263300 0.000000 0.000000 0.000000 1.000000
0.996113 0.021439 0.085434 0.016300 -0.010618 0.992080 -0.125156 11.420800 -0.087441 0.123762 0.988452 -0.263300 0.000000 0.000000 0.000000 1.000000
0.997371 0.015052 0.070878 0.016300 -0.006524 0.992868 -0.119039 11.420800 -0.072164 0.118263 0.990357 -0.263300 0.000000 0.000000 0.000000 1.000000
0.998406 0.007779 0.055906 0.016300 -0.001447 0.993660 -0.112420 11.420800 -0.056426 0.112160 0.992087 -0.263300 0.000000 0.000000 0.000000 1.000000
0.999156 0.000800 0.041078 0.016300 0.003575 0.994325 -0.106327 11.420800 -0.040930 0.106384 0.993482 -0.263300 0.000000 0.000000 0.000000 1.000000
0.999613 -0.004665 0.027427 0.016300 0.007432 0.994792 -0.101654 11.420800 -0.026810 0.101819 0.994442 -0.263300 0.000000 0.000000 0.000000 1.000000
0.999838 -0.007712 0.016261 0.016300 0.009285 0.995045 -0.098988 11.420800 -0.015417 0.099123 0.994956 -0.263300 0.000000 0.000000 0.000000 1.000000
0.999929 -0.008513 0.008361 0.016300 0.009293 0.995133 -0.098100 11.420800 -0.007485 0.098170 0.995141 -0.263300 0.000000 0.000000 0.000000 1.000000
0.999960 -0.008258 0.003478 0.016300 0.008559 0.995145 -0.098043 11.420800 -0.002651 0.098069 0.995176 -0.263300 0.000000 0.000000 0.000000 1.000000
0.999968 -0.007986 0.000734 0.016300 0.008019 0.995150 -0.098044 11.420800 0.000052 0.098046 0.995182 -0.263300 0.000000 0.000000 0.000000 1.000000
0.999968 -0.007943 -0.000724 0.016300 0.007833 0.995151 -0.098044 11.420800 0.001499 0.098035 0.995182 -0.263300 0.000000 0.000000 0.000000 1.000000
0.999968 -0.007943 -0.001362 0.016300 0.007771 0.995152 -0.098043 11.420800 0.002134 0.098030 0.995181 -0.263300 0.000000 0.000000 0.000000 1.000000</float_array><technique_common><accessor source="#mixamorig_Neck-Matrix-animation-output-transform-array" count="29" stride="16"><param type="float4x4"/></accessor></technique_common></source><source id="mixamorig_Neck-Interpolations"><Name_array id="mixamorig_Neck-Interpolations-array" count="29">
 LINEAR LINEAR LINEAR LINEAR LINEAR LINEAR LINEAR LINEAR LINEAR LINEAR LINEAR
LINEAR LINEAR LINEAR LINEAR LINEAR LINEAR LINEAR LINEAR LINEAR LINEAR LINEAR LINEAR
LINEAR LINEAR LINEAR LINEAR LINEAR LINEAR</Name_array><technique_common><accessor source="#mixamorig_Neck-Interpolations-array" count="29"><param type="name"/></accessor></technique_common></source><sampler id="mixamorig_Neck-Matrix-animation-transform"><input semantic="INPUT" source="#mixamorig_Neck-Matrix-animation-input"/><input semantic="OUTPUT" source="#mixamorig_Neck-Matrix-animation-output-transform"/><input semantic="INTERPOLATION" source="#mixamorig_Neck-Interpolations"/></sampler><channel source="#mixamorig_Neck-Matrix-animation-transform" target="mixamorig_Neck/matrix"/></animation>
    <animation id="mixamorig_Head-anim" name="mixamorig_Head"><source id="mixamorig_Head-Matrix-animation-input"><float_array id="mixamorig_Head-Matrix-animation-input-array" count="29">

0.000000 0.033333 0.066667 0.100000 0.133333 0.166667 0.200000 0.233333 0.266667 0.300000 0.333333 0.366667 0.400000 0.433333 0.466667 0.500000
0.533333 0.566667 0.600000 0.633333 0.666667 0.700000 0.733333 0.766667 0.800000 0.833333 0.866667 0.900000 0.933333</float_array><technique_common><accessor source="#mixamorig_Head-Matrix-animation-input-array" count="29"><param name="TIME" type="float"/></accessor></technique_common></source><source id="mixamorig_Head-Matrix-animation-output-transform"><float_array id="mixamorig_Head-Matrix-animation-output-transform-array" count="464">

0.999711 0.001406 0.024009 -0.019200 -0.004554 0.991295 0.131584 9.262400 -0.023615 -0.131656 0.991014 2.362500 0.000000 0.000000 0.000000 1.000000
0.997986 0.011224 0.062438 -0.019200 -0.019709 0.990375 0.137000 9.262400 -0.060300 -0.137955 0.988601 2.362500 0.000000 0.000000 0.000000 1.000000
0.992694 0.025291 0.117982 -0.019200 -0.041145 0.990134 0.133946 9.262400 -0.113430 -0.137821 0.983940 2.362500 0.000000 0.000000 0.000000 1.000000
0.981562 0.041968 0.186478 -0.019200 -0.065120 0.990658 0.119819 9.262400 -0.179707 -0.129753 0.975125 2.362500 0.000000 0.000000 0.000000 1.000000
0.963976 0.058955 0.259373 -0.019200 -0.086009 0.991829 0.094218 9.262400 -0.251699 -0.113133 0.961171 2.362500 0.000000 0.000000 0.000000 1.000000
0.942349 0.074728 0.326180 -0.019200 -0.100215 0.993031 0.062023 9.262400 -0.319272 -0.091135 0.943271 2.362500 0.000000 0.000000 0.000000 1.000000
0.920984 0.088925 0.379315 -0.019200 -0.108913 0.993551 0.031520 9.262400 -0.374066 -0.070342 0.924730 2.362500 0.000000 0.000000 0.000000 1.000000
0.903345 0.101817 0.416655 -0.019200 -0.115963 0.993215 0.008707 9.262400 -0.412942 -0.056182 0.909023 2.362500 0.000000 0.000000 0.000000 1.000000
0.890664 0.113748 0.440203 -0.019200 -0.123882 0.992280 -0.005754 9.262400 -0.437459 -0.049408 0.897880 2.362500 0.000000 0.000000 0.000000 1.000000
0.883032 0.124371 0.452533 -0.019200 -0.132333 0.991104 -0.014164 9.262400 -0.450268 -0.047378 0.891635 2.362500 0.000000 0.000000 0.000000 1.000000
0.879937 0.132828 0.456145 -0.019200 -0.139635 0.990022 -0.018924 9.262400 -0.454107 -0.047042 0.889704 2.362500 0.000000 0.000000 0.000000 1.000000
0.879848 0.138580 0.454602 -0.019200 -0.144555 0.989257 -0.021788 9.262400 -0.452738 -0.046545 0.890428 2.362500 0.000000 0.000000 0.000000 1.000000
0.880883 0.141815 0.451589 -0.019200 -0.147071 0.988843 -0.023651 9.262400 -0.449905 -0.045582 0.891912 2.362500 0.000000 0.000000 0.000000 1.000000
0.881953 0.143726 0.448889 -0.019200 -0.148739 0.988578 -0.024291 9.262400 -0.447253 -0.045343 0.893257 2.362500 0.000000 0.000000 0.000000 1.000000
0.883320 0.146254 0.445372 -0.019200 -0.152179 0.988093 -0.022654 9.262400 -0.443382 -0.047766 0.895059 2.362500 0.000000 0.000000 0.000000 1.000000
0.886645 0.150148 0.437397 -0.019200 -0.158387 0.987216 -0.017822 9.262400 -0.434481 -0.053476 0.899092 2.362500 0.000000 0.000000 0.000000 1.000000
0.894120 0.152717 0.420984 -0.019200 -0.163931 0.986424 -0.009666 9.262400 -0.416745 -0.060370 0.907017 2.362500 0.000000 0.000000 0.000000 1.000000
0.906816 0.148902 0.394350 -0.019200 -0.162851 0.986649 0.001932 9.262400 -0.388798 -0.065972 0.918958 2.362500 0.000000 0.000000 0.000000 1.000000
0.923663 0.135907 0.358296 -0.019200 -0.152236 0.988187 0.017619 9.262400 -0.351669 -0.070819 0.933442 2.362500 0.000000 0.000000 0.000000 1.000000
0.941940 0.115777 0.315190 -0.019200 -0.134143 0.990266 0.037136 9.262400 -0.307822 -0.077260 0.948302 2.362500 0.000000 0.000000 0.000000 1.000000
0.959011 0.092686 0.267782 -0.019200 -0.112188 0.991967 0.058433 9.262400 -0.260215 -0.086080 0.961706 2.362500 0.000000 0.000000 0.000000 1.000000
0.973387 0.069691 0.218312 -0.019200 -0.088795 0.992917 0.078942 9.262400 -0.211264 -0.096226 0.972681 2.362500 0.000000 0.000000 0.000000 1.000000
0.984409 0.048838 0.168979 -0.019200 -0.065863 0.993136 0.096654 9.262400 -0.163099 -0.106277 0.980869 2.362500 0.000000 0.000000 0.000000 1.000000
0.991875 0.032041 0.123119 -0.019200 -0.045759 0.992849 0.110260 9.262400 -0.118706 -0.114998 0.986248 2.362500 0.000000 0.000000 0.000000 1.000000
0.996189 0.020190 0.084849 -0.019200 -0.030284 0.992383 0.119409 9.262400 -0.081792 -0.121524 0.989213 2.362500 0.000000 0.000000 0.000000 1.000000
0.998305 0.012382 0.056874 -0.019200 -0.019423 0.991970 0.124970 9.262400 -0.054870 -0.125863 0.990529 2.362500 0.000000 0.000000 0.000000 1.000000
0.999216 0.007053 0.038956 -0.019200 -0.012005 0.991651 0.128387 9.262400 -0.037725 -0.128754 0.990959 2.362500 0.000000 0.000000 0.000000 1.000000
0.999582 0.003371 0.028720 -0.019200 -0.007092 0.991427 0.130467 9.262400 -0.028034 -0.130616 0.991037 2.362500 0.000000 0.000000 0.000000 1.000000
0.999711 0.001385 0.024020 -0.019200 -0.004534 0.991299 0.131548 9.262400 -0.023629 -0.131618 0.991019 2.362500 0.000000 0.000000 0.000000 1.000000</float_array><technique_common><accessor source="#mixamorig_Head-Matrix-animation-output-transform-array" count="29" stride="16"><param type="float4x4"/></accessor></technique_common></source><source id="mixamorig_Head-Interpolations"><Name_array id="mixamorig_Head-Interpolations-array" count="29">
 LINEAR LINEAR LINEAR LINEAR LINEAR LINEAR LINEAR LINEAR LINEAR LINEAR LINEAR
LINEAR LINEAR LINEAR LINEAR LINEAR LINEAR LINEAR LINEAR LINEAR LINEAR LINEAR LINEAR
LINEAR LINEAR LINEAR LINEAR LINEAR LINEAR</Name_array><technique_common><accessor source="#mixamorig_Head-Interpolations-array" count="29"><param type="name"/></accessor></technique_common></source><sampler id="mixamorig_Head-Matrix-animation-transform"><input semantic="INPUT" source="#mixamorig_Head-Matrix-animation-input"/><input semantic="OUTPUT" source="#mixamorig_Head-Matrix-animation-output-transform"/><input semantic="INTERPOLATION" source="#mixamorig_Head-Interpolations"/></sampler><channel source="#mixamorig_Head-Matrix-animation-transform" target="mixamorig_Head/matrix"/></animation>
    <animation id="mixamorig_LeftShoulder-anim" name="mixamorig_LeftShoulder"><source id="mixamorig_LeftShoulder-Matrix-animation-input"><float_array id="mixamorig_LeftShoulder-Matrix-animation-input-array" count="29">

0.000000 0.033333 0.066667 0.100000 0.133333 0.166667 0.200000 0.233333 0.266667 0.300000 0.333333 0.366667 0.400000 0.433333 0.466667 0.500000
0.533333 0.566667 0.600000 0.633333 0.666667 0.700000 0.733333 0.766667 0.800000 0.833333 0.866667 0.900000 0.933333</float_array><technique_common><accessor source="#mixamorig_LeftShoulder-Matrix-animation-input-array" count="29"><param name="TIME" type="float"/></accessor></technique_common></source><source id="mixamorig_LeftShoulder-Matrix-animation-output-transform"><float_array id="mixamorig_LeftShoulder-Matrix-animation-output-transform-array" count="464">

0.932150 0.203103 -0.299741 5.616900 -0.218220 0.975743 -0.017473 6.732200 0.288922 0.081697 0.953860 -0.345700 0.000000 0.000000 0.000000 1.000000
0.930655 0.207015 -0.301706 5.616900 -0.222206 0.974860 -0.016528 6.732200 0.290700 0.082423 0.953258 -0.345700 0.000000 0.000000 0.000000 1.000000
0.928344 0.213434 -0.304342 5.616900 -0.228715 0.973377 -0.015028 6.732200 0.293032 0.083559 0.952444 -0.345700 0.000000 0.000000 0.000000 1.000000
0.925846 0.221209 -0.306392 5.616900 -0.236514 0.971537 -0.013261 6.732200 0.294738 0.084744 0.951813 -0.345700 0.000000 0.000000 0.000000 1.000000
0.923843 0.228839 -0.306834 5.616900 -0.244059 0.969691 -0.011633 6.732200 0.294872 0.085632 0.951692 -0.345700 0.000000 0.000000 0.000000 1.000000
0.922436 0.235883 -0.305731 5.616900 -0.250936 0.967949 -0.010303 6.732200 0.293502 0.086223 0.952062 -0.345700 0.000000 0.000000 0.000000 1.000000
0.921173 0.243204 -0.303797 5.616900 -0.258055 0.966088 -0.009074 6.732200 0.291288 0.086755 0.952694 -0.345700 0.000000 0.000000 0.000000 1.000000
0.919636 0.251374 -0.301795 5.616900 -0.266007 0.963941 -0.007687 6.732200 0.288980 0.087348 0.953342 -0.345700 0.000000 0.000000 0.000000 1.000000
0.917693 0.259835 -0.300543 5.616900 -0.274269 0.961634 -0.006084 6.732200 0.287431 0.088013 0.953749 -0.345700 0.000000 0.000000 0.000000 1.000000
0.915606 0.268082 -0.299662 5.616900 -0.282413 0.959281 -0.004715 6.732200 0.286196 0.088945 0.954034 -0.345700 0.000000 0.000000 0.000000 1.000000
0.914244 0.276917 -0.295763 5.616900 -0.291315 0.956615 -0.004836 6.732200 0.281592 0.090581 0.955249 -0.345700 0.000000 0.000000 0.000000 1.000000
