<?xml version="1.0" encoding="utf-8"?>
<COLLADA xmlns="http://www.collada.org/2005/11/COLLADASchema" version="1.4.1">
  <asset><contributor><author>Mixamo</author><authoring_tool>COLLADA Mixamo exporter</authoring_tool><comments></comments></contributor><created>2018-12-18T20:56:54Z</created><modified>2018-12-18T20:56:54Z</modified><revision></revision><title></title><unit meter="0.010000"/><up_axis>Y_UP</up_axis></asset>
  <library_animations>
    <animation id="Hips-anim" name="Hips"><source id="Hips-Matrix-animation-input"><float_array id="Hips-Matrix-animation-input-array" count="288">

0.000000 0.033333 0.066667 0.100000 0.133333 0.166667 0.200000 0.233333 0.266667 0.300000 0.333333 0.366667 0.400000 0.433333 0.466667 0.500000
0.533333 0.566667 0.600000 0.633333 0.666667 0.700000 0.733333 0.766667 0.800000 0.833333 0.866667 0.900000 0.933333 0.966667 1.000000 1.033333
1.066667 1.100000 1.133333 1.166667 1.200000 1.233333 1.266667 1.300000 1.333333 1.366667 1.400000 1.433333 1.466667 1.500000 1.533333 1.566667
1.600000 1.633333 1.666667 1.700000 1.733333 1.766667 1.800000 1.833333 1.866667 1.900000 1.933333 1.966667 2.000000 2.033333 2.066667 2.100000
2.133333 2.166667 2.200000 2.233333 2.266667 2.300000 2.333333 2.366667 2.400000 2.433333 2.466667 2.500000 2.533333 2.566667 2.600000 2.633333
2.666667 2.700000 2.733333 2.766667 2.800000 2.833333 2.866667 2.900000 2.933333 2.966667 3.000000 3.033333 3.066667 3.100000 3.133333 3.166667
3.200000 3.233333 3.266667 3.300000 3.333333 3.366667 3.400000 3.433333 3.466667 3.500000 3.533333 3.566667 3.600000 3.633333 3.666667 3.700000
3.733333 3.766667 3.800000 3.833333 3.866667 3.900000 3.933333 3.966667 4.000000 4.033333 4.066667 4.100000 4.133333 4.166667 4.200000 4.233333
4.266667 4.300000 4.333333 4.366667 4.400000 4.433333 4.466667 4.500000 4.533333 4.566667 4.600000 4.633333 4.666667 4.700000 4.733333 4.766667
4.800000 4.833333 4.866667 4.900000 4.933333 4.966667 5.000000 5.033333 5.066667 5.100000 5.133333 5.166667 5.200000 5.233333 5.266667 5.300000
5.333333 5.366667 5.400000 5.433333 5.466667 5.500000 5.533333 5.566667 5.600000 5.633333 5.666667 5.700000 5.733333 5.766667 5.800000 5.833333
5.866667 5.900000 5.933333 5.966667 6.000000 6.033333 6.066667 6.100000 6.133333 6.166667 6.200000 6.233333 6.266667 6.300000 6.333333 6.366667
6.400000 6.433333 6.466667 6.500000 6.533333 6.566667 6.600000 6.633333 6.666667 6.700000 6.733333 6.766667 6.800000 6.833333 6.866667 6.900000
6.933333 6.966667 7.000000 7.033333 7.066667 7.100000 7.133333 7.166667 7.200000 7.233333 7.266667 7.300000 7.333333 7.366667 7.400000 7.433333
7.466667 7.500000 7.533333 7.566667 7.600000 7.633333 7.666667 7.700000 7.733333 7.766667 7.800000 7.833333 7.866667 7.900000 7.933333 7.966667
8.000000 8.033333 8.066667 8.100000 8.133333 8.166667 8.200000 8.233333 8.266667 8.300000 8.333333 8.366667 8.400000 8.433333 8.466667 8.500000
8.533333 8.566667 8.600000 8.633333 8.666667 8.700000 8.733333 8.766667 8.800000 8.833333 8.866667 8.900000 8.933333 8.966667 9.000000 9.033333
9.066667 9.100000 9.133333 9.166667 9.200000 9.233333 9.266667 9.300000 9.333333 9.366667 9.400000 9.433333 9.466667 9.500000 9.533333 9.566667</float_array><technique_common><accessor source="#Hips-Matrix-animation-input-array" count="288"><param name="TIME" type="float"/></accessor></technique_common></source><source id="Hips-Matrix-animation-output-transform"><float_array id="Hips-Matrix-animation-output-transform-array" count="4608">

0.999930 0.011816 0.001114 -0.048206 -0.011869 0.995629 0.092639 94.530388 -0.000014 -0.092645 0.995699 0.853654 0.000000 0.000000 0.000000 1.000000
0.999938 0.011099 0.000938 -0.056648 -0.011138 0.995652 0.092487 94.526268 0.000092 -0.092491 0.995713 0.860733 0.000000 0.000000 0.000000 1.000000
0.999945 0.010503 0.000778 -0.067470 -0.010530 0.995650 0.092576 94.519966 0.000197 -0.092579 0.995705 0.858979 0.000000 0.000000 0.000000 1.000000
0.999949 0.010087 0.000559 -0.079225 -0.010095 0.995599 0.093172 94.509178 0.000383 -0.093173 0.995650 0.848580 0.000000 0.000000 0.000000 1.000000
0.999952 0.009806 0.000134 -0.090270 -0.009775 0.995499 0.094266 94.493202 0.000791 -0.094263 0.995547 0.832009 0.000000 0.000000 0.000000 1.000000
0.999954 0.009547 -0.000648 -0.100068 -0.009441 0.995378 0.095565 94.475029 0.001557 -0.095554 0.995423 0.811380 0.000000 0.000000 0.000000 1.000000
0.999956 0.009182 -0.001809 -0.110034 -0.008964 0.995286 0.096572 94.459305 0.002687 -0.096551 0.995324 0.786124 0.000000 0.000000 0.000000 1.000000
0.999957 0.008671 -0.003145 -0.123209 -0.008326 0.995276 0.096725 94.448143 0.003969 -0.096695 0.995306 0.752071 0.000000 0.000000 0.000000 1.000000
0.999957 0.008232 -0.004371 -0.142293 -0.007776 0.995385 0.095643 94.439949 0.005138 -0.095605 0.995406 0.701770 0.000000 0.000000 0.000000 1.000000
0.999951 0.008302 -0.005347 -0.168505 -0.007766 0.995595 0.093433 94.431412 0.006099 -0.093387 0.995611 0.626964 0.000000 0.000000 0.000000 1.000000
0.999941 0.009134 -0.005939 -0.202448 -0.008558 0.995840 0.090712 94.420303 0.006743 -0.090656 0.995859 0.523484 0.000000 0.000000 0.000000 1.000000
0.999928 0.010481 -0.005793 -0.245118 -0.009931 0.996074 0.087968 94.405930 0.006692 -0.087904 0.996106 0.393322 0.000000 0.000000 0.000000 1.000000
0.999920 0.011788 -0.004587 -0.297504 -0.011356 0.996326 0.084883 94.389610 0.005571 -0.084824 0.996380 0.240166 0.000000 0.000000 0.000000 1.000000
0.999918 0.012593 -0.002388 -0.358142 -0.012360 0.996673 0.080566 94.372574 0.003395 -0.080529 0.996746 0.064145 0.000000 0.000000 0.000000 1.000000
0.999918 0.012801 0.000498 -0.421931 -0.012803 0.997142 0.074460 94.355484 0.000456 -0.074461 0.997224 -0.138294 0.000000 0.000000 0.000000 1.000000
0.999911 0.012768 0.003995 -0.485069 -0.013006 0.997683 0.066786 94.338142 -0.003133 -0.066832 0.997759 -0.371391 0.000000 0.000000 0.000000 1.000000
0.999877 0.013199 0.008433 -0.550561 -0.013667 0.998221 0.058037 94.319847 -0.007652 -0.058145 0.998279 -0.639894 0.000000 0.000000 0.000000 1.000000
0.999793 0.014609 0.014168 -0.624129 -0.015278 0.998716 0.048302 94.298454 -0.013444 -0.048508 0.998732 -0.951248 0.000000 0.000000 0.000000 1.000000
0.999641 0.016531 0.021069 -0.705649 -0.017308 0.999155 0.037275 94.271973 -0.020435 -0.037626 0.999083 -1.313016 0.000000 0.000000 0.000000 1.000000
0.999436 0.017644 0.028571 -0.788783 -0.018353 0.999525 0.024742 94.241150 -0.028121 -0.025252 0.999286 -1.727382 0.000000 0.000000 0.000000 1.000000
0.999192 0.017095 0.036384 -0.866854 -0.017497 0.999789 0.010742 94.206085 -0.036193 -0.011370 0.999280 -2.191221 0.000000 0.000000 0.000000 1.000000
0.998867 0.015556 0.044968 -0.936284 -0.015358 0.999871 -0.004730 94.162315 -0.045036 0.004034 0.998977 -2.702971 0.000000 0.000000 0.000000 1.000000
0.998385 0.014713 0.054873 -1.000038 -0.013530 0.999669 -0.021879 94.101433 -0.055176 0.021101 0.998254 -3.266391 0.000000 0.000000 0.000000 1.000000
0.997720 0.015722 0.065629 -1.070137 -0.013054 0.999079 -0.040884 94.020073 -0.066211 0.039934 0.997006 -3.883410 0.000000 0.000000 0.000000 1.000000
0.996940 0.018402 0.075976 -1.162421 -0.013718 0.997999 -0.061717 93.915688 -0.076959 0.060486 0.995198 -4.544827 0.000000 0.000000 0.000000 1.000000
0.996125 0.021722 0.085225 -1.282079 -0.014535 0.996355 -0.084060 93.788742 -0.086740 0.082495 0.992810 -5.230615 0.000000 0.000000 0.000000 1.000000
0.995265 0.024745 0.093996 -1.417135 -0.014567 0.994102 -0.107462 93.640297 -0.096101 0.105584 0.989756 -5.920166 0.000000 0.000000 0.000000 1.000000
0.994265 0.027299 0.103405 -1.548419 -0.013488 0.991162 -0.131973 93.469414 -0.106094 0.129821 0.985845 -6.601285 0.000000 0.000000 0.000000 1.000000
0.993086 0.029791 0.113548 -1.663235 -0.011535 0.987347 -0.158157 93.272331 -0.116823 0.155754 0.980864 -7.269506 0.000000 0.000000 0.000000 1.000000
0.991859 0.032263 0.123186 -1.761421 -0.008810 0.982440 -0.186370 93.045990 -0.127036 0.183767 0.974726 -7.921706 0.000000 0.000000 0.000000 1.000000
0.990784 0.034049 0.131100 -1.851821 -0.004955 0.976353 -0.216124 92.789566 -0.135359 0.213483 0.967524 -8.551943 0.000000 0.000000 0.000000 1.000000
0.989912 0.034729 0.137360 -1.943988 0.000173 0.969196 -0.246291 92.504707 -0.141682 0.243830 0.959413 -9.149644 0.000000 0.000000 0.000000 1.000000
0.989110 0.034944 0.142967 -2.048656 0.005933 0.961149 -0.275968 92.192230 -0.147056 0.273811 0.950475 -9.700813 0.000000 0.000000 0.000000 1.000000
0.988223 0.035759 0.148783 -2.177443 0.011447 0.952311 -0.304913 91.850937 -0.152591 0.303026 0.940687 -10.195172 0.000000 0.000000 0.000000 1.000000
0.987226 0.037463 0.154862 -2.330989 0.016496 0.942707 -0.333215 91.487518 -0.158473 0.331513 0.930046 -10.630322 0.000000 0.000000 0.000000 1.000000
0.986249 0.039048 0.160586 -2.487272 0.021821 0.932410 -0.360742 91.126305 -0.163818 0.359286 0.918737 -11.006715 0.000000 0.000000 0.000000 1.000000
0.985402 0.039064 0.165702 -2.615626 0.028561 0.921590 -0.387113 90.794441 -0.167831 0.386194 0.907021 -11.323833 0.000000 0.000000 0.000000 1.000000
0.984539 0.037468 0.171110 -2.713994 0.037053 0.910202 -0.412504 90.499763 -0.171200 0.412467 0.894741 -11.589929 0.000000 0.000000 0.000000 1.000000
0.983312 0.036167 0.178297 -2.819105 0.046399 0.897774 -0.438005 90.223816 -0.175912 0.438969 0.881114 -11.826092 0.000000 0.000000 0.000000 1.000000
0.981471 0.037110 0.187982 -2.966748 0.055526 0.883883 -0.464400 89.945343 -0.183388 0.466233 0.865445 -12.048230 0.000000 0.000000 0.000000 1.000000
0.979067 0.040464 0.199475 -3.154438 0.064087 0.868905 -0.490812 89.664223 -0.193185 0.493322 0.848123 -12.248100 0.000000 0.000000 0.000000 1.000000
0.976402 0.044902 0.211241 -3.354834 0.072088 0.854278 -0.514793 89.400497 -0.203573 0.517873 0.830882 -12.400556 0.000000 0.000000 0.000000 1.000000
0.973829 0.048946 0.221950 -3.549404 0.079414 0.841711 -0.534056 89.175087 -0.212958 0.537705 0.815796 -12.485563 0.000000 0.000000 0.000000 1.000000
0.971525 0.051843 0.231195 -3.736369 0.086098 0.831821 -0.548326 88.989525 -0.220740 0.552617 0.803671 -12.503106 0.000000 0.000000 0.000000 1.000000
0.969429 0.053709 0.239421 -3.918514 0.092533 0.823684 -0.559448 88.825546 -0.227254 0.564500 0.793533 -12.471230 0.000000 0.000000 0.000000 1.000000
0.967370 0.055182 0.247285 -4.097123 0.099094 0.815851 -0.569709 88.665138 -0.233185 0.575624 0.783761 -12.408632 0.000000 0.000000 0.000000 1.000000
0.965220 0.056818 0.255190 -4.276436 0.105878 0.807519 -0.580262 88.503311 -0.239040 0.587099 0.773417 -12.321496 0.000000 0.000000 0.000000 1.000000
0.962926 0.058726 0.263298 -4.465819 0.112868 0.798780 -0.590940 88.341637 -0.245021 0.598750 0.762538 -12.208996 0.000000 0.000000 0.000000 1.000000
0.960502 0.060720 0.271567 -4.669569 0.119986 0.790156 -0.601046 88.175903 -0.251076 0.609891 0.751661 -12.073863 0.000000 0.000000 0.000000 1.000000
0.958039 0.062530 0.279733 -4.879575 0.127076 0.782111 -0.610044 87.996742 -0.256928 0.619993 0.741347 -11.924154 0.000000 0.000000 0.000000 1.000000
0.955636 0.063935 0.287528 -5.081942 0.134007 0.774912 -0.617700 87.797707 -0.262302 0.628827 0.731966 -11.765415 0.000000 0.000000 0.000000 1.000000
0.953273 0.064866 0.295064 -5.271395 0.140836 0.768642 -0.623983 87.575867 -0.267274 0.636382 0.723590 -11.598583 0.000000 0.000000 0.000000 1.000000
0.950805 0.065339 0.302822 -5.455878 0.147862 0.763258 -0.628947 87.330505 -0.272226 0.642782 0.716048 -11.426034 0.000000 0.000000 0.000000 1.000000
0.948095 0.065359 0.311197 -5.645620 0.155376 0.758647 -0.632702 87.063187 -0.277442 0.648215 0.709115 -11.251676 0.000000 0.000000 0.000000 1.000000
0.945178 0.064943 0.320032 -5.841911 0.163294 0.754704 -0.635418 86.781242 -0.282795 0.652843 0.702725 -11.077683 0.000000 0.000000 0.000000 1.000000
0.942274 0.064183 0.328633 -6.034764 0.171068 0.751431 -0.637250 86.488472 -0.287845 0.656683 0.697074 -10.903994 0.000000 0.000000 0.000000 1.000000
0.939639 0.063229 0.336273 -6.205125 0.178030 0.748931 -0.638285 86.185593 -0.292204 0.659624 0.692469 -10.731709 0.000000 0.000000 0.000000 1.000000
0.937377 0.062124 0.342732 -6.343070 0.183946 0.747277 -0.638546 85.874321 -0.295785 0.661603 0.689052 -10.566110 0.000000 0.000000 0.000000 1.000000
0.935399 0.060753 0.348336 -6.454224 0.189188 0.746271 -0.638190 85.562157 -0.298725 0.662863 0.686568 -10.413022 0.000000 0.000000 0.000000 1.000000
0.933604 0.059141 0.353391 -6.550667 0.194116 0.745520 -0.637588 85.262161 -0.301168 0.663854 0.684541 -10.275564 0.000000 0.000000 0.000000 1.000000
0.931988 0.057508 0.357897 -6.641807 0.198671 0.744797 -0.637030 84.983498 -0.303195 0.664808 0.682717 -10.155050 0.000000 0.000000 0.000000 1.000000
0.930586 0.055990 0.361765 -6.726743 0.202626 0.744258 -0.636414 84.726082 -0.304879 0.665541 0.681251 -10.054026 0.000000 0.000000 0.000000 1.000000
0.929416 0.054474 0.364991 -6.795888 0.205929 0.744177 -0.635448 84.487396 -0.306233 0.665758 0.680432 -9.977359 0.000000 0.000000 0.000000 1.000000
0.928510 0.052836 0.367529 -6.838518 0.208589 0.744652 -0.634022 84.261963 -0.307181 0.665359 0.680396 -9.928277 0.000000 0.000000 0.000000 1.000000
0.927923 0.051170 0.369243 -6.850877 0.210468 0.745633 -0.632245 84.049461 -0.307672 0.664389 0.681121 -9.910217 0.000000 0.000000 0.000000 1.000000
0.927714 0.049653 0.369974 -6.834973 0.211349 0.747094 -0.630224 83.854530 -0.307698 0.662861 0.682596 -9.927561 0.000000 0.000000 0.000000 1.000000
0.927941 0.048381 0.369575 -6.795881 0.211073 0.749023 -0.628023 83.687263 -0.307205 0.660775 0.684837 -9.985346 0.000000 0.000000 0.000000 1.000000
0.928628 0.047369 0.367975 -6.740634 0.209669 0.751248 -0.625832 83.558731 -0.306086 0.658318 0.687698 -10.085933 0.000000 0.000000 0.000000 1.000000
0.929742 0.046582 0.365253 -6.676346 0.207398 0.753391 -0.624010 83.478363 -0.304246 0.655921 0.690798 -10.226533 0.000000 0.000000 0.000000 1.000000
0.931195 0.045864 0.361626 -6.606218 0.204699 0.755072 -0.622868 83.448677 -0.301620 0.654036 0.693731 -10.399738 0.000000 0.000000 0.000000 1.000000
0.932873 0.044892 0.357396 -6.529812 0.202048 0.756196 -0.622370 83.463676 -0.298201 0.652804 0.696364 -10.597115 0.000000 0.000000 0.000000 1.000000
0.934635 0.043410 0.352948 -6.448887 0.199801 0.756943 -0.622187 83.509354 -0.294171 0.652037 0.698793 -10.810144 0.000000 0.000000 0.000000 1.000000
0.936299 0.041595 0.348731 -6.371070 0.198038 0.757511 -0.622059 83.572418 -0.290042 0.651496 0.701020 -11.029381 0.000000 0.000000 0.000000 1.000000
0.937697 0.040106 0.345133 -6.304932 0.196531 0.757926 -0.622032 83.645844 -0.286532 0.651106 0.702823 -11.246064 0.000000 0.000000 0.000000 1.000000
0.938756 0.039563 0.342304 -6.253211 0.194977 0.758080 -0.622333 83.733315 -0.284115 0.650960 0.703938 -11.456027 0.000000 0.000000 0.000000 1.000000
0.939563 0.040034 0.340026 -6.210903 0.193212 0.757888 -0.623117 83.835075 -0.282648 0.651155 0.704349 -11.657594 0.000000 0.000000 0.000000 1.000000
0.940313 0.041132 0.337815 -6.171017 0.191179 0.757375 -0.624367 83.946922 -0.281534 0.651684 0.704306 -11.852178 0.000000 0.000000 0.000000 1.000000
0.941164 0.042535 0.335262 -6.128280 0.188812 0.756593 -0.626033 84.064758 -0.280285 0.652501 0.704047 -12.042222 0.000000 0.000000 0.000000 1.000000
0.942135 0.044243 0.332301 -6.080915 0.186055 0.755564 -0.628098 84.188759 -0.278864 0.653579 0.703612 -12.229628 0.000000 0.000000 0.000000 1.000000
0.943178 0.046410 0.329032 -6.029707 0.182796 0.754440 -0.630402 84.321579 -0.277492 0.654727 0.703087 -12.417737 0.000000 0.000000 0.000000 1.000000
0.944309 0.049084 0.325378 -5.974079 0.178788 0.753594 -0.632559 84.464096 -0.276252 0.655505 0.702850 -12.611789 0.000000 0.000000 0.000000 1.000000
0.945555 0.052072 0.321271 -5.912144 0.173971 0.753395 -0.634138 84.612328 -0.275065 0.655504 0.703317 -12.813513 0.000000 0.000000 0.000000 1.000000
0.946797 0.054934 0.317108 -5.844691 0.168863 0.754000 -0.634799 84.756439 -0.273971 0.654574 0.704608 -13.017573 0.000000 0.000000 0.000000 1.000000
0.947826 0.057139 0.313625 -5.776326 0.164336 0.755433 -0.634283 84.883026 -0.273165 0.652730 0.706629 -13.216707 0.000000 0.000000 0.000000 1.000000
0.948532 0.058345 0.311261 -5.710546 0.160928 0.757708 -0.632440 84.982414 -0.272745 0.649980 0.709321 -13.407572 0.000000 0.000000 0.000000 1.000000
0.948973 0.058581 0.309868 -5.649072 0.158538 0.760779 -0.629350 85.056496 -0.272610 0.646362 0.712671 -13.592166 0.000000 0.000000 0.000000 1.000000
0.949234 0.058136 0.309152 -5.591864 0.156818 0.764495 -0.625265 85.114326 -0.272696 0.642003 0.716568 -13.772116 0.000000 0.000000 0.000000 1.000000
0.949290 0.057324 0.309133 -5.541442 0.155639 0.768630 -0.620471 85.161217 -0.273177 0.637120 0.720731 -13.940948 0.000000 0.000000 0.000000 1.000000
0.949049 0.056346 0.310049 -5.501096 0.155086 0.772976 -0.615188 85.197708 -0.274323 0.631928 0.724854 -14.086968 0.000000 0.000000 0.000000 1.000000
0.948475 0.055246 0.311999 -5.472109 0.155182 0.777507 -0.609427 85.224121 -0.276250 0.626442 0.728873 -14.205735 0.000000 0.000000 0.000000 1.000000
0.947624 0.053950 0.314799 -5.452115 0.155765 0.782403 -0.602978 85.245422 -0.278831 0.620431 0.733020 -14.308489 0.000000 0.000000 0.000000 1.000000
0.946615 0.052395 0.318081 -5.436008 0.156569 0.787787 -0.595717 85.270813 -0.281792 0.613716 0.737527 -14.412617 0.000000 0.000000 0.000000 1.000000
0.945570 0.050702 0.321444 -5.419395 0.157286 0.793536 -0.587844 85.305832 -0.284883 0.606407 0.742370 -14.523065 0.000000 0.000000 0.000000 1.000000
0.944604 0.049099 0.324518 -5.401533 0.157566 0.799518 -0.579606 85.350128 -0.287916 0.598632 0.747492 -14.627110 0.000000 0.000000 0.000000 1.000000
0.943831 0.047588 0.326984 -5.385825 0.157121 0.805906 -0.570813 85.407166 -0.290682 0.590127 0.753162 -14.707416 0.000000 0.000000 0.000000 1.000000
0.943318 0.045856 0.328707 -5.377100 0.155946 0.813027 -0.560952 85.487083 -0.292971 0.580417 0.759792 -14.756160 0.000000 0.000000 0.000000 1.000000
0.943032 0.043622 0.329831 -5.377616 0.154375 0.820815 -0.549937 85.596672 -0.294719 0.569525 0.767321 -14.777905 0.000000 0.000000 0.000000 1.000000
0.942846 0.040975 0.330701 -5.384383 0.152855 0.828663 -0.538473 85.728195 -0.296104 0.558246 0.775038 -14.783840 0.000000 0.000000 0.000000 1.000000
0.942597 0.038324 0.331727 -5.390264 0.151677 0.835871 -0.527554 85.862450 -0.297499 0.547586 0.782076 -14.784507 0.000000 0.000000 0.000000 1.000000
0.942135 0.036118 0.333281 -5.390589 0.150848 0.842165 -0.517690 85.980675 -0.299376 0.538009 0.787985 -14.784891 0.000000 0.000000 0.000000 1.000000
0.941434 0.034613 0.335417 -5.389678 0.149959 0.847961 -0.508403 86.078148 -0.302018 0.528927 0.793109 -14.782318 0.000000 0.000000 0.000000 1.000000
0.940657 0.033770 0.337674 -5.399068 0.148267 0.854147 -0.498448 86.167664 -0.305256 0.518935 0.798452 -14.768085 0.000000 0.000000 0.000000 1.000000
0.940055 0.033334 0.339391 -5.426942 0.145220 0.861340 -0.486832 86.266380 -0.308559 0.506935 0.804866 -14.734587 0.000000 0.000000 0.000000 1.000000
0.939762 0.032930 0.340240 -5.468622 0.141041 0.869321 -0.473698 86.378632 -0.311377 0.493151 0.812310 -14.681811 0.000000 0.000000 0.000000 1.000000
0.939747 0.032114 0.340359 -5.508687 0.136631 0.877331 -0.460023 86.495552 -0.313381 0.478809 0.820082 -14.616897 0.000000 0.000000 0.000000 1.000000
0.939926 0.030622 0.340002 -5.530864 0.132778 0.884754 -0.446745 86.607224 -0.314499 0.465052 0.827537 -14.548830 0.000000 0.000000 0.000000 1.000000
0.940211 0.028588 0.339392 -5.526110 0.129690 0.891354 -0.434359 86.710472 -0.314936 0.452405 0.834353 -14.485935 0.000000 0.000000 0.000000 1.000000
0.940422 0.026342 0.338988 -5.496882 0.127420 0.897034 -0.423195 86.805473 -0.315231 0.441176 0.840234 -14.437783 0.000000 0.000000 0.000000 1.000000
0.940318 0.024143 0.339440 -5.455503 0.126121 0.901719 -0.413516 86.890434 -0.316063 0.431647 0.844858 -14.413132 0.000000 0.000000 0.000000 1.000000
0.939823 0.022308 0.340932 -5.416893 0.125415 0.905683 -0.404982 86.965797 -0.317810 0.423369 0.848384 -14.411897 0.000000 0.000000 0.000000 1.000000
0.939157 0.021414 0.342819 -5.390587 0.124059 0.909538 -0.396674 87.037964 -0.320301 0.415069 0.851543 -14.423725 0.000000 0.000000 0.000000 1.000000
0.938666 0.022020 0.344125 -5.379603 0.120824 0.913689 -0.388038 87.110947 -0.322968 0.405817 0.854988 -14.436360 0.000000 0.000000 0.000000 1.000000
0.938568 0.023992 0.344258 -5.380644 0.115616 0.918066 -0.379192 87.183868 -0.325149 0.395700 0.858894 -14.443821 0.000000 0.000000 0.000000 1.000000
0.938926 0.026194 0.343122 -5.386207 0.109573 0.922444 -0.370257 87.255867 -0.326209 0.385241 0.863236 -14.446921 0.000000 0.000000 0.000000 1.000000
0.939777 0.027247 0.340700 -5.388613 0.104010 0.926742 -0.361014 87.330460 -0.325577 0.374709 0.868097 -14.448717 0.000000 0.000000 0.000000 1.000000
0.941150 0.026680 0.336936 -5.384728 0.099387 0.930961 -0.351332 87.416939 -0.323047 0.364143 0.873522 -14.451248 0.000000 0.000000 0.000000 1.000000
0.942897 0.025125 0.332135 -5.375484 0.095366 0.935043 -0.341468 87.523125 -0.319140 0.353644 0.879253 -14.452755 0.000000 0.000000 0.000000 1.000000
0.944668 0.023410 0.327192 -5.365162 0.091627 0.938916 -0.331724 87.652321 -0.314972 0.343348 0.884819 -14.449579 0.000000 0.000000 0.000000 1.000000
0.946083 0.021793 0.323192 -5.359400 0.088303 0.942595 -0.322051 87.798988 -0.311658 0.333226 0.889848 -14.435737 0.000000 0.000000 0.000000 1.000000
0.946932 0.020111 0.320804 -5.361852 0.085673 0.946147 -0.312197 87.953056 -0.309806 0.323113 0.894214 -14.403376 0.000000 0.000000 0.000000 1.000000
0.947241 0.018284 0.320001 -5.371132 0.083716 0.949603 -0.302068 88.101349 -0.309397 0.312921 0.897972 -14.344933 0.000000 0.000000 0.000000 1.000000
0.947223 0.016461 0.320153 -5.382518 0.082086 0.952932 -0.291861 88.235191 -0.309888 0.302737 0.901288 -14.259186 0.000000 0.000000 0.000000 1.000000
0.947134 0.014726 0.320499 -5.389079 0.080486 0.956097 -0.281781 88.353806 -0.310578 0.292680 0.904367 -14.151961 0.000000 0.000000 0.000000 1.000000
0.947078 0.012850 0.320746 -5.384017 0.078956 0.959176 -0.271563 88.463585 -0.311142 0.282516 0.907400 -14.032532 0.000000 0.000000 0.000000 1.000000
0.946978 0.010584 0.321125 -5.366516 0.077597 0.962338 -0.260546 88.572899 -0.311788 0.271649 0.910491 -13.907317 0.000000 0.000000 0.000000 1.000000
0.946730 0.008162 0.321926 -5.346536 0.076182 0.965626 -0.248520 88.686081 -0.312889 0.259806 0.913565 -13.773567 0.000000 0.000000 0.000000 1.000000
0.946327 0.006162 0.323152 -5.336499 0.074431 0.968791 -0.236439 88.803032 -0.314523 0.247801 0.916335 -13.621586 0.000000 0.000000 0.000000 1.000000
0.945876 0.004787 0.324492 -5.336493 0.072551 0.971465 -0.225813 88.924080 -0.316314 0.237133 0.918539 -13.447134 0.000000 0.000000 0.000000 1.000000
0.945524 0.003632 0.325531 -5.332629 0.070964 0.973593 -0.216981 89.052727 -0.317723 0.228262 0.920298 -13.255178 0.000000 0.000000 0.000000 1.000000
0.945358 0.002267 0.326025 -5.312062 0.069446 0.975628 -0.208153 89.195374 -0.318551 0.219420 0.922160 -13.049360 0.000000 0.000000 0.000000 1.000000
0.945359 0.000667 0.326030 -5.275260 0.067229 0.978108 -0.196938 89.356262 -0.319024 0.208096 0.924619 -12.826088 0.000000 0.000000 0.000000 1.000000
0.945402 -0.001035 0.325904 -5.232664 0.064171 0.981010 -0.183034 89.530075 -0.319525 0.193955 0.927516 -12.583975 0.000000 0.000000 0.000000 1.000000
0.945295 -0.002753 0.326206 -5.194242 0.061018 0.983808 -0.168520 89.705811 -0.320460 0.179206 0.930156 -12.334154 0.000000 0.000000 0.000000 1.000000
0.944908 -0.004290 0.327307 -5.162577 0.058367 0.986098 -0.155575 89.874550 -0.322089 0.166108 0.932023 -12.093362 0.000000 0.000000 0.000000 1.000000
0.944318 -0.005302 0.328990 -5.133842 0.055992 0.987876 -0.144795 90.031204 -0.324234 0.155154 0.933167 -11.866163 0.000000 0.000000 0.000000 1.000000
0.943777 -0.005631 0.330534 -5.102367 0.053397 0.989322 -0.135611 90.174515 -0.326241 0.145636 0.934000 -11.639633 0.000000 0.000000 0.000000 1.000000
0.943527 -0.005679 0.331247 -5.062386 0.050638 0.990577 -0.127255 90.309471 -0.327403 0.136842 0.934923 -11.398062 0.000000 0.000000 0.000000 1.000000
0.943575 -0.006236 0.331099 -5.010539 0.048351 0.991702 -0.119115 90.445953 -0.327609 0.128403 0.936047 -11.139163 0.000000 0.000000 0.000000 1.000000
0.943657 -0.007696 0.330837 -4.950742 0.046976 0.992721 -0.110898 90.590355 -0.327575 0.120191 0.937149 -10.870705 0.000000 0.000000 0.000000 1.000000
0.943502 -0.009678 0.331225 -4.891919 0.046222 0.993645 -0.102632 90.740219 -0.328127 0.112143 0.937953 -10.596417 0.000000 0.000000 0.000000 1.000000
0.943134 -0.011681 0.332206 -4.840644 0.045542 0.994499 -0.094325 90.888573 -0.329277 0.104090 0.938478 -10.311667 0.000000 0.000000 0.000000 1.000000
0.942853 -0.013603 0.332931 -4.797260 0.044726 0.995291 -0.085998 91.031425 -0.330194 0.095975 0.939021 -10.011010 0.000000 0.000000 0.000000 1.000000
0.942946 -0.015373 0.332591 -4.757226 0.043757 0.995991 -0.078022 91.171341 -0.330058 0.088124 0.939838 -9.696040 0.000000 0.000000 0.000000 1.000000
0.943476 -0.016657 0.331021 -4.716107 0.042458 0.996582 -0.070866 91.314362 -0.328709 0.080915 0.940959 -9.373385 0.000000 0.000000 0.000000 1.000000
0.944288 -0.017274 0.328666 -4.671603 0.040723 0.997080 -0.064598 91.464508 -0.326590 0.074383 0.942235 -9.046976 0.000000 0.000000 0.000000 1.000000
0.945123 -0.017530 0.326243 -4.621097 0.038851 0.997504 -0.058953 91.621376 -0.324395 0.068392 0.943446 -8.716684 0.000000 0.000000 0.000000 1.000000
0.945794 -0.017820 0.324277 -4.562961 0.037221 0.997862 -0.053722 91.783699 -0.322626 0.062880 0.944436 -8.383056 0.000000 0.000000 0.000000 1.000000
0.946321 -0.018254 0.322713 -4.501066 0.035934 0.998156 -0.048914 91.950363 -0.321225 0.057885 0.945232 -8.048454 0.000000 0.000000 0.000000 1.000000
0.946873 -0.018729 0.321062 -4.444166 0.034868 0.998397 -0.044591 92.117386 -0.319712 0.053417 0.946008 -7.714146 0.000000 0.000000 0.000000 1.000000
0.947595 -0.019010 0.318908 -4.399255 0.033711 0.998605 -0.040641 92.277206 -0.317690 0.049262 0.946914 -7.381322 0.000000 0.000000 0.000000 1.000000
0.948522 -0.018907 0.316148 -4.364197 0.032171 0.998805 -0.036789 92.421349 -0.315074 0.045066 0.947996 -7.054865 0.000000 0.000000 0.000000 1.000000
0.949635 -0.018601 0.312807 -4.327370 0.030364 0.999001 -0.032777 92.545090 -0.311885 0.040625 0.949251 -6.743157 0.000000 0.000000 0.000000 1.000000
0.950895 -0.018533 0.308958 -4.274818 0.028757 0.999178 -0.028572 92.651016 -0.308175 0.036054 0.950646 -6.454456 0.000000 0.000000 0.000000 1.000000
0.952192 -0.019033 0.304907 -4.198231 0.027772 0.999318 -0.024348 92.745255 -0.304236 0.031651 0.952071 -6.192993 0.000000 0.000000 0.000000 1.000000
0.953435 -0.020145 0.300926 -4.097921 0.027528 0.999415 -0.020314 92.831924 -0.300341 0.027652 0.953431 -5.957217 0.000000 0.000000 0.000000 1.000000
0.954752 -0.021560 0.296622 -3.977756 0.027738 0.999477 -0.016635 92.911400 -0.296108 0.024110 0.954850 -5.742059 0.000000 0.000000 0.000000 1.000000
0.956437 -0.022767 0.291049 -3.842027 0.027856 0.999523 -0.013353 92.984268 -0.290606 0.020879 0.956615 -5.541299 0.000000 0.000000 0.000000 1.000000
0.958670 -0.023401 0.283558 -3.694958 0.027485 0.999568 -0.010432 93.054497 -0.283191 0.017795 0.958898 -5.348247 0.000000 0.000000 0.000000 1.000000
0.961357 -0.023386 0.274309 -3.541767 0.026565 0.999616 -0.007881 93.126823 -0.274019 0.014863 0.961609 -5.154977 0.000000 0.000000 0.000000 1.000000
0.964227 -0.022863 0.264091 -3.389461 0.025249 0.999665 -0.005644 93.203674 -0.263873 0.012110 0.964481 -4.953877 0.000000 0.000000 0.000000 1.000000
0.967006 -0.022174 0.253787 -3.246897 0.023844 0.999710 -0.003504 93.283844 -0.253636 0.009440 0.967254 -4.741934 0.000000 0.000000 0.000000 1.000000
0.969580 -0.021720 0.243808 -3.122064 0.022726 0.999741 -0.001313 93.364388 -0.243716 0.006814 0.969823 -4.522589 0.000000 0.000000 0.000000 1.000000
0.971986 -0.021663 0.234038 -3.018350 0.022069 0.999756 0.000883 93.443840 -0.234000 0.004307 0.972227 -4.304795 0.000000 0.000000 0.000000 1.000000
0.974259 -0.021917 0.224365 -2.931473 0.021795 0.999758 0.003021 93.520546 -0.224377 0.001946 0.974500 -4.100143 0.000000 0.000000 0.000000 1.000000
0.976315 -0.022420 0.215187 -2.852297 0.021826 0.999749 0.005136 93.590965 -0.215248 -0.000317 0.976559 -3.917242 0.000000 0.000000 0.000000 1.000000
0.977989 -0.023172 0.207364 -2.773920 0.022136 0.999728 0.007318 93.650101 -0.207478 -0.002566 0.978236 -3.756278 0.000000 0.000000 0.000000 1.000000
0.979205 -0.024013 0.201448 -2.694429 0.022554 0.999700 0.009539 93.695992 -0.201617 -0.004797 0.979453 -3.612441 0.000000 0.000000 0.000000 1.000000
0.980110 -0.024581 0.196928 -2.615087 0.022765 0.999675 0.011483 93.731781 -0.197147 -0.006772 0.980351 -3.485554 0.000000 0.000000 0.000000 1.000000
0.980998 -0.024476 0.192467 -2.538157 0.022452 0.999667 0.012690 93.763550 -0.192713 -0.008127 0.981221 -3.381660 0.000000 0.000000 0.000000 1.000000
0.982103 -0.023604 0.186860 -2.462203 0.021559 0.999683 0.012969 93.796303 -0.187107 -0.008709 0.982301 -3.304514 0.000000 0.000000 0.000000 1.000000
0.983449 -0.022509 0.179782 -2.378537 0.020553 0.999708 0.012733 93.832191 -0.180016 -0.008827 0.983624 -3.249954 0.000000 0.000000 0.000000 1.000000
0.984896 -0.022087 0.171733 -2.277307 0.020205 0.999715 0.012702 93.870834 -0.171965 -0.009041 0.985062 -3.209609 0.000000 0.000000 0.000000 1.000000
0.986290 -0.022668 0.163457 -2.157398 0.020778 0.999696 0.013261 93.908737 -0.163708 -0.009683 0.986461 -3.177350 0.000000 0.000000 0.000000 1.000000
0.987561 -0.023594 0.155456 -2.028411 0.021647 0.999665 0.014207 93.941772 -0.155739 -0.010665 0.987741 -3.151516 0.000000 0.000000 0.000000 1.000000
0.988711 -0.023987 0.147901 -1.902692 0.021991 0.999644 0.015114 93.966400 -0.148211 -0.011691 0.988887 -3.132210 0.000000 0.000000 0.000000 1.000000
0.989751 -0.023764 0.140813 -1.786800 0.021743 0.999638 0.015876 93.981598 -0.141140 -0.012651 0.989909 -3.119253 0.000000 0.000000 0.000000 1.000000
0.990673 -0.023609 0.134200 -1.681303 0.021556 0.999628 0.016737 93.990143 -0.134545 -0.013688 0.990813 -3.111625 0.000000 0.000000 0.000000 1.000000
0.991468 -0.024103 0.128099 -1.586044 0.021991 0.999598 0.017875 93.995415 -0.128479 -0.014906 0.991600 -3.107401 0.000000 0.000000 0.000000 1.000000
0.992127 -0.025196 0.122672 -1.502941 0.023013 0.999551 0.019175 93.999229 -0.123100 -0.016201 0.992262 -3.105441 0.000000 0.000000 0.000000 1.000000
0.992633 -0.026367 0.118257 -1.434625 0.024118 0.999501 0.020410 94.002197 -0.118736 -0.017407 0.992773 -3.106357 0.000000 0.000000 0.000000 1.000000
0.992971 -0.027114 0.115210 -1.381817 0.024795 0.999461 0.021521 94.005318 -0.115732 -0.018513 0.993108 -3.110728 0.000000 0.000000 0.000000 1.000000
0.993160 -0.027352 0.113509 -1.341648 0.024941 0.999433 0.022611 94.010124 -0.114063 -0.019625 0.993280 -3.117571 0.000000 0.000000 0.000000 1.000000
0.993274 -0.027389 0.112499 -1.309200 0.024879 0.999410 0.023660 94.017868 -0.113080 -0.020703 0.993370 -3.125535 0.000000 0.000000 0.000000 1.000000
0.993420 -0.027538 0.111173 -1.280787 0.024970 0.999390 0.024426 94.029060 -0.111777 -0.021489 0.993501 -3.133981 0.000000 0.000000 0.000000 1.000000
0.993669 -0.027785 0.108858 -1.253986 0.025234 0.999375 0.024743 94.043274 -0.109477 -0.021839 0.993749 -3.141804 0.000000 0.000000 0.000000 1.000000
0.994021 -0.027813 0.105585 -1.224720 0.025316 0.999369 0.024908 94.059608 -0.106211 -0.022086 0.994098 -3.146884 0.000000 0.000000 0.000000 1.000000
0.994446 -0.027290 0.101645 -1.188765 0.024823 0.999368 0.025456 94.077591 -0.102276 -0.022791 0.994495 -3.147540 0.000000 0.000000 0.000000 1.000000
0.994952 -0.026217 0.096872 -1.146126 0.023759 0.999368 0.026437 94.096237 -0.097504 -0.024002 0.994946 -3.144833 0.000000 0.000000 0.000000 1.000000
0.995562 -0.024991 0.090732 -1.102690 0.022609 0.999375 0.027182 94.113991 -0.091354 -0.025010 0.995504 -3.143059 0.000000 0.000000 0.000000 1.000000
0.996247 -0.024092 0.083134 -1.065752 0.021921 0.999397 0.026920 94.129745 -0.083732 -0.024996 0.996175 -3.147032 0.000000 0.000000 0.000000 1.000000
0.996913 -0.023677 0.074860 -1.037693 0.021812 0.999433 0.025639 94.143837 -0.075425 -0.023927 0.996864 -3.156855 0.000000 0.000000 0.000000 1.000000
0.997473 -0.023445 0.067064 -1.015672 0.021863 0.999467 0.024232 94.157440 -0.067597 -0.022705 0.997454 -3.165689 0.000000 0.000000 0.000000 1.000000
0.997909 -0.023017 0.060392 -0.995910 0.021623 0.999487 0.023642 94.170807 -0.060906 -0.022287 0.997895 -3.165933 0.000000 0.000000 0.000000 1.000000
0.998254 -0.022452 0.054625 -0.977393 0.021168 0.999488 0.023976 94.180847 -0.055135 -0.022778 0.998219 -3.158707 0.000000 0.000000 0.000000 1.000000
0.998548 -0.022195 0.049089 -0.961179 0.021007 0.999477 0.024583 94.183830 -0.049609 -0.023516 0.998492 -3.155673 0.000000 0.000000 0.000000 1.000000
0.998809 -0.022564 0.043262 -0.946841 0.021502 0.999460 0.024857 94.178085 -0.043799 -0.023897 0.998755 -3.169040 0.000000 0.000000 0.000000 1.000000
0.999042 -0.023310 0.037036 -0.932269 0.022402 0.999443 0.024747 94.165527 -0.037592 -0.023894 0.999007 -3.200323 0.000000 0.000000 0.000000 1.000000
0.999246 -0.023798 0.030693 -0.916702 0.023051 0.999435 0.024473 94.149918 -0.031258 -0.023747 0.999229 -3.241051 0.000000 0.000000 0.000000 1.000000
0.999413 -0.023658 0.024763 -0.901228 0.023062 0.999444 0.024086 94.134125 -0.025319 -0.023501 0.999403 -3.281391 0.000000 0.000000 0.000000 1.000000
0.999535 -0.023213 0.019767 -0.885918 0.022747 0.999465 0.023492 94.119492 -0.020301 -0.023031 0.999529 -3.314629 0.000000 0.000000 0.000000 1.000000
0.999606 -0.023132 0.015901 -0.870296 0.022767 0.999482 0.022730 94.106850 -0.016419 -0.022359 0.999615 -3.336416 0.000000 0.000000 0.000000 1.000000
0.999637 -0.023635 0.012911 -0.858699 0.023347 0.999485 0.022024 94.098045 -0.013425 -0.021714 0.999674 -3.344258 0.000000 0.000000 0.000000 1.000000
0.999651 -0.024328 0.010289 -0.860835 0.024101 0.999477 0.021557 94.094330 -0.010809 -0.021302 0.999715 -3.338464 0.000000 0.000000 0.000000 1.000000
0.999662 -0.024820 0.007684 -0.884145 0.024651 0.999468 0.021346 94.094757 -0.008210 -0.021149 0.999743 -3.320686 0.000000 0.000000 0.000000 1.000000
0.999669 -0.025224 0.005156 -0.927368 0.025109 0.999457 0.021333 94.097946 -0.005691 -0.021196 0.999759 -3.290904 0.000000 0.000000 0.000000 1.000000
0.999662 -0.025806 0.003091 -0.984445 0.025734 0.999438 0.021488 94.103516 -0.003644 -0.021401 0.999764 -3.248435 0.000000 0.000000 0.000000 1.000000
0.999651 -0.026363 0.001829 -1.051530 0.026317 0.999417 0.021763 94.111809 -0.002401 -0.021707 0.999761 -3.195842 0.000000 0.000000 0.000000 1.000000
0.999652 -0.026364 0.001201 -1.126246 0.026331 0.999411 0.022028 94.122276 -0.001781 -0.021989 0.999757 -3.140077 0.000000 0.000000 0.000000 1.000000
0.999669 -0.025722 0.000377 -1.203171 0.025708 0.999426 0.022045 94.132874 -0.000944 -0.022028 0.999757 -3.089497 0.000000 0.000000 0.000000 1.000000
0.999686 -0.025026 -0.001591 -1.274881 0.025055 0.999453 0.021579 94.141647 0.001050 -0.021612 0.999766 -3.048270 0.000000 0.000000 0.000000 1.000000
0.999678 -0.024877 -0.004914 -1.338279 0.024974 0.999476 0.020613 94.150032 0.004398 -0.020730 0.999775 -3.011376 0.000000 0.000000 0.000000 1.000000
0.999644 -0.025215 -0.008749 -1.398620 0.025382 0.999489 0.019449 94.163063 0.008254 -0.019664 0.999773 -2.965509 0.000000 0.000000 0.000000 1.000000
0.999608 -0.025434 -0.011715 -1.465465 0.025650 0.999497 0.018664 94.184441 0.011235 -0.018957 0.999757 -2.897779 0.000000 0.000000 0.000000 1.000000
0.999604 -0.025062 -0.012816 -1.545709 0.025301 0.999502 0.018860 94.211121 0.012337 -0.019177 0.999740 -2.804150 0.000000 0.000000 0.000000 1.000000
0.999635 -0.024165 -0.012089 -1.641547 0.024405 0.999500 0.020102 94.234200 0.011597 -0.020390 0.999725 -2.688585 0.000000 0.000000 0.000000 1.000000
0.999678 -0.023075 -0.010527 -1.753315 0.023299 0.999494 0.021636 94.246910 0.010022 -0.021874 0.999710 -2.556024 0.000000 0.000000 0.000000 1.000000
0.999716 -0.021930 -0.009364 -1.878525 0.022136 0.999502 0.022468 94.251701 0.008867 -0.022669 0.999704 -2.409555 0.000000 0.000000 0.000000 1.000000
0.999744 -0.020622 -0.009285 -2.009205 0.020825 0.999533 0.022367 94.258453 0.008819 -0.022555 0.999707 -2.252079 0.000000 0.000000 0.000000 1.000000
0.999765 -0.019129 -0.010191 -2.136905 0.019350 0.999569 0.022072 94.275368 0.009765 -0.022264 0.999704 -2.085756 0.000000 0.000000 0.000000 1.000000
0.999776 -0.017722 -0.011577 -2.260193 0.017979 0.999587 0.022424 94.301880 0.011175 -0.022627 0.999682 -1.910645 0.000000 0.000000 0.000000 1.000000
0.999776 -0.016791 -0.012896 -2.382456 0.017091 0.999577 0.023538 94.330978 0.012496 -0.023753 0.999640 -1.727433 0.000000 0.000000 0.000000 1.000000
0.999772 -0.016464 -0.013574 -2.503976 0.016798 0.999550 0.024845 94.356995 0.013159 -0.025068 0.999599 -1.541185 0.000000 0.000000 0.000000 1.000000
0.999780 -0.016441 -0.013056 -2.621949 0.016772 0.999529 0.025683 94.380135 0.012627 -0.025896 0.999585 -1.359663 0.000000 0.000000 0.000000 1.000000
0.999803 -0.016377 -0.011170 -2.735267 0.016661 0.999527 0.025834 94.404427 0.010741 -0.026015 0.999604 -1.185684 0.000000 0.000000 0.000000 1.000000
0.999831 -0.016371 -0.008355 -2.843318 0.016581 0.999531 0.025744 94.433006 0.007930 -0.025878 0.999634 -1.012159 0.000000 0.000000 0.000000 1.000000
0.999844 -0.016831 -0.005387 -2.943296 0.016966 0.999517 0.026046 94.465164 0.004946 -0.026133 0.999646 -0.828699 0.000000 0.000000 0.000000 1.000000
0.999837 -0.017804 -0.002897 -3.031910 0.017875 0.999482 0.026766 94.497124 0.002418 -0.026813 0.999638 -0.634668 0.000000 0.000000 0.000000 1.000000
0.999825 -0.018656 -0.001027 -3.107445 0.018677 0.999455 0.027229 94.524750 0.000518 -0.027243 0.999629 -0.443202 0.000000 0.000000 0.000000 1.000000
0.999827 -0.018575 0.000648 -3.170241 0.018551 0.999471 0.026729 94.546448 -0.001144 -0.026712 0.999643 -0.271071 0.000000 0.000000 0.000000 1.000000
0.999844 -0.017410 0.002918 -3.225934 0.017331 0.999532 0.025214 94.563019 -0.003356 -0.025160 0.999678 -0.126272 0.000000 0.000000 0.000000 1.000000
0.999853 -0.015914 0.006405 -3.285457 0.015760 0.999602 0.023391 94.575722 -0.006775 -0.023286 0.999706 -0.004854 0.000000 0.000000 0.000000 1.000000
0.999827 -0.014989 0.010987 -3.357768 0.014743 0.999646 0.022132 94.586685 -0.011315 -0.021966 0.999695 0.104136 0.000000 0.000000 0.000000 1.000000
0.999765 -0.014786 0.015858 -3.442849 0.014440 0.999660 0.021703 94.597321 -0.016174 -0.021469 0.999639 0.212114 0.000000 0.000000 0.000000 1.000000
0.999688 -0.014814 0.020099 -3.531150 0.014381 0.999664 0.021543 94.608002 -0.020412 -0.021247 0.999566 0.326095 0.000000 0.000000 0.000000 1.000000
0.999623 -0.014774 0.023150 -3.609108 0.014289 0.999678 0.020954 94.616989 -0.023452 -0.020615 0.999512 0.446240 0.000000 0.000000 0.000000 1.000000
0.999576 -0.014790 0.025074 -3.669287 0.014291 0.999699 0.019946 94.623047 -0.025362 -0.019579 0.999487 0.567341 0.000000 0.000000 0.000000 1.000000
0.999537 -0.014908 0.026537 -3.713849 0.014398 0.999710 0.019296 94.627747 -0.026817 -0.018905 0.999462 0.684297 0.000000 0.000000 0.000000 1.000000
0.999490 -0.014884 0.028266 -3.747851 0.014328 0.999702 0.019767 94.633835 -0.028552 -0.019352 0.999405 0.795343 0.000000 0.000000 0.000000 1.000000
0.999430 -0.014521 0.030470 -3.774274 0.013872 0.999675 0.021377 94.641014 -0.030771 -0.020942 0.999307 0.899968 0.000000 0.000000 0.000000 1.000000
0.999362 -0.013935 0.032870 -3.795067 0.013170 0.999640 0.023396 94.647179 -0.033184 -0.022949 0.999186 0.996150 0.000000 0.000000 0.000000 1.000000
0.999289 -0.013394 0.035244 -3.812796 0.012516 0.999608 0.025032 94.650185 -0.035565 -0.024573 0.999065 1.080828 0.000000 0.000000 0.000000 1.000000
0.999204 -0.012989 0.037714 -3.829700 0.012013 0.999590 0.025986 94.650208 -0.038036 -0.025513 0.998951 1.152012 0.000000 0.000000 0.000000 1.000000
0.999100 -0.012563 0.040501 -3.846534 0.011500 0.999586 0.026375 94.649475 -0.040816 -0.025885 0.998831 1.209394 0.000000 0.000000 0.000000 1.000000
