<?xml version="1.0" encoding="utf-8"?>
<COLLADA xmlns="http://www.collada.org/2005/11/COLLADASchema" version="1.4.1">
  <asset><contributor><author>Mixamo</author><authoring_tool>COLLADA Mixamo exporter</authoring_tool><comments></comments></contributor><created>2018-12-18T20:50:40Z</created><modified>2018-12-18T20:50:40Z</modified><revision></revision><title></title><unit meter="0.010000"/><up_axis>Y_UP</up_axis></asset>
  <library_animations>
    <animation id="Hips-anim" name="Hips"><source id="Hips-Matrix-animation-input"><float_array id="Hips-Matrix-animation-input-array" count="62">

0.000000 0.033333 0.066667 0.100000 0.133333 0.166667 0.200000 0.233333 0.266667 0.300000 0.333333 0.366667 0.400000 0.433333 0.466667 0.500000
0.533333 0.566667 0.600000 0.633333 0.666667 0.700000 0.733333 0.766667 0.800000 0.833333 0.866667 0.900000 0.933333 0.966667 1.000000 1.033333
1.066667 1.100000 1.133333 1.166667 1.200000 1.233333 1.266667 1.300000 1.333333 1.366667 1.400000 1.433333 1.466667 1.500000 1.533333 1.566667
1.600000 1.633333 1.666667 1.700000 1.733333 1.766667 1.800000 1.833333 1.866667 1.900000 1.933333 1.966667 2.000000 2.033333</float_array><technique_common><accessor source="#Hips-Matrix-animation-input-array" count="62"><param name="TIME" type="float"/></accessor></technique_common></source><source id="Hips-Matrix-animation-output-transform"><float_array id="Hips-Matrix-animation-output-transform-array" count="992">

0.996880 -0.037383 -0.069515 0.008362 0.043055 0.995703 0.081984 93.858139 0.066152 -0.084721 0.994206 -0.027433 0.000000 0.000000 0.000000 1.000000
0.996938 -0.039833 -0.067292 -0.005682 0.045320 0.995595 0.082082 93.850060 0.063726 -0.084881 0.994351 -0.033210 0.000000 0.000000 0.000000 1.000000
0.997180 -0.042940 -0.061553 -0.030838 0.047952 0.995443 0.082421 93.829483 0.057734 -0.085140 0.994695 -0.045813 0.000000 0.000000 0.000000 1.000000
0.997482 -0.046328 -0.053702 -0.062272 0.050688 0.995269 0.082892 93.801476 0.049608 -0.085406 0.995111 -0.062388 0.000000 0.000000 0.000000 1.000000
0.997689 -0.048955 -0.047128 -0.093425 0.052769 0.995117 0.083415 93.776604 0.042814 -0.085709 0.995400 -0.083519 0.000000 0.000000 0.000000 1.000000
0.997833 -0.051229 -0.041294 -0.124048 0.054557 0.994975 0.083954 93.753639 0.036786 -0.086025 0.995614 -0.106469 0.000000 0.000000 0.000000 1.000000
0.997905 -0.052981 -0.037117 -0.155834 0.055963 0.994849 0.084518 93.734634 0.032448 -0.086419 0.995730 -0.136803 0.000000 0.000000 0.000000 1.000000
0.997881 -0.053630 -0.036832 -0.191472 0.056604 0.994761 0.085128 93.724693 0.032073 -0.087033 0.995689 -0.186093 0.000000 0.000000 0.000000 1.000000
0.997750 -0.053381 -0.040575 -0.248426 0.056702 0.994708 0.085680 93.716583 0.035787 -0.087788 0.995496 -0.307940 0.000000 0.000000 0.000000 1.000000
0.997572 -0.052994 -0.045196 -0.314463 0.056745 0.994661 0.086191 93.706917 0.040387 -0.088546 0.995253 -0.459530 0.000000 0.000000 0.000000 1.000000
0.997355 -0.052559 -0.050207 -0.386295 0.056777 0.994619 0.086655 93.695549 0.045383 -0.089276 0.994972 -0.632243 0.000000 0.000000 0.000000 1.000000
0.997115 -0.052169 -0.055129 -0.462313 0.056848 0.994584 0.087017 93.682198 0.050291 -0.089899 0.994680 -0.820487 0.000000 0.000000 0.000000 1.000000
0.996901 -0.051974 -0.059051 -0.536740 0.057019 0.994555 0.087229 93.667511 0.054196 -0.090326 0.994437 -1.004218 0.000000 0.000000 0.000000 1.000000
0.996813 -0.052325 -0.060222 -0.605457 0.057466 0.994544 0.087060 93.649612 0.055338 -0.090243 0.994381 -1.169968 0.000000 0.000000 0.000000 1.000000
0.996864 -0.053106 -0.058669 -0.673037 0.058070 0.994564 0.086429 93.630249 0.053760 -0.089564 0.994529 -1.316725 0.000000 0.000000 0.000000 1.000000
0.997055 -0.054211 -0.054252 -0.742848 0.058717 0.994628 0.085252 93.611893 0.049339 -0.088187 0.994881 -1.436647 0.000000 0.000000 0.000000 1.000000
0.997434 -0.055821 -0.044816 -0.818983 0.059405 0.994771 0.083078 93.595680 0.039944 -0.085527 0.995535 -1.511428 0.000000 0.000000 0.000000 1.000000
0.997847 -0.057888 -0.030816 -0.903546 0.060190 0.994982 0.079929 93.579468 0.026034 -0.081612 0.996324 -1.561674 0.000000 0.000000 0.000000 1.000000
0.998084 -0.060144 -0.014537 -0.990044 0.061083 0.995208 0.076359 93.564178 0.009875 -0.077101 0.996974 -1.591883 0.000000 0.000000 0.000000 1.000000
0.998029 -0.062712 0.002391 -1.002469 0.062366 0.995333 0.073634 93.559746 -0.006997 -0.073339 0.997282 -1.477278 0.000000 0.000000 0.000000 1.000000
0.997698 -0.065564 0.017338 -0.887091 0.064139 0.995280 0.072824 93.572418 -0.022030 -0.071544 0.997194 -1.155101 0.000000 0.000000 0.000000 1.000000
0.997090 -0.068663 0.033123 -0.746561 0.066127 0.995183 0.072375 93.586563 -0.037933 -0.069974 0.996827 -0.783904 0.000000 0.000000 0.000000 1.000000
0.996202 -0.071905 0.049105 -0.583393 0.068259 0.995046 0.072281 93.602814 -0.054059 -0.068654 0.996175 -0.372340 0.000000 0.000000 0.000000 1.000000
0.995063 -0.075325 0.064626 -0.400487 0.070599 0.994865 0.072528 93.613663 -0.069757 -0.067608 0.995270 0.069330 0.000000 0.000000 0.000000 1.000000
0.993758 -0.078703 0.079056 -0.200852 0.072958 0.994652 0.073102 93.626740 -0.084387 -0.066878 0.994186 0.533546 0.000000 0.000000 0.000000 1.000000
0.992407 -0.081893 0.091766 0.013807 0.075218 0.994419 0.073979 93.645538 -0.097313 -0.066515 0.993029 1.012257 0.000000 0.000000 0.000000 1.000000
0.991153 -0.084769 0.102127 0.241133 0.077285 0.994174 0.075134 93.672104 -0.107901 -0.066577 0.991930 1.497049 0.000000 0.000000 0.000000 1.000000
0.990152 -0.087204 0.109515 0.478796 0.079071 0.993926 0.076537 93.708511 -0.115525 -0.067124 0.991034 1.979548 0.000000 0.000000 0.000000 1.000000
0.989559 -0.089073 0.113310 0.724444 0.080496 0.993686 0.078156 93.756371 -0.119556 -0.068219 0.990481 2.451350 0.000000 0.000000 0.000000 1.000000
0.990163 -0.089655 0.107423 1.002765 0.081219 0.993440 0.080497 93.824760 -0.113935 -0.070981 0.990949 2.912908 0.000000 0.000000 0.000000 1.000000
0.991734 -0.088877 0.092543 1.301260 0.081242 0.993212 0.083247 93.913101 -0.099314 -0.075040 0.992223 3.358203 0.000000 0.000000 0.000000 1.000000
0.993219 -0.087362 0.076709 1.519390 0.080749 0.993065 0.085447 93.994904 -0.083642 -0.078673 0.993385 3.683613 0.000000 0.000000 0.000000 1.000000
0.994433 -0.085363 0.061774 1.642607 0.079830 0.992997 0.087090 94.063087 -0.068775 -0.081673 0.994283 3.875519 0.000000 0.000000 0.000000 1.000000
0.995423 -0.083132 0.047136 1.728953 0.078734 0.992958 0.088518 94.126854 -0.054163 -0.084402 0.994959 4.015821 0.000000 0.000000 0.000000 1.000000
0.996191 -0.080733 0.032964 1.781754 0.077499 0.992941 0.089785 94.185730 -0.039980 -0.086889 0.995415 4.108419 0.000000 0.000000 0.000000 1.000000
0.996746 -0.078235 0.019423 1.804325 0.076164 0.992939 0.090941 94.239380 -0.026401 -0.089165 0.995667 4.157189 0.000000 0.000000 0.000000 1.000000
0.997108 -0.075700 0.006683 1.799993 0.074767 0.992945 0.092033 94.287422 -0.013602 -0.091267 0.995734 4.165998 0.000000 0.000000 0.000000 1.000000
0.997305 -0.073193 -0.005092 1.772098 0.073349 0.992950 0.093109 94.329247 -0.001759 -0.093231 0.995643 4.138697 0.000000 0.000000 0.000000 1.000000
0.997384 -0.070822 -0.014454 1.679647 0.071872 0.992967 0.094083 94.353760 0.007690 -0.094876 0.995459 4.013202 0.000000 0.000000 0.000000 1.000000
0.997406 -0.068687 -0.021532 1.533979 0.070434 0.992980 0.095022 94.361465 0.014854 -0.096292 0.995242 3.800628 0.000000 0.000000 0.000000 1.000000
0.997379 -0.066825 -0.027738 1.389324 0.069202 0.992964 0.096089 94.362778 0.021122 -0.097757 0.994986 3.575824 0.000000 0.000000 0.000000 1.000000
0.997306 -0.065207 -0.033610 1.248443 0.068197 0.992923 0.097224 94.356499 0.027032 -0.099254 0.994695 3.347378 0.000000 0.000000 0.000000 1.000000
0.997200 -0.063812 -0.039002 1.122516 0.067386 0.992855 0.098482 94.347008 0.032439 -0.100834 0.994374 3.123430 0.000000 0.000000 0.000000 1.000000
0.997061 -0.062634 -0.044108 1.013720 0.066782 0.992758 0.099860 94.335220 0.037534 -0.102512 0.994023 2.907337 0.000000 0.000000 0.000000 1.000000
0.996914 -0.061792 -0.048422 0.907569 0.066453 0.992620 0.101433 94.315903 0.041797 -0.104338 0.993663 2.674567 0.000000 0.000000 0.000000 1.000000
0.996770 -0.061248 -0.051949 0.802048 0.066360 0.992447 0.103178 94.289688 0.045237 -0.106292 0.993305 2.424926 0.000000 0.000000 0.000000 1.000000
0.996633 -0.060982 -0.054801 0.698080 0.066490 0.992242 0.105051 94.258408 0.047970 -0.108341 0.992956 2.163294 0.000000 0.000000 0.000000 1.000000
0.996515 -0.060811 -0.057093 0.596541 0.066668 0.992020 0.107013 94.223991 0.050130 -0.110446 0.992617 1.894574 0.000000 0.000000 0.000000 1.000000
0.996421 -0.060669 -0.058866 0.504421 0.066823 0.991799 0.108943 94.191422 0.051774 -0.112487 0.992303 1.636754 0.000000 0.000000 0.000000 1.000000
0.996337 -0.060552 -0.060386 0.420045 0.066979 0.991582 0.110813 94.161980 0.053168 -0.114452 0.992005 1.391603 0.000000 0.000000 0.000000 1.000000
0.996257 -0.060427 -0.061806 0.337873 0.067121 0.991363 0.112673 94.133415 0.054464 -0.116400 0.991708 1.149394 0.000000 0.000000 0.000000 1.000000
0.996183 -0.060272 -0.063143 0.259434 0.067225 0.991147 0.114492 94.106850 0.055684 -0.118299 0.991415 0.914421 0.000000 0.000000 0.000000 1.000000
0.996116 -0.060036 -0.064414 0.186681 0.067240 0.990943 0.116232 94.083618 0.056853 -0.120111 0.991131 0.692034 0.000000 0.000000 0.000000 1.000000
0.996058 -0.059663 -0.065636 0.121127 0.067112 0.990760 0.117861 94.064690 0.057998 -0.121801 0.990859 0.486807 0.000000 0.000000 0.000000 1.000000
0.996046 -0.058709 -0.066674 0.084981 0.066357 0.990676 0.118987 94.059952 0.059067 -0.122941 0.990655 0.359264 0.000000 0.000000 0.000000 1.000000
0.996046 -0.057576 -0.067654 0.057722 0.065410 0.990622 0.119961 94.059372 0.060113 -0.123912 0.990471 0.255371 0.000000 0.000000 0.000000 1.000000
0.996055 -0.056305 -0.068591 0.037301 0.064316 0.990589 0.120818 94.062057 0.061142 -0.124753 0.990302 0.169663 0.000000 0.000000 0.000000 1.000000
0.996068 -0.054939 -0.069496 0.021677 0.063120 0.990571 0.121594 94.066956 0.062160 -0.125502 0.990144 0.096689 0.000000 0.000000 0.000000 1.000000
0.996083 -0.053518 -0.070382 0.008794 0.061864 0.990560 0.122324 94.073166 0.063171 -0.126199 0.989992 0.030998 0.000000 0.000000 0.000000 1.000000
0.996097 -0.052082 -0.071264 -0.003419 0.060595 0.990550 0.123043 94.079681 0.064182 -0.126881 0.989839 -0.032877 0.000000 0.000000 0.000000 1.000000
0.996106 -0.050673 -0.072152 -0.016994 0.059355 0.990532 0.123787 94.085548 0.065197 -0.127587 0.989682 -0.100377 0.000000 0.000000 0.000000 1.000000
0.996107 -0.049331 -0.073061 -0.033996 0.058192 0.990500 0.124590 94.089867 0.066221 -0.128357 0.989515 -0.176978 0.000000 0.000000 0.000000 1.000000</float_array><technique_common><accessor source="#Hips-Matrix-animation-output-transform-array" count="62" stride="16"><param type="float4x4"/></accessor></technique_common></source><source id="Hips-Interpolations"><Name_array id="Hips-Interpolations-array" count="62">
 LINEAR LINEAR LINEAR LINEAR LINEAR LINEAR LINEAR LINEAR LINEAR LINEAR LINEAR
LINEAR LINEAR LINEAR LINEAR LINEAR LINEAR LINEAR LINEAR LINEAR LINEAR LINEAR LINEAR
LINEAR LINEAR LINEAR LINEAR LINEAR LINEAR LINEAR LINEAR LINEAR LINEAR LINEAR LINEAR
LINEAR LINEAR LINEAR LINEAR LINEAR LINEAR LINEAR LINEAR LINEAR LINEAR LINEAR LINEAR
LINEAR LINEAR LINEAR LINEAR LINEAR LINEAR LINEAR LINEAR LINEAR LINEAR LINEAR LINEAR
LINEAR LINEAR LINEAR</Name_array><technique_common><accessor source="#Hips-Interpolations-array" count="62"><param type="name"/></accessor></technique_common></source><sampler id="Hips-Matrix-animation-transform"><input semantic="INPUT" source="#Hips-Matrix-animation-input"/><input semantic="OUTPUT" source="#Hips-Matrix-animation-output-transform"/><input semantic="INTERPOLATION" source="#Hips-Interpolations"/></sampler><channel source="#Hips-Matrix-animation-transform" target="Hips/matrix"/></animation>
    <animation id="Spine-anim" name="Spine"><source id="Spine-Matrix-animation-input"><float_array id="Spine-Matrix-animation-input-array" count="62">

0.000000 0.033333 0.066667 0.100000 0.133333 0.166667 0.200000 0.233333 0.266667 0.300000 0.333333 0.366667 0.400000 0.433333 0.466667 0.500000
0.533333 0.566667 0.600000 0.633333 0.666667 0.700000 0.733333 0.766667 0.800000 0.833333 0.866667 0.900000 0.933333 0.966667 1.000000 1.033333
1.066667 1.100000 1.133333 1.166667 1.200000 1.233333 1.266667 1.300000 1.333333 1.366667 1.400000 1.433333 1.466667 1.500000 1.533333 1.566667
1.600000 1.633333 1.666667 1.700000 1.733333 1.766667 1.800000 1.833333 1.866667 1.900000 1.933333 1.966667 2.000000 2.033333</float_array><technique_common><accessor source="#Spine-Matrix-animation-input-array" count="62"><param name="TIME" type="float"/></accessor></technique_common></source><source id="Spine-Matrix-animation-output-transform"><float_array id="Spine-Matrix-animation-output-transform-array" count="992">

0.997462 0.046005 0.054345 -0.000000 -0.037301 0.987750 -0.151519 9.226300 -0.060650 0.149107 0.986959 1.577100 0.000000 0.000000 0.000000 1.000000
0.998089 0.042002 0.045330 -0.000000 -0.034809 0.988194 -0.149198 9.226300 -0.051062 0.147335 0.987768 1.577100 0.000000 0.000000 0.000000 1.000000
0.998623 0.037858 0.036312 0.000000 -0.032148 0.988665 -0.146653 9.226300 -0.041452 0.145284 0.988521 1.577100 0.000000 0.000000 0.000000 1.000000
0.999060 0.033693 0.027289 -0.000000 -0.029421 0.989122 -0.144127 9.226300 -0.031848 0.143189 0.989183 1.577100 0.000000 0.000000 0.000000 1.000000
0.999388 0.029864 0.018236 0.000000 -0.026969 0.989447 -0.142361 9.226300 -0.022295 0.141782 0.989647 1.577100 0.000000 0.000000 0.000000 1.000000
0.999615 0.026178 0.009169 0.000000 -0.024625 0.989710 -0.140951 9.226300 -0.012765 0.140671 0.989974 1.577100 0.000000 0.000000 0.000000 1.000000
0.999745 0.022604 0.000063 0.000000 -0.022373 0.989915 -0.139884 9.226300 -0.003224 0.139847 0.990168 1.577100 0.000000 0.000000 0.000000 1.000000
0.999774 0.019191 -0.009138 0.000000 -0.020277 0.990034 -0.139363 9.226300 0.006372 0.139517 0.990199 1.577100 0.000000 0.000000 0.000000 1.000000
0.999692 0.018212 -0.016846 0.000000 -0.020407 0.989804 -0.140963 9.226300 0.014107 0.141264 0.989871 1.577100 0.000000 0.000000 0.000000 1.000000
0.999549 0.018385 -0.023751 0.000000 -0.021605 0.989434 -0.143367 9.226300 0.020865 0.143816 0.989385 1.577100 0.000000 0.000000 0.000000 1.000000
0.999366 0.019569 -0.029756 0.000000 -0.023716 0.988984 -0.146113 9.226300 0.026569 0.146726 0.988820 1.577100 0.000000 0.000000 0.000000 1.000000
0.999156 0.021715 -0.034861 0.000000 -0.026686 0.988455 -0.149143 9.226300 0.031220 0.149948 0.988201 1.577100 0.000000 0.000000 0.000000 1.000000
0.998926 0.024197 -0.039524 0.000000 -0.029949 0.987909 -0.152114 9.226300 0.035365 0.153134 0.987572 1.577100 0.000000 0.000000 0.000000 1.000000
0.998691 0.027277 -0.043262 0.000000 -0.033675 0.987364 -0.154852 9.226300 0.038491 0.156106 0.986990 1.577100 0.000000 0.000000 0.000000 1.000000
0.998464 0.030864 -0.046010 0.000000 -0.037753 0.986828 -0.157306 9.226300 0.040549 0.158801 0.986478 1.577100 0.000000 0.000000 0.000000 1.000000
0.998253 0.034580 -0.047913 0.000000 -0.041813 0.986348 -0.159280 9.226300 0.041751 0.161005 0.986070 1.577100 0.000000 0.000000 0.000000 1.000000
0.998086 0.038391 -0.048485 -0.000000 -0.045719 0.985986 -0.160439 9.226300 0.041647 0.162348 0.985854 1.577100 0.000000 0.000000 0.000000 1.000000
0.997946 0.042521 -0.047912 0.000000 -0.049734 0.985681 -0.161119 9.226300 0.040375 0.163171 0.985771 1.577100 0.000000 0.000000 0.000000 1.000000
0.997813 0.046775 -0.046706 -0.000000 -0.053752 0.985410 -0.161486 9.226300 0.038471 0.163643 0.985769 1.577100 0.000000 0.000000 0.000000 1.000000
0.997831 0.050093 -0.042714 0.000000 -0.056344 0.985412 -0.160590 9.226300 0.034046 0.162648 0.986097 1.577100 0.000000 0.000000 0.000000 1.000000
0.998054 0.051706 -0.034855 0.000000 -0.056593 0.985798 -0.158113 9.226300 0.026184 0.159777 0.986806 1.577100 0.000000 0.000000 0.000000 1.000000
0.998261 0.053063 -0.025682 0.000000 -0.056419 0.986264 -0.155244 9.226300 0.017092 0.156423 0.987542 1.577100 0.000000 0.000000 0.000000 1.000000
0.998411 0.054164 -0.015575 0.000000 -0.055905 0.986790 -0.152056 9.226300 0.007133 0.152685 0.988249 1.577100 0.000000 0.000000 0.000000 1.000000
0.998466 0.055144 -0.004916 0.000000 -0.055261 0.987349 -0.148618 9.226300 -0.003342 0.148662 0.988882 1.577100 0.000000 0.000000 0.000000 1.000000
0.998420 0.055883 0.005923 0.000000 -0.054436 0.987932 -0.145008 9.226300 -0.013955 0.144457 0.989413 1.577100 0.000000 0.000000 0.000000 1.000000
0.998275 0.056333 0.016563 -0.000000 -0.053438 0.988524 -0.141300 9.226300 -0.024333 0.140171 0.989828 1.577100 0.000000 0.000000 0.000000 1.000000
0.998050 0.056464 0.026626 -0.000000 -0.052289 0.989111 -0.137566 9.226300 -0.034104 0.135905 0.990135 1.577100 0.000000 0.000000 0.000000 1.000000
0.997777 0.056248 0.035732 0.000000 -0.050998 0.989684 -0.133883 9.226300 -0.042894 0.131763 0.990353 1.577100 0.000000 0.000000 0.000000 1.000000
0.997501 0.055663 0.043501 0.000000 -0.049574 0.990231 -0.130328 9.226300 -0.050331 0.127846 0.990516 1.577100 0.000000 0.000000 0.000000 1.000000
0.997374 0.054118 0.048136 0.000000 -0.047631 0.990762 -0.126971 9.226300 -0.054563 0.124344 0.990738 1.577100 0.000000 0.000000 0.000000 1.000000
0.997434 0.051748 0.049479 0.000000 -0.045294 0.991290 -0.123660 9.226300 -0.055448 0.121101 0.991090 1.577100 0.000000 0.000000 0.000000 1.000000
0.997508 0.050273 0.049493 -0.000000 -0.043982 0.991693 -0.120876 9.226300 -0.055159 0.118398 0.991433 1.577100 0.000000 0.000000 0.000000 1.000000
0.997518 0.050088 0.049491 0.000000 -0.043915 0.991949 -0.118777 9.226300 -0.055042 0.116309 0.991687 1.577100 0.000000 0.000000 0.000000 1.000000
0.997502 0.050405 0.049481 0.000000 -0.044333 0.992148 -0.116945 9.226300 -0.054987 0.114459 0.991905 1.577100 0.000000 0.000000 0.000000 1.000000
0.997466 0.051135 0.049465 0.000000 -0.045149 0.992298 -0.115356 9.226300 -0.054983 0.112831 0.992092 1.577100 0.000000 0.000000 0.000000 1.000000
0.997412 0.052191 0.049444 0.000000 -0.046278 0.992403 -0.113990 9.226300 -0.055018 0.111407 0.992251 1.577100 0.000000 0.000000 0.000000 1.000000
0.997345 0.053484 0.049421 0.000000 -0.047632 0.992473 -0.112825 9.226300 -0.055083 0.110171 0.992385 1.577100 0.000000 0.000000 0.000000 1.000000
0.997268 0.054925 0.049396 0.000000 -0.049123 0.992512 -0.111838 9.226300 -0.055168 0.109106 0.992498 1.577100 0.000000 0.000000 0.000000 1.000000
0.997160 0.056865 0.049374 0.000000 -0.051085 0.992469 -0.111338 9.226300 -0.055333 0.108500 0.992555 1.577100 0.000000 0.000000 0.000000 1.000000
0.997036 0.059019 0.049357 0.000000 -0.053236 0.992367 -0.111240 9.226300 -0.055546 0.108283 0.992567 1.577100 0.000000 0.000000 0.000000 1.000000
0.996936 0.060690 0.049344 0.000000 -0.054907 0.992287 -0.111136 9.226300 -0.055708 0.108086 0.992579 1.577100 0.000000 0.000000 0.000000 1.000000
0.996846 0.062152 0.049342 0.000000 -0.056369 0.992220 -0.111005 9.226300 -0.055857 0.107874 0.992594 1.577100 0.000000 0.000000 0.000000 1.000000
0.996802 0.062854 0.049343 0.000000 -0.057081 0.992207 -0.110755 9.226300 -0.055920 0.107584 0.992622 1.577100 0.000000 0.000000 0.000000 1.000000
0.996806 0.062790 0.049347 0.000000 -0.057040 0.992254 -0.110358 9.226300 -0.055894 0.107190 0.992666 1.577100 0.000000 0.000000 0.000000 1.000000
0.996859 0.061943 0.049357 0.000000 -0.056223 0.992354 -0.109875 9.226300 -0.055785 0.106755 0.992719 1.577100 0.000000 0.000000 0.000000 1.000000
0.996951 0.060427 0.049371 0.000000 -0.054742 0.992496 -0.109336 9.226300 -0.055608 0.106300 0.992778 1.577100 0.000000 0.000000 0.000000 1.000000
0.997073 0.058366 0.049391 -0.000000 -0.052721 0.992669 -0.108756 9.226300 -0.055377 0.105834 0.992841 1.577100 0.000000 0.000000 0.000000 1.000000
0.997213 0.055886 0.049418 0.000000 -0.050283 0.992862 -0.108150 9.226300 -0.055109 0.105364 0.992906 1.577100 0.000000 0.000000 0.000000 1.000000
0.997356 0.053229 0.049465 0.000000 -0.047664 0.993053 -0.107578 9.226300 -0.054848 0.104935 0.992965 1.577100 0.000000 0.000000 0.000000 1.000000
0.997493 0.050565 0.049510 0.000000 -0.045033 0.993228 -0.107103 9.226300 -0.054591 0.104605 0.993014 1.577100 0.000000 0.000000 0.000000 1.000000
0.997624 0.047871 0.049554 0.000000 -0.042369 0.993391 -0.106676 9.226300 -0.054334 0.104323 0.993058 1.577100 0.000000 0.000000 0.000000 1.000000
0.997745 0.045216 0.049598 0.000000 -0.039743 0.993543 -0.106265 9.226300 -0.054082 0.104054 0.993100 1.577100 0.000000 0.000000 0.000000 1.000000
0.997855 0.042687 0.049623 -0.000000 -0.037245 0.993686 -0.105838 9.226300 -0.053828 0.103763 0.993144 1.577100 0.000000 0.000000 0.000000 1.000000
0.997952 0.040361 0.049630 0.000000 -0.034954 0.993821 -0.105349 9.226300 -0.053576 0.103398 0.993196 1.577100 0.000000 0.000000 0.000000 1.000000
0.998006 0.038990 0.049635 -0.000000 -0.033649 0.993983 -0.104234 9.226300 -0.053401 0.102356 0.993313 1.577100 0.000000 0.000000 0.000000 1.000000
0.998047 0.037911 0.049640 0.000000 -0.032644 0.994154 -0.102922 9.226300 -0.053252 0.101100 0.993450 1.577100 0.000000 0.000000 0.000000 1.000000
0.998079 0.037056 0.049644 0.000000 -0.031870 0.994329 -0.101458 9.226300 -0.053122 0.099681 0.993600 1.577100 0.000000 0.000000 0.000000 1.000000
0.998105 0.036357 0.049648 0.000000 -0.031258 0.994508 -0.099887 9.226300 -0.053007 0.098145 0.993759 1.577100 0.000000 0.000000 0.000000 1.000000
0.998127 0.035748 0.049652 0.000000 -0.030738 0.994686 -0.098255 9.226300 -0.052900 0.096544 0.993922 1.577100 0.000000 0.000000 0.000000 1.000000
0.998147 0.035162 0.049656 -0.000000 -0.030241 0.994863 -0.096607 9.226300 -0.052797 0.094927 0.994083 1.577100 0.000000 0.000000 0.000000 1.000000
0.998169 0.034531 0.049659 0.000000 -0.029697 0.995035 -0.094990 9.226300 -0.052693 0.093342 0.994239 1.577100 0.000000 0.000000 0.000000 1.000000
0.998194 0.033788 0.049663 -0.000000 -0.029037 0.995201 -0.093449 9.226300 -0.052582 0.091838 0.994385 1.577100 0.000000 0.000000 0.000000 1.000000</float_array><technique_common><accessor source="#Spine-Matrix-animation-output-transform-array" count="62" stride="16"><param type="float4x4"/></accessor></technique_common></source><source id="Spine-Interpolations"><Name_array id="Spine-Interpolations-array" count="62">
 LINEAR LINEAR LINEAR LINEAR LINEAR LINEAR LINEAR LINEAR LINEAR LINEAR LINEAR
LINEAR LINEAR LINEAR LINEAR LINEAR LINEAR LINEAR LINEAR LINEAR LINEAR LINEAR LINEAR
LINEAR LINEAR LINEAR LINEAR LINEAR LINEAR LINEAR LINEAR LINEAR LINEAR LINEAR LINEAR
LINEAR LINEAR LINEAR LINEAR LINEAR LINEAR LINEAR LINEAR LINEAR LINEAR LINEAR LINEAR
LINEAR LINEAR LINEAR LINEAR LINEAR LINEAR LINEAR LINEAR LINEAR LINEAR LINEAR LINEAR
LINEAR LINEAR LINEAR</Name_array><technique_common><accessor source="#Spine-Interpolations-array" count="62"><param type="name"/></accessor></technique_common></source><sampler id="Spine-Matrix-animation-transform"><input semantic="INPUT" source="#Spine-Matrix-animation-input"/><input semantic="OUTPUT" source="#Spine-Matrix-animation-output-transform"/><input semantic="INTERPOLATION" source="#Spine-Interpolations"/></sampler><channel source="#Spine-Matrix-animation-transform" target="Spine/matrix"/></animation>
    <animation id="Spine1-anim" name="Spine1"><source id="Spine1-Matrix-animation-input"><float_array id="Spine1-Matrix-animation-input-array" count="62">

0.000000 0.033333 0.066667 0.100000 0.133333 0.166667 0.200000 0.233333 0.266667 0.300000 0.333333 0.366667 0.400000 0.433333 0.466667 0.500000
0.533333 0.566667 0.600000 0.633333 0.666667 0.700000 0.733333 0.766667 0.800000 0.833333 0.866667 0.900000 0.933333 0.966667 1.000000 1.033333
1.066667 1.100000 1.133333 1.166667 1.200000 1.233333 1.266667 1.300000 1.333333 1.366667 1.400000 1.433333 1.466667 1.500000 1.533333 1.566667
1.600000 1.633333 1.666667 1.700000 1.733333 1.766667 1.800000 1.833333 1.866667 1.900000 1.933333 1.966667 2.000000 2.033333</float_array><technique_common><accessor source="#Spine1-Matrix-animation-input-array" count="62"><param name="TIME" type="float"/></accessor></technique_common></source><source id="Spine1-Matrix-animation-output-transform"><float_array id="Spine1-Matrix-animation-output-transform-array" count="992">

0.999842 0.007444 0.016126 0.000000 -0.006958 0.999527 -0.029947 16.254000 -0.016342 0.029830 0.999421 -0.165600 0.000000 0.000000 0.000000 1.000000
0.999880 0.007644 0.013471 0.000000 -0.007238 0.999525 -0.029948 16.254000 -0.013694 0.029847 0.999461 -0.165600 0.000000 0.000000 0.000000 1.000000
0.999911 0.007860 0.010806 0.000000 -0.007533 0.999523 -0.029949 16.254000 -0.011037 0.029865 0.999493 -0.165600 0.000000 0.000000 0.000000 1.000000
0.999934 0.008077 0.008140 0.000000 -0.007830 0.999521 -0.029950 16.254000 -0.008378 0.029884 0.999518 -0.165600 0.000000 0.000000 0.000000 1.000000
0.999951 0.008255 0.005493 0.000000 -0.008087 0.999519 -0.029951 16.254000 -0.005737 0.029905 0.999536 -0.165600 0.000000 0.000000 0.000000 1.000000
0.999961 0.008415 0.002854 0.000000 -0.008326 0.999517 -0.029951 16.254000 -0.003104 0.029926 0.999547 -0.165600 0.000000 0.000000 0.000000 1.000000
0.999963 0.008556 0.000214 -0.000000 -0.008546 0.999515 -0.029951 16.254000 -0.000470 0.029948 0.999551 -0.165600 0.000000 0.000000 0.000000 1.000000
0.999960 0.008654 -0.002435 0.000000 -0.008723 0.999514 -0.029939 16.254000 0.002175 0.029959 0.999549 -0.165600 0.000000 0.000000 0.000000 1.000000
0.999948 0.009137 -0.004477 0.000000 -0.009269 0.999494 -0.030426 16.254000 0.004197 0.030466 0.999527 -0.165600 0.000000 0.000000 0.000000 1.000000
0.999932 0.009836 -0.006208 0.000000 -0.010024 0.999471 -0.030942 16.254000 0.005900 0.031002 0.999502 -0.165600 0.000000 0.000000 0.000000 1.000000
0.999913 0.010788 -0.007614 -0.000000 -0.011025 0.999436 -0.031714 16.254000 0.007267 0.031796 0.999468 -0.165600 0.000000 0.000000 0.000000 1.000000
0.999890 0.011979 -0.008713 0.000000 -0.012257 0.999392 -0.032652 16.254000 0.008317 0.032755 0.999429 -0.165600 0.000000 0.000000 0.000000 1.000000
0.999865 0.013261 -0.009699 0.000000 -0.013580 0.999345 -0.033551 16.254000 0.009248 0.033678 0.999390 -0.165600 0.000000 0.000000 0.000000 1.000000
0.999837 0.014716 -0.010472 0.000000 -0.015068 0.999298 -0.034302 16.254000 0.009960 0.034454 0.999357 -0.165600 0.000000 0.000000 0.000000 1.000000
0.999807 0.016302 -0.010984 0.000000 -0.016677 0.999250 -0.034959 16.254000 0.010406 0.035135 0.999328 -0.165600 0.000000 0.000000 0.000000 1.000000
0.999776 0.017904 -0.011281 -0.000000 -0.018295 0.999202 -0.035515 16.254000 0.010636 0.035713 0.999305 -0.165600 0.000000 0.000000 0.000000 1.000000
0.999746 0.019502 -0.011262 -0.000000 -0.019895 0.999157 -0.035904 16.254000 0.010552 0.036119 0.999292 -0.165600 0.000000 0.000000 0.000000 1.000000
0.999715 0.021159 -0.011069 0.000000 -0.021547 0.999113 -0.036187 16.254000 0.010293 0.036415 0.999284 -0.165600 0.000000 0.000000 0.000000 1.000000
0.999681 0.022831 -0.010755 0.000000 -0.023209 0.999068 -0.036399 16.254000 0.009914 0.036637 0.999279 -0.165600 0.000000 0.000000 0.000000 1.000000
0.999662 0.024109 -0.009733 0.000000 -0.024446 0.999047 -0.036160 16.254000 0.008852 0.036385 0.999299 -0.165600 0.000000 0.000000 0.000000 1.000000
0.999665 0.024708 -0.007673 -0.000000 -0.024963 0.999066 -0.035268 16.254000 0.006794 0.035448 0.999348 -0.165600 0.000000 0.000000 0.000000 1.000000
0.999669 0.025178 -0.005239 -0.000000 -0.025343 0.999093 -0.034215 16.254000 0.004372 0.034336 0.999401 -0.165600 0.000000 0.000000 0.000000 1.000000
0.999671 0.025516 -0.002542 0.000000 -0.025586 0.999127 -0.033032 16.254000 0.001697 0.033086 0.999451 -0.165600 0.000000 0.000000 0.000000 1.000000
0.999668 0.025762 0.000303 -0.000000 -0.025739 0.999164 -0.031749 16.254000 -0.001121 0.031731 0.999496 -0.165600 0.000000 0.000000 0.000000 1.000000
0.999659 0.025901 0.003185 0.000000 -0.025792 0.999205 -0.030398 16.254000 -0.003969 0.030306 0.999533 -0.165600 0.000000 0.000000 0.000000 1.000000
0.999646 0.025931 0.005993 -0.000000 -0.025747 0.999247 -0.029010 16.254000 -0.006741 0.028846 0.999561 -0.165600 0.000000 0.000000 0.000000 1.000000
0.999627 0.025912 0.008616 -0.000000 -0.025665 0.999289 -0.027616 16.254000 -0.009325 0.027384 0.999581 -0.165600 0.000000 0.000000 0.000000 1.000000
0.999606 0.025854 0.010940 0.000000 -0.025560 0.999329 -0.026247 16.254000 -0.011612 0.025957 0.999596 -0.165600 0.000000 0.000000 0.000000 1.000000
0.999585 0.025771 0.012855 -0.000000 -0.025444 0.999365 -0.024937 16.254000 -0.013490 0.024599 0.999606 -0.165600 0.000000 0.000000 0.000000 1.000000
0.999581 0.025430 0.013793 0.000000 -0.025099 0.999404 -0.023715 16.254000 -0.014388 0.023358 0.999624 -0.165600 0.000000 0.000000 0.000000 1.000000
0.999596 0.024919 0.013698 0.000000 -0.024606 0.999442 -0.022589 16.254000 -0.014254 0.022243 0.999651 -0.165600 0.000000 0.000000 0.000000 1.000000
0.999607 0.024507 0.013630 0.000000 -0.024206 0.999469 -0.021824 16.254000 -0.014157 0.021486 0.999669 -0.165600 0.000000 0.000000 0.000000 1.000000
0.999609 0.024217 0.013978 0.000000 -0.023914 0.999484 -0.021463 16.254000 -0.014490 0.021120 0.999672 -0.165600 0.000000 0.000000 0.000000 1.000000
0.999608 0.023974 0.014476 0.000000 -0.023663 0.999493 -0.021302 16.254000 -0.014980 0.020951 0.999668 -0.165600 0.000000 0.000000 0.000000 1.000000
0.999602 0.023775 0.015156 0.000000 -0.023450 0.999499 -0.021274 16.254000 -0.015655 0.020911 0.999659 -0.165600 0.000000 0.000000 0.000000 1.000000
0.999592 0.023614 0.016050 0.000000 -0.023270 0.999502 -0.021310 16.254000 -0.016545 0.020928 0.999644 -0.165600 0.000000 0.000000 0.000000 1.000000
0.999575 0.023527 0.017188 0.000000 -0.023157 0.999503 -0.021389 16.254000 -0.017683 0.020981 0.999623 -0.165600 0.000000 0.000000 0.000000 1.000000
0.999551 0.023506 0.018603 -0.000000 -0.023104 0.999501 -0.021532 16.254000 -0.019100 0.021092 0.999595 -0.165600 0.000000 0.000000 0.000000 1.000000
0.999509 0.023516 0.020722 -0.000000 -0.023063 0.999495 -0.021869 16.254000 -0.021226 0.021380 0.999546 -0.165600 0.000000 0.000000 0.000000 1.000000
0.999451 0.023532 0.023307 0.000000 -0.023012 0.999486 -0.022332 16.254000 -0.023821 0.021783 0.999479 -0.165600 0.000000 0.000000 0.000000 1.000000
0.999395 0.023530 0.025630 0.000000 -0.022948 0.999477 -0.022774 16.254000 -0.026152 0.022172 0.999412 -0.165600 0.000000 0.000000 0.000000 1.000000
0.999340 0.023485 0.027704 0.000000 -0.022845 0.999470 -0.023204 16.254000 -0.028234 0.022556 0.999347 -0.165600 0.000000 0.000000 0.000000 1.000000
0.999304 0.023319 0.029100 0.000000 -0.022635 0.999465 -0.023613 16.254000 -0.029635 0.022938 0.999298 -0.165600 0.000000 0.000000 0.000000 1.000000
0.999292 0.023026 0.029751 0.000000 -0.022316 0.999463 -0.024002 16.254000 -0.030288 0.023321 0.999269 -0.165600 0.000000 0.000000 0.000000 1.000000
0.999294 0.022666 0.029952 0.000000 -0.021940 0.999462 -0.024371 16.254000 -0.030488 0.023696 0.999254 -0.165600 0.000000 0.000000 0.000000 1.000000
0.999308 0.022252 0.029808 -0.000000 -0.021518 0.999463 -0.024722 16.254000 -0.030342 0.024063 0.999250 -0.165600 0.000000 0.000000 0.000000 1.000000
0.999331 0.021784 0.029369 -0.000000 -0.021050 0.999464 -0.025058 16.254000 -0.029899 0.024423 0.999254 -0.165600 0.000000 0.000000 0.000000 1.000000
0.999362 0.021264 0.028685 0.000000 -0.020538 0.999467 -0.025381 16.254000 -0.029210 0.024775 0.999266 -0.165600 0.000000 0.000000 0.000000 1.000000
0.999401 0.020648 0.027776 0.000000 -0.019938 0.999474 -0.025580 16.254000 -0.028289 0.025011 0.999287 -0.165600 0.000000 0.000000 0.000000 1.000000
0.999443 0.019941 0.026753 0.000000 -0.019258 0.999488 -0.025547 16.254000 -0.027249 0.025018 0.999316 -0.165600 0.000000 0.000000 0.000000 1.000000
0.999486 0.019197 0.025686 -0.000000 -0.018543 0.999504 -0.025456 16.254000 -0.026162 0.024966 0.999346 -0.165600 0.000000 0.000000 0.000000 1.000000
0.999528 0.018426 0.024584 -0.000000 -0.017801 0.999519 -0.025406 16.254000 -0.025041 0.024956 0.999375 -0.165600 0.000000 0.000000 0.000000 1.000000
0.999569 0.017634 0.023456 0.000000 -0.017038 0.999533 -0.025372 16.254000 -0.023893 0.024961 0.999403 -0.165600 0.000000 0.000000 0.000000 1.000000
0.999609 0.016837 0.022313 0.000000 -0.016271 0.999546 -0.025339 16.254000 -0.022730 0.024966 0.999430 -0.165600 0.000000 0.000000 0.000000 1.000000
0.999645 0.016183 0.021147 0.000000 -0.015646 0.999557 -0.025307 16.254000 -0.021547 0.024967 0.999456 -0.165600 0.000000 0.000000 0.000000 1.000000
0.999679 0.015575 0.019974 -0.000000 -0.015069 0.999567 -0.025275 16.254000 -0.020359 0.024966 0.999481 -0.165600 0.000000 0.000000 0.000000 1.000000
0.999711 0.015004 0.018797 0.000000 -0.014527 0.999575 -0.025259 16.254000 -0.019168 0.024979 0.999504 -0.165600 0.000000 0.000000 0.000000 1.000000
0.999740 0.014457 0.017616 0.000000 -0.014010 0.999583 -0.025260 16.254000 -0.017973 0.025007 0.999526 -0.165600 0.000000 0.000000 0.000000 1.000000
0.999768 0.013925 0.016432 0.000000 -0.013507 0.999590 -0.025260 16.254000 -0.016777 0.025033 0.999546 -0.165600 0.000000 0.000000 0.000000 1.000000
0.999794 0.013397 0.015249 0.000000 -0.013009 0.999596 -0.025261 16.254000 -0.015581 0.025057 0.999565 -0.165600 0.000000 0.000000 0.000000 1.000000
0.999818 0.012861 0.014066 0.000000 -0.012503 0.999603 -0.025261 16.254000 -0.014385 0.025081 0.999582 -0.165600 0.000000 0.000000 0.000000 1.000000
0.999841 0.012307 0.012885 -0.000000 -0.011979 0.999609 -0.025262 16.254000 -0.013191 0.025103 0.999598 -0.165600 0.000000 0.000000 0.000000 1.000000</float_array><technique_common><accessor source="#Spine1-Matrix-animation-output-transform-array" count="62" stride="16"><param type="float4x4"/></accessor></technique_common></source><source id="Spine1-Interpolations"><Name_array id="Spine1-Interpolations-array" count="62">
 LINEAR LINEAR LINEAR LINEAR LINEAR LINEAR LINEAR LINEAR LINEAR LINEAR LINEAR
LINEAR LINEAR LINEAR LINEAR LINEAR LINEAR LINEAR LINEAR LINEAR LINEAR LINEAR LINEAR
LINEAR LINEAR LINEAR LINEAR LINEAR LINEAR LINEAR LINEAR LINEAR LINEAR LINEAR LINEAR
LINEAR LINEAR LINEAR LINEAR LINEAR LINEAR LINEAR LINEAR LINEAR LINEAR LINEAR LINEAR
LINEAR LINEAR LINEAR LINEAR LINEAR LINEAR LINEAR LINEAR LINEAR LINEAR LINEAR LINEAR
LINEAR LINEAR LINEAR</Name_array><technique_common><accessor source="#Spine1-Interpolations-array" count="62"><param type="name"/></accessor></technique_common></source><sampler id="Spine1-Matrix-animation-transform"><input semantic="INPUT" source="#Spine1-Matrix-animation-input"/><input semantic="OUTPUT" source="#Spine1-Matrix-animation-output-transform"/><input semantic="INTERPOLATION" source="#Spine1-Interpolations"/></sampler><channel source="#Spine1-Matrix-animation-transform" target="Spine1/matrix"/></animation>
    <animation id="Spine2-anim" name="Spine2"><source id="Spine2-Matrix-animation-input"><float_array id="Spine2-Matrix-animation-input-array" count="62">

0.000000 0.033333 0.066667 0.100000 0.133333 0.166667 0.200000 0.233333 0.266667 0.300000 0.333333 0.366667 0.400000 0.433333 0.466667 0.500000
0.533333 0.566667 0.600000 0.633333 0.666667 0.700000 0.733333 0.766667 0.800000 0.833333 0.866667 0.900000 0.933333 0.966667 1.000000 1.033333
1.066667 1.100000 1.133333 1.166667 1.200000 1.233333 1.266667 1.300000 1.333333 1.366667 1.400000 1.433333 1.466667 1.500000 1.533333 1.566667
1.600000 1.633333 1.666667 1.700000 1.733333 1.766667 1.800000 1.833333 1.866667 1.900000 1.933333 1.966667 2.000000 2.033333</float_array><technique_common><accessor source="#Spine2-Matrix-animation-input-array" count="62"><param name="TIME" type="float"/></accessor></technique_common></source><source id="Spine2-Matrix-animation-output-transform"><float_array id="Spine2-Matrix-animation-output-transform-array" count="992">

0.999842 0.007725 0.015980 0.000000 -0.007298 0.999618 -0.026641 13.639600 -0.016180 0.026520 0.999517 -1.292300 0.000000 0.000000 0.000000 1.000000
0.999880 0.007887 0.013354 0.000000 -0.007529 0.999617 -0.026642 13.639600 -0.013559 0.026538 0.999556 -1.292300 0.000000 0.000000 0.000000 1.000000
0.999910 0.008065 0.010719 -0.000000 -0.007777 0.999615 -0.026643 13.639600 -0.010930 0.026557 0.999588 -1.292300 0.000000 0.000000 0.000000 1.000000
0.999933 0.008244 0.008082 0.000000 -0.008026 0.999613 -0.026643 13.639600 -0.008299 0.026577 0.999612 -1.292300 0.000000 0.000000 0.000000 1.000000
0.999950 0.008381 0.005463 0.000000 -0.008232 0.999611 -0.026644 13.639600 -0.005685 0.026597 0.999630 -1.292300 0.000000 0.000000 0.000000 1.000000
0.999960 0.008500 0.002852 0.000000 -0.008421 0.999610 -0.026644 13.639600 -0.003078 0.026619 0.999641 -1.292300 0.000000 0.000000 0.000000 1.000000
0.999963 0.008598 0.000240 0.000000 -0.008588 0.999608 -0.026644 13.639600 -0.000469 0.026641 0.999645 -1.292300 0.000000 0.000000 0.000000 1.000000
0.999960 0.008649 -0.002382 0.000000 -0.008710 0.999607 -0.026633 13.639600 0.002151 0.026653 0.999642 -1.292300 0.000000 0.000000 0.000000 1.000000
0.999949 0.009081 -0.004476 0.000000 -0.009200 0.999585 -0.027303 13.639600 0.004226 0.027343 0.999617 -1.292300 0.000000 0.000000 0.000000 1.000000
0.999933 0.009726 -0.006296 -0.000000 -0.009900 0.999552 -0.028253 13.639600 0.006019 0.028314 0.999581 -1.292300 0.000000 0.000000 0.000000 1.000000
0.999913 0.010623 -0.007830 0.000000 -0.010848 0.999515 -0.029184 13.639600 0.007516 0.029267 0.999543 -1.292300 0.000000 0.000000 0.000000 1.000000
0.999890 0.011761 -0.009078 0.000000 -0.012030 0.999474 -0.030118 13.639600 0.008719 0.030224 0.999505 -1.292300 0.000000 0.000000 0.000000 1.000000
0.999864 0.012995 -0.010195 -0.000000 -0.013305 0.999430 -0.031026 13.639600 0.009786 0.031157 0.999467 -1.292300 0.000000 0.000000 0.000000 1.000000
0.999835 0.014420 -0.011021 0.000000 -0.014765 0.999383 -0.031858 13.639600 0.010555 0.032015 0.999432 -1.292300 0.000000 0.000000 0.000000 1.000000
0.999805 0.015979 -0.011577 0.000000 -0.016349 0.999335 -0.032607 13.639600 0.011048 0.032790 0.999401 -1.292300 0.000000 0.000000 0.000000 1.000000
0.999775 0.017548 -0.011946 0.000000 -0.017936 0.999286 -0.033247 13.639600 0.011354 0.033454 0.999376 -1.292300 0.000000 0.000000 0.000000 1.000000
0.999746 0.019129 -0.011933 0.000000 -0.019522 0.999241 -0.033706 13.639600 0.011279 0.033930 0.999361 -1.292300 0.000000 0.000000 0.000000 1.000000
0.999717 0.020787 -0.011607 -0.000000 -0.021172 0.999196 -0.034047 13.639600 0.010890 0.034283 0.999353 -1.292300 0.000000 0.000000 0.000000 1.000000
0.999686 0.022468 -0.011109 0.000000 -0.022837 0.999150 -0.034313 13.639600 0.010329 0.034556 0.999349 -1.292300 0.000000 0.000000 0.000000 1.000000
0.999668 0.023775 -0.009913 -0.000000 -0.024100 0.999127 -0.034114 13.639600 0.009094 0.034342 0.999369 -1.292300 0.000000 0.000000 0.000000 1.000000
0.999671 0.024430 -0.007761 -0.000000 -0.024675 0.999143 -0.033243 13.639600 0.006942 0.033424 0.999417 -1.292300 0.000000 0.000000 0.000000 1.000000
0.999674 0.024971 -0.005255 0.000000 -0.025127 0.999165 -0.032204 13.639600 0.004446 0.032325 0.999468 -1.292300 0.000000 0.000000 0.000000 1.000000
0.999674 0.025402 -0.002503 -0.000000 -0.025468 0.999194 -0.031028 13.639600 0.001713 0.031082 0.999515 -1.292300 0.000000 0.000000 0.000000 1.000000
0.999669 0.025730 0.000384 0.000000 -0.025707 0.999227 -0.029750 13.639600 -0.001149 0.029730 0.999557 -1.292300 0.000000 0.000000 0.000000 1.000000
0.999658 0.025960 0.003299 0.000000 -0.025856 0.999262 -0.028400 13.639600 -0.004033 0.028305 0.999591 -1.292300 0.000000 0.000000 0.000000 1.000000
0.999641 0.026071 0.006131 0.000000 -0.025897 0.999300 -0.027012 13.639600 -0.006831 0.026844 0.999616 -1.292300 0.000000 0.000000 0.000000 1.000000
0.999621 0.026096 0.008773 0.000000 -0.025864 0.999337 -0.025620 13.639600 -0.009436 0.025384 0.999633 -1.292300 0.000000 0.000000 0.000000 1.000000
0.999598 0.026075 0.011115 0.000000 -0.025799 0.999373 -0.024257 13.639600 -0.011741 0.023961 0.999644 -1.292300 0.000000 0.000000 0.000000 1.000000
