<?xml version="1.0" encoding="utf-8"?>
<COLLADA xmlns="http://www.collada.org/2005/11/COLLADASchema" version="1.4.1">
  <asset><contributor><author>Mixamo</author><authoring_tool>COLLADA Mixamo exporter</authoring_tool><comments></comments></contributor><created>2018-12-18T22:04:04Z</created><modified>2018-12-18T22:04:04Z</modified><revision></revision><title></title><unit meter="0.010000"/><up_axis>Y_UP</up_axis></asset>
  <library_animations>
    <animation id="mixamorig_Hips-anim" name="mixamorig_Hips"><source id="mixamorig_Hips-Matrix-animation-input"><float_array id="mixamorig_Hips-Matrix-animation-input-array" count="29">

0.000000 0.033333 0.066667 0.100000 0.133333 0.166667 0.200000 0.233333 0.266667 0.300000 0.333333 0.366667 0.400000 0.433333 0.466667 0.500000
0.533333 0.566667 0.600000 0.633333 0.666667 0.700000 0.733333 0.766667 0.800000 0.833333 0.866667 0.900000 0.933333</float_array><technique_common><accessor source="#mixamorig_Hips-Matrix-animation-input-array" count="29"><param name="TIME" type="float"/></accessor></technique_common></source><source id="mixamorig_Hips-Matrix-animation-output-transform"><float_array id="mixamorig_Hips-Matrix-animation-output-transform-array" count="464">

0.992287 0.050052 0.113408 -0.046596 -0.057699 0.996204 0.065183 88.492126 -0.109714 -0.071224 0.991408 -0.578397 0.000000 0.000000 0.000000 1.000000
0.995795 0.052867 0.074816 0.498483 -0.057544 0.996428 0.061798 88.313522 -0.071282 -0.065843 0.995281 -0.900452 0.000000 0.000000 0.000000 1.000000
0.997738 0.055259 0.038280 1.788489 -0.057407 0.996694 0.057495 87.986618 -0.034976 -0.059563 0.997612 -1.573290 0.000000 0.000000 0.000000 1.000000
0.998387 0.056706 0.002856 3.465461 -0.056777 0.996994 0.052719 87.746140 0.000142 -0.052796 0.998605 -2.102247 0.000000 0.000000 0.000000 1.000000
0.997704 0.059470 -0.032397 5.228144 -0.057883 0.997173 0.047903 87.745613 0.035154 -0.045918 0.998326 -2.588283 0.000000 0.000000 0.000000 1.000000
0.995709 0.062173 -0.068537 6.687707 -0.059279 0.997294 0.043484 87.800667 0.071055 -0.039235 0.996700 -3.019238 0.000000 0.000000 0.000000 1.000000
0.992196 0.064766 -0.106550 7.694124 -0.060818 0.997351 0.039891 87.760193 0.108851 -0.033099 0.993507 -3.325393 0.000000 0.000000 0.000000 1.000000
0.986812 0.066880 -0.147406 8.481178 -0.061988 0.997371 0.037543 87.637383 0.149529 -0.027910 0.988363 -3.528992 0.000000 0.000000 0.000000 1.000000
0.979015 0.068256 -0.192015 9.090438 -0.062309 0.997376 0.036849 87.489937 0.194027 -0.024112 0.980700 -3.714861 0.000000 0.000000 0.000000 1.000000
0.967991 0.069569 -0.241150 9.517952 -0.062163 0.997335 0.038192 87.360657 0.243164 -0.021979 0.969736 -3.949456 0.000000 0.000000 0.000000 1.000000
0.950573 0.070807 -0.302320 9.726233 -0.060077 0.997194 0.044656 87.314987 0.304634 -0.024287 0.952160 -4.291232 0.000000 0.000000 0.000000 1.000000
0.929463 0.074344 -0.361348 9.652207 -0.058724 0.996811 0.054034 87.365898 0.364212 -0.029002 0.930864 -4.853639 0.000000 0.000000 0.000000 1.000000
0.906707 0.080615 -0.413986 9.334831 -0.060372 0.996263 0.061775 87.410576 0.417418 -0.031019 0.908185 -5.620730 0.000000 0.000000 0.000000 1.000000
0.876021 0.091085 -0.473592 9.048174 -0.066739 0.995450 0.068004 87.310806 0.477632 -0.027966 0.878115 -6.403161 0.000000 0.000000 0.000000 1.000000
0.832714 0.098450 -0.544881 8.826973 -0.067742 0.994788 0.076213 87.169914 0.549544 -0.026553 0.835043 -7.128684 0.000000 0.000000 0.000000 1.000000
0.772571 0.102204 -0.626648 8.606737 -0.061546 0.994366 0.086300 87.057976 0.631938 -0.028105 0.774509 -7.713869 0.000000 0.000000 0.000000 1.000000
0.688739 0.101016 -0.717937 8.392439 -0.048687 0.994455 0.093216 87.160133 0.723372 -0.029247 0.689838 -8.079788 0.000000 0.000000 0.000000 1.000000
0.582735 0.100139 -0.806469 8.197614 -0.036799 0.994613 0.096911 87.380600 0.811829 -0.026797 0.583281 -8.127951 0.000000 0.000000 0.000000 1.000000
0.463770 0.100749 -0.880209 7.924290 -0.025587 0.994622 0.100364 87.662109 0.885586 -0.024023 0.463853 -7.880436 0.000000 0.000000 0.000000 1.000000
0.353891 0.098976 -0.930035 7.509000 -0.016260 0.994886 0.099690 87.974121 0.935145 -0.020157 0.353690 -7.451473 0.000000 0.000000 0.000000 1.000000
0.279528 0.095956 -0.955330 6.958605 -0.015031 0.995309 0.095574 88.213165 0.960020 -0.012356 0.279659 -6.863409 0.000000 0.000000 0.000000 1.000000
0.219866 0.092643 -0.971121 6.250249 -0.016893 0.995693 0.091162 88.309586 0.975384 -0.003638 0.220484 -6.117804 0.000000 0.000000 0.000000 1.000000
0.165962 0.088961 -0.982111 5.343105 -0.020205 0.996020 0.086807 88.244743 0.985925 0.005437 0.167099 -5.225634 0.000000 0.000000 0.000000 1.000000
0.116884 0.084658 -0.989531 4.302043 -0.022475 0.996331 0.082585 88.064919 0.992891 0.012586 0.118358 -4.284720 0.000000 0.000000 0.000000 1.000000
0.070893 0.080316 -0.994245 3.253725 -0.027368 0.996535 0.078549 87.942673 0.997108 0.021642 0.072845 -3.301432 0.000000 0.000000 0.000000 1.000000
0.026639 0.075665 -0.996777 2.340090 -0.033978 0.996624 0.074745 88.055023 0.999067 0.031878 0.029120 -2.369322 0.000000 0.000000 0.000000 1.000000
-0.021659 0.070093 -0.997305 1.561511 -0.042812 0.996559 0.070971 88.238930 0.998848 0.044234 -0.018584 -1.426958 0.000000 0.000000 0.000000 1.000000
-0.080563 0.062629 -0.994780 0.885112 -0.052590 0.996367 0.066988 88.404350 0.995361 0.057713 -0.076977 -0.413789 0.000000 0.000000 0.000000 1.000000
-0.110101 0.058549 -0.992194 0.574598 -0.057658 0.996206 0.065184 88.490730 0.992247 0.064385 -0.106308 0.080658 0.000000 0.000000 0.000000 1.000000</float_array><technique_common><accessor source="#mixamorig_Hips-Matrix-animation-output-transform-array" count="29" stride="16"><param type="float4x4"/></accessor></technique_common></source><source id="mixamorig_Hips-Interpolations"><Name_array id="mixamorig_Hips-Interpolations-array" count="29">
 LINEAR LINEAR LINEAR LINEAR LINEAR LINEAR LINEAR LINEAR LINEAR LINEAR LINEAR
LINEAR LINEAR LINEAR LINEAR LINEAR LINEAR LINEAR LINEAR LINEAR LINEAR LINEAR LINEAR
LINEAR LINEAR LINEAR LINEAR LINEAR LINEAR</Name_array><technique_common><accessor source="#mixamorig_Hips-Interpolations-array" count="29"><param type="name"/></accessor></technique_common></source><sampler id="mixamorig_Hips-Matrix-animation-transform"><input semantic="INPUT" source="#mixamorig_Hips-Matrix-animation-input"/><input semantic="OUTPUT" source="#mixamorig_Hips-Matrix-animation-output-transform"/><input semantic="INTERPOLATION" source="#mixamorig_Hips-Interpolations"/></sampler><channel source="#mixamorig_Hips-Matrix-animation-transform" target="mixamorig_Hips/matrix"/></animation>
    <animation id="mixamorig_Spine-anim" name="mixamorig_Spine"><source id="mixamorig_Spine-Matrix-animation-input"><float_array id="mixamorig_Spine-Matrix-animation-input-array" count="29">

0.000000 0.033333 0.066667 0.100000 0.133333 0.166667 0.200000 0.233333 0.266667 0.300000 0.333333 0.366667 0.400000 0.433333 0.466667 0.500000
0.533333 0.566667 0.600000 0.633333 0.666667 0.700000 0.733333 0.766667 0.800000 0.833333 0.866667 0.900000 0.933333</float_array><technique_common><accessor source="#mixamorig_Spine-Matrix-animation-input-array" count="29"><param name="TIME" type="float"/></accessor></technique_common></source><source id="mixamorig_Spine-Matrix-animation-output-transform"><float_array id="mixamorig_Spine-Matrix-animation-output-transform-array" count="464">

0.998586 -0.045861 0.026868 0.005100 0.047346 0.997220 -0.057533 8.712000 -0.024154 0.058724 0.997982 -0.691000 0.000000 0.000000 0.000000 1.000000
0.998846 -0.042183 0.022959 0.005100 0.043487 0.997274 -0.059618 8.712000 -0.020381 0.060548 0.997957 -0.691000 0.000000 0.000000 0.000000 1.000000
0.999114 -0.037116 0.019859 0.005100 0.038281 0.997347 -0.061921 8.712000 -0.017508 0.062627 0.997883 -0.691000 0.000000 0.000000 0.000000 1.000000
0.999213 -0.035864 0.016943 0.005100 0.036882 0.997257 -0.064178 8.712000 -0.014595 0.064752 0.997795 -0.691000 0.000000 0.000000 0.000000 1.000000
0.998985 -0.042824 0.013988 0.005100 0.043656 0.996870 -0.065905 8.712000 -0.011122 0.066448 0.997728 -0.691000 0.000000 0.000000 0.000000 1.000000
0.998591 -0.052003 0.010572 0.005100 0.052592 0.996406 -0.066399 8.712000 -0.007081 0.066861 0.997737 -0.691000 0.000000 0.000000 0.000000 1.000000
0.998378 -0.056595 0.006112 0.005100 0.056874 0.996254 -0.065148 8.712000 -0.002402 0.065390 0.997857 -0.691000 0.000000 0.000000 0.000000 1.000000
0.998369 -0.057050 0.002056 0.005100 0.057067 0.996427 -0.062270 8.712000 0.001504 0.062285 0.998057 -0.691000 0.000000 0.000000 0.000000 1.000000
0.998411 -0.056351 0.000496 0.005100 0.056283 0.996685 -0.058742 8.712000 0.002816 0.058677 0.998273 -0.691000 0.000000 0.000000 0.000000 1.000000
0.998456 -0.055538 -0.000514 0.005100 0.055423 0.996897 -0.055905 8.712000 0.003618 0.055790 0.998436 -0.691000 0.000000 0.000000 0.000000 1.000000
0.998423 -0.056018 -0.003717 0.005100 0.055739 0.997003 -0.053657 8.712000 0.006712 0.053365 0.998553 -0.691000 0.000000 0.000000 0.000000 1.000000
0.998354 -0.056644 -0.008963 0.005100 0.056115 0.997120 -0.051025 8.712000 0.011828 0.050438 0.998657 -0.691000 0.000000 0.000000 0.000000 1.000000
0.998445 -0.054292 -0.012677 0.005100 0.053613 0.997364 -0.048893 8.712000 0.015298 0.048138 0.998724 -0.691000 0.000000 0.000000 0.000000 1.000000
0.998430 -0.054874 -0.011226 0.005100 0.054264 0.997330 -0.048867 8.712000 0.013877 0.048181 0.998742 -0.691000 0.000000 0.000000 0.000000 1.000000
0.998565 -0.053224 -0.006004 0.005100 0.052848 0.997285 -0.051289 8.712000 0.008718 0.050898 0.998666 -0.691000 0.000000 0.000000 0.000000 1.000000
0.998876 -0.047407 0.000392 0.005100 0.047357 0.997373 -0.054821 8.712000 0.002208 0.054778 0.998496 -0.691000 0.000000 0.000000 0.000000 1.000000
0.999262 -0.037757 0.007044 0.005100 0.038098 0.997638 -0.057150 8.712000 -0.004870 0.057376 0.998341 -0.691000 0.000000 0.000000 0.000000 1.000000
0.999394 -0.032766 0.011773 0.005100 0.033411 0.997665 -0.059559 8.712000 -0.009794 0.059917 0.998155 -0.691000 0.000000 0.000000 0.000000 1.000000
0.999383 -0.031593 0.015356 0.005100 0.032506 0.997459 -0.063395 8.712000 -0.013314 0.063855 0.997870 -0.691000 0.000000 0.000000 0.000000 1.000000
0.999399 -0.029491 0.018220 0.005100 0.030646 0.997299 -0.066751 8.712000 -0.016202 0.067269 0.997603 -0.691000 0.000000 0.000000 0.000000 1.000000
0.999352 -0.029633 0.020456 0.005100 0.030984 0.997121 -0.069211 8.712000 -0.018346 0.069800 0.997392 -0.691000 0.000000 0.000000 0.000000 1.000000
0.999174 -0.035028 0.020611 0.005100 0.036422 0.996765 -0.071644 8.712000 -0.018035 0.072335 0.997217 -0.691000 0.000000 0.000000 0.000000 1.000000
0.998813 -0.045091 0.018440 0.005100 0.046328 0.996233 -0.073302 8.712000 -0.015066 0.074069 0.997139 -0.691000 0.000000 0.000000 0.000000 1.000000
0.998201 -0.057852 0.015762 0.005100 0.058852 0.995603 -0.072877 8.712000 -0.011477 0.073674 0.997216 -0.691000 0.000000 0.000000 0.000000 1.000000
0.997754 -0.065345 0.014755 0.005100 0.066231 0.995290 -0.070795 8.712000 -0.010060 0.071613 0.997382 -0.691000 0.000000 0.000000 0.000000 1.000000
0.997769 -0.064589 0.016899 0.005100 0.065600 0.995500 -0.068380 8.712000 -0.012406 0.069336 0.997516 -0.691000 0.000000 0.000000 0.000000 1.000000
0.997992 -0.059813 0.020858 0.005100 0.061054 0.996012 -0.065062 8.712000 -0.016883 0.066204 0.997663 -0.691000 0.000000 0.000000 0.000000 1.000000
0.998409 -0.050589 0.024920 0.005100 0.052010 0.996836 -0.060116 8.712000 -0.021800 0.061316 0.997880 -0.691000 0.000000 0.000000 0.000000 1.000000
0.998592 -0.045749 0.026866 0.005100 0.047234 0.997225 -0.057536 8.712000 -0.024159 0.058724 0.997982 -0.691000 0.000000 0.000000 0.000000 1.000000</float_array><technique_common><accessor source="#mixamorig_Spine-Matrix-animation-output-transform-array" count="29" stride="16"><param type="float4x4"/></accessor></technique_common></source><source id="mixamorig_Spine-Interpolations"><Name_array id="mixamorig_Spine-Interpolations-array" count="29">
 LINEAR LINEAR LINEAR LINEAR LINEAR LINEAR LINEAR LINEAR LINEAR LINEAR LINEAR
LINEAR LINEAR LINEAR LINEAR LINEAR LINEAR LINEAR LINEAR LINEAR LINEAR LINEAR LINEAR
LINEAR LINEAR LINEAR LINEAR LINEAR LINEAR</Name_array><technique_common><accessor source="#mixamorig_Spine-Interpolations-array" count="29"><param type="name"/></accessor></technique_common></source><sampler id="mixamorig_Spine-Matrix-animation-transform"><input semantic="INPUT" source="#mixamorig_Spine-Matrix-animation-input"/><input semantic="OUTPUT" source="#mixamorig_Spine-Matrix-animation-output-transform"/><input semantic="INTERPOLATION" source="#mixamorig_Spine-Interpolations"/></sampler><channel source="#mixamorig_Spine-Matrix-animation-transform" target="mixamorig_Spine/matrix"/></animation>
    <animation id="mixamorig_Spine1-anim" name="mixamorig_Spine1"><source id="mixamorig_Spine1-Matrix-animation-input"><float_array id="mixamorig_Spine1-Matrix-animation-input-array" count="29">

0.000000 0.033333 0.066667 0.100000 0.133333 0.166667 0.200000 0.233333 0.266667 0.300000 0.333333 0.366667 0.400000 0.433333 0.466667 0.500000
0.533333 0.566667 0.600000 0.633333 0.666667 0.700000 0.733333 0.766667 0.800000 0.833333 0.866667 0.900000 0.933333</float_array><technique_common><accessor source="#mixamorig_Spine1-Matrix-animation-input-array" count="29"><param name="TIME" type="float"/></accessor></technique_common></source><source id="mixamorig_Spine1-Matrix-animation-output-transform"><float_array id="mixamorig_Spine1-Matrix-animation-output-transform-array" count="464">

0.999615 -0.027098 0.005925 -0.009200 0.027212 0.999428 -0.020103 8.660300 -0.005377 0.020256 0.999780 -1.275000 0.000000 0.000000 0.000000 1.000000
0.999629 -0.027053 0.003229 -0.009200 0.027117 0.999395 -0.021785 8.660300 -0.002638 0.021864 0.999757 -1.275000 0.000000 0.000000 0.000000 1.000000
0.999686 -0.025014 0.001198 -0.009200 0.025035 0.999410 -0.023528 8.660300 -0.000609 0.023551 0.999722 -1.275000 0.000000 0.000000 0.000000 1.000000
0.999770 -0.021411 -0.001267 -0.009200 0.021372 0.999449 -0.025398 8.660300 0.001810 0.025365 0.999677 -1.275000 0.000000 0.000000 0.000000 1.000000
0.999839 -0.017302 -0.004688 -0.009200 0.017169 0.999483 -0.027178 8.660300 0.005156 0.027093 0.999620 -1.275000 0.000000 0.000000 0.000000 1.000000
0.999880 -0.012794 -0.008717 -0.009200 0.012546 0.999531 -0.027934 8.660300 0.009071 0.027821 0.999572 -1.275000 0.000000 0.000000 0.000000 1.000000
0.999888 -0.007303 -0.013054 -0.009200 0.006949 0.999613 -0.026953 8.660300 0.013246 0.026860 0.999551 -1.275000 0.000000 0.000000 0.000000 1.000000
0.999859 -0.000710 -0.016765 -0.009200 0.000300 0.999701 -0.024438 8.660300 0.016777 0.024430 0.999561 -1.275000 0.000000 0.000000 0.000000 1.000000
0.999807 0.006412 -0.018546 -0.009200 -0.006808 0.999749 -0.021351 8.660300 0.018405 0.021473 0.999600 -1.275000 0.000000 0.000000 0.000000 1.000000
0.999711 0.013359 -0.019990 -0.009200 -0.013734 0.999730 -0.018731 8.660300 0.019734 0.019000 0.999625 -1.275000 0.000000 0.000000 0.000000 1.000000
0.999525 0.020253 -0.023250 -0.009200 -0.020639 0.999651 -0.016488 8.660300 0.022908 0.016960 0.999594 -1.275000 0.000000 0.000000 0.000000 1.000000
0.999229 0.027602 -0.027928 -0.009200 -0.027998 0.999511 -0.013888 8.660300 0.027531 0.014659 0.999513 -1.275000 0.000000 0.000000 0.000000 1.000000
0.998936 0.033848 -0.031318 -0.009200 -0.034230 0.999345 -0.011743 8.660300 0.030900 0.012803 0.999440 -1.275000 0.000000 0.000000 0.000000 1.000000
0.998791 0.038448 -0.030615 -0.009200 -0.038817 0.999180 -0.011529 8.660300 0.030147 0.012703 0.999465 -1.275000 0.000000 0.000000 0.000000 1.000000
0.998652 0.044415 -0.026849 -0.009200 -0.044791 0.998905 -0.013541 8.660300 0.026218 0.014725 0.999548 -1.275000 0.000000 0.000000 0.000000 1.000000
0.998405 0.051988 -0.022029 -0.009200 -0.052360 0.998489 -0.016659 8.660300 0.021130 0.017786 0.999619 -1.275000 0.000000 0.000000 0.000000 1.000000
0.998141 0.058637 -0.016622 -0.009200 -0.058948 0.998083 -0.018877 8.660300 0.015483 0.019822 0.999684 -1.275000 0.000000 0.000000 0.000000 1.000000
0.998032 0.061475 -0.012400 -0.009200 -0.061726 0.997871 -0.021037 8.660300 0.011081 0.021761 0.999702 -1.275000 0.000000 0.000000 0.000000 1.000000
0.998050 0.061509 -0.010606 -0.009200 -0.061752 0.997797 -0.024244 8.660300 0.009092 0.024852 0.999650 -1.275000 0.000000 0.000000 0.000000 1.000000
0.998129 0.060564 -0.008402 -0.009200 -0.060771 0.997785 -0.027065 8.660300 0.006745 0.027524 0.999598 -1.275000 0.000000 0.000000 0.000000 1.000000
0.998352 0.057278 -0.003465 -0.009200 -0.057355 0.997929 -0.029125 8.660300 0.001789 0.029276 0.999570 -1.275000 0.000000 0.000000 0.000000 1.000000
0.998696 0.051043 -0.000980 -0.009200 -0.051049 0.998224 -0.030701 8.660300 -0.000589 0.030711 0.999528 -1.275000 0.000000 0.000000 0.000000 1.000000
0.999049 0.043431 -0.003754 -0.009200 -0.043527 0.998566 -0.031153 8.660300 0.002395 0.031287 0.999508 -1.275000 0.000000 0.000000 0.000000 1.000000
0.999387 0.034353 -0.006782 -0.009200 -0.034541 0.998956 -0.029904 8.660300 0.005747 0.030120 0.999530 -1.275000 0.000000 0.000000 0.000000 1.000000
0.999697 0.024273 -0.004131 -0.009200 -0.024379 0.999314 -0.027876 8.660300 0.003452 0.027968 0.999603 -1.275000 0.000000 0.000000 0.000000 1.000000
0.999946 0.009321 0.004515 -0.009200 -0.009198 0.999606 -0.026535 8.660300 -0.004761 0.026492 0.999638 -1.275000 0.000000 0.000000 0.000000 1.000000
0.999925 -0.007696 0.009478 -0.009200 0.007929 0.999660 -0.024841 8.660300 -0.009283 0.024914 0.999646 -1.275000 0.000000 0.000000 0.000000 1.000000
0.999746 -0.021173 0.007727 -0.009200 0.021337 0.999536 -0.021741 8.660300 -0.007264 0.021901 0.999734 -1.275000 0.000000 0.000000 0.000000 1.000000
0.999615 -0.027098 0.005924 -0.009200 0.027212 0.999428 -0.020103 8.660300 -0.005376 0.020256 0.999780 -1.275000 0.000000 0.000000 0.000000 1.000000</float_array><technique_common><accessor source="#mixamorig_Spine1-Matrix-animation-output-transform-array" count="29" stride="16"><param type="float4x4"/></accessor></technique_common></source><source id="mixamorig_Spine1-Interpolations"><Name_array id="mixamorig_Spine1-Interpolations-array" count="29">
 LINEAR LINEAR LINEAR LINEAR LINEAR LINEAR LINEAR LINEAR LINEAR LINEAR LINEAR
LINEAR LINEAR LINEAR LINEAR LINEAR LINEAR LINEAR LINEAR LINEAR LINEAR LINEAR LINEAR
LINEAR LINEAR LINEAR LINEAR LINEAR LINEAR</Name_array><technique_common><accessor source="#mixamorig_Spine1-Interpolations-array" count="29"><param type="name"/></accessor></technique_common></source><sampler id="mixamorig_Spine1-Matrix-animation-transform"><input semantic="INPUT" source="#mixamorig_Spine1-Matrix-animation-input"/><input semantic="OUTPUT" source="#mixamorig_Spine1-Matrix-animation-output-transform"/><input semantic="INTERPOLATION" source="#mixamorig_Spine1-Interpolations"/></sampler><channel source="#mixamorig_Spine1-Matrix-animation-transform" target="mixamorig_Spine1/matrix"/></animation>
    <animation id="mixamorig_Spine2-anim" name="mixamorig_Spine2"><source id="mixamorig_Spine2-Matrix-animation-input"><float_array id="mixamorig_Spine2-Matrix-animation-input-array" count="29">

0.000000 0.033333 0.066667 0.100000 0.133333 0.166667 0.200000 0.233333 0.266667 0.300000 0.333333 0.366667 0.400000 0.433333 0.466667 0.500000
0.533333 0.566667 0.600000 0.633333 0.666667 0.700000 0.733333 0.766667 0.800000 0.833333 0.866667 0.900000 0.933333</float_array><technique_common><accessor source="#mixamorig_Spine2-Matrix-animation-input-array" count="29"><param name="TIME" type="float"/></accessor></technique_common></source><source id="mixamorig_Spine2-Matrix-animation-output-transform"><float_array id="mixamorig_Spine2-Matrix-animation-output-transform-array" count="464">

0.999611 -0.027151 0.006310 0.006300 0.027271 0.999435 -0.019651 9.852500 -0.005773 0.019815 0.999787 -1.857000 0.000000 0.000000 0.000000 1.000000
0.999606 -0.027822 0.003582 0.006300 0.027892 0.999385 -0.021264 9.852500 -0.002988 0.021356 0.999767 -1.857000 0.000000 0.000000 0.000000 1.000000
0.999609 -0.027914 0.001661 0.006300 0.027945 0.999346 -0.022938 9.852500 -0.001020 0.022976 0.999736 -1.857000 0.000000 0.000000 0.000000 1.000000
0.999618 -0.027619 -0.000525 0.006300 0.027597 0.999313 -0.024749 9.852500 0.001208 0.024725 0.999694 -1.857000 0.000000 0.000000 0.000000 1.000000
0.999608 -0.027774 -0.003507 0.006300 0.027672 0.999266 -0.026488 9.852500 0.004240 0.026381 0.999643 -1.857000 0.000000 0.000000 0.000000 1.000000
0.999574 -0.028328 -0.006985 0.006300 0.028129 0.999234 -0.027215 9.852500 0.007751 0.027007 0.999605 -1.857000 0.000000 0.000000 0.000000 1.000000
0.999535 -0.028547 -0.010709 0.006300 0.028258 0.999257 -0.026200 9.852500 0.011449 0.025885 0.999599 -1.857000 0.000000 0.000000 0.000000 1.000000
0.999509 -0.028139 -0.013759 0.006300 0.027809 0.999333 -0.023656 9.852500 0.014416 0.023262 0.999625 -1.857000 0.000000 0.000000 0.000000 1.000000
0.999511 -0.027505 -0.014860 0.006300 0.027197 0.999419 -0.020554 9.852500 0.015416 0.020140 0.999678 -1.857000 0.000000 0.000000 0.000000 1.000000
0.999510 -0.027127 -0.015631 0.006300 0.026846 0.999479 -0.017925 9.852500 0.016109 0.017497 0.999717 -1.857000 0.000000 0.000000 0.000000 1.000000
0.999479 -0.026643 -0.018223 0.006300 0.026358 0.999530 -0.015675 9.852500 0.018632 0.015186 0.999711 -1.857000 0.000000 0.000000 0.000000 1.000000
0.999431 -0.025368 -0.022213 0.006300 0.025081 0.999600 -0.013071 9.852500 0.022536 0.012506 0.999668 -1.857000 0.000000 0.000000 0.000000 1.000000
0.999383 -0.024735 -0.024948 0.006300 0.024469 0.999641 -0.010918 9.852500 0.025209 0.010301 0.999629 -1.857000 0.000000 0.000000 0.000000 1.000000
0.999404 -0.025126 -0.023658 0.006300 0.024879 0.999633 -0.010694 9.852500 0.023918 0.010099 0.999663 -1.857000 0.000000 0.000000 0.000000 1.000000
0.999540 -0.023304 -0.019392 0.006300 0.023061 0.999654 -0.012691 9.852500 0.019681 0.012238 0.999731 -1.857000 0.000000 0.000000 0.000000 1.000000
0.999723 -0.018804 -0.014177 0.006300 0.018579 0.999702 -0.015828 9.852500 0.014471 0.015560 0.999774 -1.857000 0.000000 0.000000 0.000000 1.000000
0.999867 -0.013950 -0.008452 0.006300 0.013795 0.999741 -0.018124 9.852500 0.008703 0.018005 0.999800 -1.857000 0.000000 0.000000 0.000000 1.000000
0.999927 -0.011414 -0.004075 0.006300 0.011329 0.999729 -0.020339 9.852500 0.004306 0.020292 0.999785 -1.857000 0.000000 0.000000 0.000000 1.000000
0.999949 -0.009788 -0.002469 0.006300 0.009727 0.999675 -0.023562 9.852500 0.002699 0.023537 0.999719 -1.857000 0.000000 0.000000 0.000000 1.000000
0.999980 -0.006269 -0.000908 0.006300 0.006243 0.999632 -0.026407 9.852500 0.001073 0.026401 0.999651 -1.857000 0.000000 0.000000 0.000000 1.000000
0.999992 -0.002695 0.002990 0.006300 0.002779 0.999590 -0.028486 9.852500 -0.002912 0.028494 0.999590 -1.857000 0.000000 0.000000 0.000000 1.000000
0.999991 -0.000519 0.004325 0.006300 0.000650 0.999538 -0.030378 9.852500 -0.004308 0.030380 0.999529 -1.857000 0.000000 0.000000 0.000000 1.000000
0.999999 0.001135 0.000573 0.006300 -0.001116 0.999506 -0.031398 9.852500 -0.000608 0.031397 0.999507 -1.857000 0.000000 0.000000 0.000000 1.000000
0.999993 0.001694 -0.003299 0.006300 -0.001794 0.999533 -0.030516 9.852500 0.003246 0.030521 0.999529 -1.857000 0.000000 0.000000 0.000000 1.000000
0.999998 0.001074 -0.001578 0.006300 -0.001118 0.999594 -0.028465 9.852500 0.001547 0.028467 0.999594 -1.857000 0.000000 0.000000 0.000000 1.000000
0.999968 -0.005156 0.006153 0.006300 0.005319 0.999627 -0.026778 9.852500 -0.006013 0.026810 0.999622 -1.857000 0.000000 0.000000 0.000000 1.000000
0.999828 -0.015288 0.010485 0.006300 0.015544 0.999573 -0.024750 9.852500 -0.010102 0.024909 0.999639 -1.857000 0.000000 0.000000 0.000000 1.000000
0.999689 -0.023505 0.008295 0.006300 0.023678 0.999490 -0.021410 9.852500 -0.007788 0.021599 0.999736 -1.857000 0.000000 0.000000 0.000000 1.000000
0.999611 -0.027151 0.006310 0.006300 0.027271 0.999435 -0.019651 9.852500 -0.005773 0.019815 0.999787 -1.857000 0.000000 0.000000 0.000000 1.000000</float_array><technique_common><accessor source="#mixamorig_Spine2-Matrix-animation-output-transform-array" count="29" stride="16"><param type="float4x4"/></accessor></technique_common></source><source id="mixamorig_Spine2-Interpolations"><Name_array id="mixamorig_Spine2-Interpolations-array" count="29">
 LINEAR LINEAR LINEAR LINEAR LINEAR LINEAR LINEAR LINEAR LINEAR LINEAR LINEAR
LINEAR LINEAR LINEAR LINEAR LINEAR LINEAR LINEAR LINEAR LINEAR LINEAR LINEAR LINEAR
LINEAR LINEAR LINEAR LINEAR LINEAR LINEAR</Name_array><technique_common><accessor source="#mixamorig_Spine2-Interpolations-array" count="29"><param type="name"/></accessor></technique_common></source><sampler id="mixamorig_Spine2-Matrix-animation-transform"><input semantic="INPUT" source="#mixamorig_Spine2-Matrix-animation-input"/><input semantic="OUTPUT" source="#mixamorig_Spine2-Matrix-animation-output-transform"/><input semantic="INTERPOLATION" source="#mixamorig_Spine2-Interpolations"/></sampler><channel source="#mixamorig_Spine2-Matrix-animation-transform" target="mixamorig_Spine2/matrix"/></animation>
    <animation id="mixamorig_Neck-anim" name="mixamorig_Neck"><source id="mixamorig_Neck-Matrix-animation-input"><float_array id="mixamorig_Neck-Matrix-animation-input-array" count="29">

0.000000 0.033333 0.066667 0.100000 0.133333 0.166667 0.200000 0.233333 0.266667 0.300000 0.333333 0.366667 0.400000 0.433333 0.466667 0.500000
0.533333 0.566667 0.600000 0.633333 0.666667 0.700000 0.733333 0.766667 0.800000 0.833333 0.866667 0.900000 0.933333</float_array><technique_common><accessor source="#mixamorig_Neck-Matrix-animation-input-array" count="29"><param name="TIME" type="float"/></accessor></technique_common></source><source id="mixamorig_Neck-Matrix-animation-output-transform"><float_array id="mixamorig_Neck-Matrix-animation-output-transform-array" count="464">

0.999968 -0.007936 -0.001378 0.016300 0.007762 0.995152 -0.098040 11.420800 0.002149 0.098026 0.995182 -0.263300 0.000000 0.000000 0.000000 1.000000
0.999826 -0.013753 -0.012567 0.016300 0.012485 0.995305 -0.095980 11.420800 0.013828 0.095807 0.995304 -0.263300 0.000000 0.000000 0.000000 1.000000
0.999126 -0.023637 -0.034485 0.016300 0.020119 0.994881 -0.099032 11.420800 0.036649 0.098252 0.994486 -0.263300 0.000000 0.000000 0.000000 1.000000
0.997432 -0.035069 -0.062443 0.016300 0.028238 0.993847 -0.107105 11.420800 0.065815 0.105067 0.992285 -0.263300 0.000000 0.000000 0.000000 1.000000
0.994654 -0.046043 -0.092427 0.016300 0.034994 0.992422 -0.117787 11.420800 0.097150 0.113923 0.988728 -0.263300 0.000000 0.000000 0.000000 1.000000
0.991266 -0.054303 -0.120181 0.016300 0.038738 0.990984 -0.128255 11.420800 0.126063 0.122479 0.984432 -0.263300 0.000000 0.000000 0.000000 1.000000
0.988205 -0.059309 -0.141182 0.016300 0.039894 0.989826 -0.136574 11.420800 0.147846 0.129331 0.980518 -0.263300 0.000000 0.000000 0.000000 1.000000
0.986460 -0.061378 -0.152086 0.016300 0.039780 0.989183 -0.141188 11.420800 0.159107 0.133227 0.978231 -0.263300 0.000000 0.000000 0.000000 1.000000
0.985442 -0.062456 -0.158123 0.016300 0.039700 0.988900 -0.143182 11.420800 0.165310 0.134820 0.976983 -0.263300 0.000000 0.000000 0.000000 1.000000
0.985081 -0.063193 -0.160071 0.016300 0.040118 0.988839 -0.143487 11.420800 0.167352 0.134924 0.976621 -0.263300 0.000000 0.000000 0.000000 1.000000
0.985346 -0.063356 -0.158365 0.016300 0.040493 0.988801 -0.143639 11.420800 0.165692 0.135121 0.976877 -0.263300 0.000000 0.000000 0.000000 1.000000
0.986008 -0.062910 -0.154374 0.016300 0.040451 0.988672 -0.144538 11.420800 0.161718 0.136271 0.977383 -0.263300 0.000000 0.000000 0.000000 1.000000
0.986837 -0.062316 -0.149228 0.016300 0.040509 0.988610 -0.144948 11.420800 0.156561 0.136995 0.978121 -0.263300 0.000000 0.000000 0.000000 1.000000
0.987871 -0.060415 -0.143039 0.016300 0.039788 0.988936 -0.142909 11.420800 0.150090 0.135485 0.979345 -0.263300 0.000000 0.000000 0.000000 1.000000
0.989250 -0.055081 -0.135463 0.016300 0.036092 0.989657 -0.138839 11.420800 0.141710 0.132458 0.981006 -0.263300 0.000000 0.000000 0.000000 1.000000
0.990836 -0.048517 -0.126057 0.016300 0.031297 0.990330 -0.135154 11.420800 0.131395 0.129971 0.982773 -0.263300 0.000000 0.000000 0.000000 1.000000
0.992427 -0.044358 -0.114550 0.016300 0.028939 0.990704 -0.132921 11.420800 0.119381 0.128599 0.984485 -0.263300 0.000000 0.000000 0.000000 1.000000
0.993987 -0.040875 -0.101580 0.016300 0.027475 0.991136 -0.129980 11.420800 0.105992 0.126407 0.986300 -0.263300 0.000000 0.000000 0.000000 1.000000
0.995480 -0.035186 -0.088215 0.016300 0.023979 0.991864 -0.125025 11.420800 0.091897 0.122345 0.988224 -0.263300 0.000000 0.000000 0.000000 1.000000
0.996813 -0.027446 -0.074909 0.016300 0.018392 0.992726 -0.118979 11.420800 0.077629 0.117222 0.990067 -0.263300 0.000000 0.000000 0.000000 1.000000
0.997889 -0.019636 -0.061904 0.016300 0.012575 0.993577 -0.112459 11.420800 0.063715 0.111443 0.991726 -0.263300 0.000000 0.000000 0.000000 1.000000
0.998692 -0.012463 -0.049579 0.016300 0.007140 0.994327 -0.106125 11.420800 0.050620 0.105632 0.993116 -0.263300 0.000000 0.000000 0.000000 1.000000
0.999249 -0.006329 -0.038238 0.016300 0.002413 0.994821 -0.101612 11.420800 0.038683 0.101443 0.994089 -0.263300 0.000000 0.000000 0.000000 1.000000
0.999603 -0.001944 -0.028092 0.016300 -0.000856 0.995053 -0.099340 11.420800 0.028146 0.099325 0.994657 -0.263300 0.000000 0.000000 0.000000 1.000000
0.999813 0.000756 -0.019348 0.016300 -0.002653 0.995162 -0.098215 11.420800 0.019181 0.098248 0.994977 -0.263300 0.000000 0.000000 0.000000 1.000000
0.999923 0.001222 -0.012310 0.016300 -0.002426 0.995161 -0.098229 11.420800 0.012130 0.098251 0.995088 -0.263300 0.000000 0.000000 0.000000 1.000000
0.999972 -0.001236 -0.007366 0.016300 0.000502 0.995099 -0.098882 11.420800 0.007452 0.098876 0.995072 -0.263300 0.000000 0.000000 0.000000 1.000000
0.999979 -0.005586 -0.003234 0.016300 0.005241 0.995130 -0.098427 11.420800 0.003768 0.098408 0.995139 -0.263300 0.000000 0.000000 0.000000 1.000000
0.999968 -0.007936 -0.001378 0.016300 0.007762 0.995152 -0.098040 11.420800 0.002149 0.098026 0.995182 -0.263300 0.000000 0.000000 0.000000 1.000000</float_array><technique_common><accessor source="#mixamorig_Neck-Matrix-animation-output-transform-array" count="29" stride="16"><param type="float4x4"/></accessor></technique_common></source><source id="mixamorig_Neck-Interpolations"><Name_array id="mixamorig_Neck-Interpolations-array" count="29">
 LINEAR LINEAR LINEAR LINEAR LINEAR LINEAR LINEAR LINEAR LINEAR LINEAR LINEAR
LINEAR LINEAR LINEAR LINEAR LINEAR LINEAR LINEAR LINEAR LINEAR LINEAR LINEAR LINEAR
LINEAR LINEAR LINEAR LINEAR LINEAR LINEAR</Name_array><technique_common><accessor source="#mixamorig_Neck-Interpolations-array" count="29"><param type="name"/></accessor></technique_common></source><sampler id="mixamorig_Neck-Matrix-animation-transform"><input semantic="INPUT" source="#mixamorig_Neck-Matrix-animation-input"/><input semantic="OUTPUT" source="#mixamorig_Neck-Matrix-animation-output-transform"/><input semantic="INTERPOLATION" source="#mixamorig_Neck-Interpolations"/></sampler><channel source="#mixamorig_Neck-Matrix-animation-transform" target="mixamorig_Neck/matrix"/></animation>
    <animation id="mixamorig_Head-anim" name="mixamorig_Head"><source id="mixamorig_Head-Matrix-animation-input"><float_array id="mixamorig_Head-Matrix-animation-input-array" count="29">

0.000000 0.033333 0.066667 0.100000 0.133333 0.166667 0.200000 0.233333 0.266667 0.300000 0.333333 0.366667 0.400000 0.433333 0.466667 0.500000
0.533333 0.566667 0.600000 0.633333 0.666667 0.700000 0.733333 0.766667 0.800000 0.833333 0.866667 0.900000 0.933333</float_array><technique_common><accessor source="#mixamorig_Head-Matrix-animation-input-array" count="29"><param name="TIME" type="float"/></accessor></technique_common></source><source id="mixamorig_Head-Matrix-animation-output-transform"><float_array id="mixamorig_Head-Matrix-animation-output-transform-array" count="464">

0.999711 0.001406 0.024009 -0.019200 -0.004554 0.991295 0.131584 9.262400 -0.023615 -0.131656 0.991014 2.362500 0.000000 0.000000 0.000000 1.000000
0.999888 -0.007847 -0.012751 -0.019200 0.009530 0.990415 0.137798 9.262400 0.011547 -0.137904 0.990378 2.362500 0.000000 0.000000 0.000000 1.000000
0.997258 -0.022344 -0.070547 -0.019200 0.031691 0.990434 0.134298 9.262400 0.066872 -0.136165 0.988427 2.362500 0.000000 0.000000 0.000000 1.000000
0.989387 -0.039681 -0.139783 -0.019200 0.056901 0.990967 0.121439 9.262400 0.133702 -0.128104 0.982707 2.362500 0.000000 0.000000 0.000000 1.000000
0.975599 -0.056545 -0.212155 -0.019200 0.078593 0.992179 0.096972 9.262400 0.205012 -0.111279 0.972413 2.362500 0.000000 0.000000 0.000000 1.000000
0.957218 -0.072721 -0.280082 -0.019200 0.094192 0.993497 0.063962 9.262400 0.273609 -0.087607 0.957843 2.362500 0.000000 0.000000 0.000000 1.000000
0.938109 -0.087651 -0.335064 -0.019200 0.104466 0.993999 0.032457 9.262400 0.330208 -0.065451 0.941636 2.362500 0.000000 0.000000 0.000000 1.000000
0.923383 -0.100209 -0.370570 -0.019200 0.112367 0.993602 0.011307 9.262400 0.367066 -0.052081 0.928736 2.362500 0.000000 0.000000 0.000000 1.000000
0.911480 -0.112705 -0.395602 -0.019200 0.121292 0.992611 -0.003329 9.262400 0.393055 -0.044949 0.918416 2.362500 0.000000 0.000000 0.000000 1.000000
0.904115 -0.123746 -0.408978 -0.019200 0.130256 0.991408 -0.012020 9.262400 0.406951 -0.042404 0.912465 2.362500 0.000000 0.000000 0.000000 1.000000
0.901638 -0.131852 -0.411903 -0.019200 0.137430 0.990379 -0.016196 9.262400 0.410076 -0.042005 0.911084 2.362500 0.000000 0.000000 0.000000 1.000000
0.901594 -0.137520 -0.410143 -0.019200 0.142413 0.989630 -0.018764 9.262400 0.408470 -0.041492 0.911828 2.362500 0.000000 0.000000 0.000000 1.000000
0.902233 -0.141021 -0.407541 -0.019200 0.145368 0.989166 -0.020458 9.262400 0.406011 -0.040785 0.912958 2.362500 0.000000 0.000000 0.000000 1.000000
0.903404 -0.142861 -0.404292 -0.019200 0.147026 0.988912 -0.020908 9.262400 0.402796 -0.040553 0.914391 2.362500 0.000000 0.000000 0.000000 1.000000
0.904824 -0.144551 -0.400499 -0.019200 0.149352 0.988594 -0.019390 9.262400 0.398733 -0.042271 0.916092 2.362500 0.000000 0.000000 0.000000 1.000000
0.907598 -0.147680 -0.393009 -0.019200 0.154649 0.987869 -0.014071 9.262400 0.390320 -0.048008 0.919427 2.362500 0.000000 0.000000 0.000000 1.000000
0.914375 -0.150754 -0.375754 -0.019200 0.160793 0.986977 -0.004699 9.262400 0.371568 -0.056122 0.926708 2.362500 0.000000 0.000000 0.000000 1.000000
0.925841 -0.146969 -0.348164 -0.019200 0.159322 0.987202 0.006946 9.262400 0.342687 -0.061901 0.937408 2.362500 0.000000 0.000000 0.000000 1.000000
0.939770 -0.133089 -0.314831 -0.019200 0.146231 0.989080 0.018383 9.262400 0.308947 -0.063314 0.948970 2.362500 0.000000 0.000000 0.000000 1.000000
0.953303 -0.114606 -0.279427 -0.019200 0.127943 0.991331 0.029904 9.262400 0.273578 -0.064258 0.959701 2.362500 0.000000 0.000000 0.000000 1.000000
0.965299 -0.095560 -0.243034 -0.019200 0.109894 0.992874 0.046093 9.262400 0.236898 -0.071202 0.968922 2.362500 0.000000 0.000000 0.000000 1.000000
0.975604 -0.076096 -0.205928 -0.019200 0.091533 0.993580 0.066490 9.262400 0.199546 -0.083717 0.976306 2.362500 0.000000 0.000000 0.000000 1.000000
0.983974 -0.057985 -0.168618 -0.019200 0.073124 0.993694 0.085003 9.262400 0.162626 -0.095971 0.982009 2.362500 0.000000 0.000000 0.000000 1.000000
0.990460 -0.042554 -0.131063 -0.019200 0.055725 0.993573 0.098528 9.262400 0.126028 -0.104891 0.986466 2.362500 0.000000 0.000000 0.000000 1.000000
0.995143 -0.029815 -0.093819 -0.019200 0.039935 0.993359 0.107905 9.262400 0.089978 -0.111128 0.989724 2.362500 0.000000 0.000000 0.000000 1.000000
0.998111 -0.020732 -0.057833 -0.019200 0.027249 0.993076 0.114268 9.262400 0.055064 -0.115628 0.991765 2.362500 0.000000 0.000000 0.000000 1.000000
0.999614 -0.013174 -0.024470 -0.019200 0.016019 0.992651 0.119947 9.262400 0.022710 -0.120293 0.992479 2.362500 0.000000 0.000000 0.000000 1.000000
0.999959 -0.003507 0.008408 -0.019200 0.002404 0.991806 0.127732 9.262400 -0.008787 -0.127707 0.991773 2.362500 0.000000 0.000000 0.000000 1.000000
0.999711 0.001406 0.024008 -0.019200 -0.004554 0.991295 0.131584 9.262400 -0.023614 -0.131656 0.991014 2.362500 0.000000 0.000000 0.000000 1.000000</float_array><technique_common><accessor source="#mixamorig_Head-Matrix-animation-output-transform-array" count="29" stride="16"><param type="float4x4"/></accessor></technique_common></source><source id="mixamorig_Head-Interpolations"><Name_array id="mixamorig_Head-Interpolations-array" count="29">
 LINEAR LINEAR LINEAR LINEAR LINEAR LINEAR LINEAR LINEAR LINEAR LINEAR LINEAR
LINEAR LINEAR LINEAR LINEAR LINEAR LINEAR LINEAR LINEAR LINEAR LINEAR LINEAR LINEAR
LINEAR LINEAR LINEAR LINEAR LINEAR LINEAR</Name_array><technique_common><accessor source="#mixamorig_Head-Interpolations-array" count="29"><param type="name"/></accessor></technique_common></source><sampler id="mixamorig_Head-Matrix-animation-transform"><input semantic="INPUT" source="#mixamorig_Head-Matrix-animation-input"/><input semantic="OUTPUT" source="#mixamorig_Head-Matrix-animation-output-transform"/><input semantic="INTERPOLATION" source="#mixamorig_Head-Interpolations"/></sampler><channel source="#mixamorig_Head-Matrix-animation-transform" target="mixamorig_Head/matrix"/></animation>
    <animation id="mixamorig_LeftShoulder-anim" name="mixamorig_LeftShoulder"><source id="mixamorig_LeftShoulder-Matrix-animation-input"><float_array id="mixamorig_LeftShoulder-Matrix-animation-input-array" count="29">

0.000000 0.033333 0.066667 0.100000 0.133333 0.166667 0.200000 0.233333 0.266667 0.300000 0.333333 0.366667 0.400000 0.433333 0.466667 0.500000
0.533333 0.566667 0.600000 0.633333 0.666667 0.700000 0.733333 0.766667 0.800000 0.833333 0.866667 0.900000 0.933333</float_array><technique_common><accessor source="#mixamorig_LeftShoulder-Matrix-animation-input-array" count="29"><param name="TIME" type="float"/></accessor></technique_common></source><source id="mixamorig_LeftShoulder-Matrix-animation-output-transform"><float_array id="mixamorig_LeftShoulder-Matrix-animation-output-transform-array" count="464">

0.932156 0.203103 -0.299724 5.616900 -0.218193 0.975751 -0.017389 6.732200 0.288924 0.081607 0.953868 -0.345700 0.000000 0.000000 0.000000 1.000000
0.932692 0.198997 -0.300810 5.616900 -0.214293 0.976596 -0.018383 6.732200 0.290112 0.081607 0.953507 -0.345700 0.000000 0.000000 0.000000 1.000000
0.933394 0.195038 -0.301223 5.616900 -0.210499 0.977401 -0.019413 6.732200 0.290629 0.081527 0.953356 -0.345700 0.000000 0.000000 0.000000 1.000000
0.934223 0.192011 -0.300598 5.616900 -0.207509 0.978025 -0.020189 6.732200 0.290115 0.081238 0.953537 -0.345700 0.000000 0.000000 0.000000 1.000000
0.934973 0.190470 -0.299243 5.616900 -0.205902 0.978356 -0.020601 6.732200 0.288842 0.080876 0.953955 -0.345700 0.000000 0.000000 0.000000 1.000000
0.935397 0.190370 -0.297980 5.616900 -0.205701 0.978397 -0.020655 6.732200 0.287611 0.080616 0.954349 -0.345700 0.000000 0.000000 0.000000 1.000000
0.935496 0.191163 -0.297160 5.616900 -0.206407 0.978252 -0.020484 6.732200 0.286781 0.080499 0.954608 -0.345700 0.000000 0.000000 0.000000 1.000000
0.935581 0.192397 -0.296093 5.616900 -0.207521 0.978022 -0.020213 6.732200 0.285697 0.080356 0.954945 -0.345700 0.000000 0.000000 0.000000 1.000000
0.935995 0.194037 -0.293705 5.616900 -0.208924 0.977730 -0.019872 6.732200 0.283308 0.079962 0.955690 -0.345700 0.000000 0.000000 0.000000 1.000000
0.936804 0.195975 -0.289815 5.616900 -0.210499 0.977400 -0.019496 6.732200 0.279445 0.079270 0.956884 -0.345700 0.000000 0.000000 0.000000 1.000000
0.937762 0.197526 -0.285633 5.616900 -0.211678 0.977150 -0.019224 6.732200 0.275309 0.078490 0.958146 -0.345700 0.000000 0.000000 0.000000 1.000000
