<?xml version="1.0" encoding="utf-8"?>
<COLLADA xmlns="http://www.collada.org/2005/11/COLLADASchema" version="1.4.1">
  <asset><contributor><author>Mixamo</author><authoring_tool>COLLADA Mixamo exporter</authoring_tool><comments></comments></contributor><created>2018-12-18T20:59:16Z</created><modified>2018-12-18T20:59:16Z</modified><revision></revision><title></title><unit meter="0.010000"/><up_axis>Y_UP</up_axis></asset>
  <library_animations>
    <animation id="Hips-anim" name="Hips"><source id="Hips-Matrix-animation-input"><float_array id="Hips-Matrix-animation-input-array" count="29">

0.000000 0.033333 0.066667 0.100000 0.133333 0.166667 0.200000 0.233333 0.266667 0.300000 0.333333 0.366667 0.400000 0.433333 0.466667 0.500000
0.533333 0.566667 0.600000 0.633333 0.666667 0.700000 0.733333 0.766667 0.800000 0.833333 0.866667 0.900000 0.933333</float_array><technique_common><accessor source="#Hips-Matrix-animation-input-array" count="29"><param name="TIME" type="float"/></accessor></technique_common></source><source id="Hips-Matrix-animation-output-transform"><float_array id="Hips-Matrix-animation-output-transform-array" count="464">

0.992465 0.046603 0.113320 0.026671 -0.054232 0.996398 0.065193 95.575516 -0.109873 -0.070847 0.991417 0.006259 0.000000 0.000000 0.000000 1.000000
0.995963 0.049692 0.074752 0.611110 -0.054363 0.996607 0.061806 95.374176 -0.071427 -0.065620 0.995285 -0.377067 0.000000 0.000000 0.000000 1.000000
0.997895 0.052359 0.038257 2.012345 -0.054509 0.996856 0.057500 95.000854 -0.035126 -0.059464 0.997612 -1.154913 0.000000 0.000000 0.000000 1.000000
0.998513 0.054431 0.002858 3.874265 -0.054506 0.997121 0.052720 94.733604 0.000020 -0.052798 0.998605 -1.816925 0.000000 0.000000 0.000000 1.000000
0.997824 0.057432 -0.032376 5.850665 -0.055847 0.997290 0.047903 94.743759 0.035039 -0.045991 0.998327 -2.431742 0.000000 0.000000 0.000000 1.000000
0.995832 0.060218 -0.068505 7.510927 -0.057322 0.997408 0.043484 94.821342 0.070946 -0.039376 0.996703 -2.988158 0.000000 0.000000 0.000000 1.000000
0.992340 0.062554 -0.106532 8.738786 -0.058595 0.997484 0.039891 94.783333 0.108759 -0.033343 0.993509 -3.407833 0.000000 0.000000 0.000000 1.000000
0.986976 0.064405 -0.147415 9.712198 -0.059485 0.997523 0.037545 94.643623 0.149467 -0.028287 0.988362 -3.719659 0.000000 0.000000 0.000000 1.000000
0.979187 0.065619 -0.192058 10.449111 -0.059621 0.997541 0.036853 94.470253 0.194003 -0.024635 0.980691 -4.016270 0.000000 0.000000 0.000000 1.000000
0.968167 0.066858 -0.241211 10.956557 -0.059368 0.997505 0.038197 94.320702 0.243163 -0.022661 0.969721 -4.338117 0.000000 0.000000 0.000000 1.000000
0.950751 0.067937 -0.302420 11.215598 -0.057061 0.997371 0.044664 94.260925 0.304659 -0.025208 0.952128 -4.761747 0.000000 0.000000 0.000000 1.000000
0.929659 0.071260 -0.361464 11.129373 -0.055409 0.997000 0.054043 94.317566 0.364231 -0.030213 0.930818 -5.377053 0.000000 0.000000 0.000000 1.000000
0.906945 0.077397 -0.414077 10.742763 -0.056828 0.996470 0.061784 94.393044 0.417398 -0.032504 0.908142 -6.172706 0.000000 0.000000 0.000000 1.000000
0.876396 0.087149 -0.473640 10.337517 -0.062259 0.995740 0.068013 94.338181 0.477549 -0.030118 0.878089 -7.034640 0.000000 0.000000 0.000000 1.000000
0.833254 0.093705 -0.544892 10.004758 -0.062068 0.995157 0.076222 94.229805 0.549396 -0.029692 0.835035 -7.827003 0.000000 0.000000 0.000000 1.000000
0.773325 0.096349 -0.626646 9.676986 -0.054004 0.994804 0.086310 94.193939 0.631706 -0.032904 0.774510 -8.468810 0.000000 0.000000 0.000000 1.000000
0.689553 0.095234 -0.717947 9.372207 -0.040328 0.994828 0.093228 94.362175 0.723112 -0.035332 0.689827 -8.860443 0.000000 0.000000 0.000000 1.000000
0.583498 0.095392 -0.806493 9.070519 -0.028680 0.994878 0.096924 94.614037 0.811608 -0.033425 0.583246 -8.909185 0.000000 0.000000 0.000000 1.000000
0.464410 0.097455 -0.880242 8.667071 -0.018500 0.994778 0.100375 94.898178 0.885427 -0.030331 0.463787 -8.617610 0.000000 0.000000 0.000000 1.000000
0.354403 0.096973 -0.930051 8.104134 -0.010607 0.994961 0.099699 95.208817 0.935033 -0.025469 0.353645 -8.116091 0.000000 0.000000 0.000000 1.000000
0.279941 0.094791 -0.955326 7.386506 -0.010866 0.995362 0.095580 95.426094 0.959956 -0.016376 0.279673 -7.432944 0.000000 0.000000 0.000000 1.000000
0.220238 0.091920 -0.971106 6.466842 -0.013608 0.995743 0.091166 95.496262 0.975351 -0.006863 0.220551 -6.599010 0.000000 0.000000 0.000000 1.000000
0.166332 0.088459 -0.982094 5.336200 -0.017180 0.996077 0.086808 95.401840 0.985920 0.002434 0.167199 -5.619569 0.000000 0.000000 0.000000 1.000000
0.117122 0.084430 -0.989522 4.085161 -0.020531 0.996373 0.082584 95.128204 0.992905 0.010644 0.118430 -4.552194 0.000000 0.000000 0.000000 1.000000
0.071052 0.080216 -0.994242 2.903477 -0.025974 0.996572 0.078548 94.953712 0.997134 0.020243 0.072892 -3.498602 0.000000 0.000000 0.000000 1.000000
0.026787 0.075620 -0.996777 1.881203 -0.032302 0.996679 0.074745 95.064125 0.999119 0.030196 0.029141 -2.523483 0.000000 0.000000 0.000000 1.000000
-0.021499 0.070151 -0.997305 1.037464 -0.040265 0.996665 0.070974 95.282906 0.998958 0.041683 -0.018602 -1.541642 0.000000 0.000000 0.000000 1.000000
-0.080427 0.062880 -0.994775 0.316075 -0.049523 0.996524 0.066995 95.477287 0.995530 0.054652 -0.077033 -0.488748 0.000000 0.000000 0.000000 1.000000
-0.109987 0.058928 -0.992185 -0.011747 -0.054264 0.996396 0.065193 95.574272 0.992451 0.061011 -0.106393 0.024398 0.000000 0.000000 0.000000 1.000000</float_array><technique_common><accessor source="#Hips-Matrix-animation-output-transform-array" count="29" stride="16"><param type="float4x4"/></accessor></technique_common></source><source id="Hips-Interpolations"><Name_array id="Hips-Interpolations-array" count="29">
 LINEAR LINEAR LINEAR LINEAR LINEAR LINEAR LINEAR LINEAR LINEAR LINEAR LINEAR
LINEAR LINEAR LINEAR LINEAR LINEAR LINEAR LINEAR LINEAR LINEAR LINEAR LINEAR LINEAR
LINEAR LINEAR LINEAR LINEAR LINEAR LINEAR</Name_array><technique_common><accessor source="#Hips-Interpolations-array" count="29"><param type="name"/></accessor></technique_common></source><sampler id="Hips-Matrix-animation-transform"><input semantic="INPUT" source="#Hips-Matrix-animation-input"/><input semantic="OUTPUT" source="#Hips-Matrix-animation-output-transform"/><input semantic="INTERPOLATION" source="#Hips-Interpolations"/></sampler><channel source="#Hips-Matrix-animation-transform" target="Hips/matrix"/></animation>
    <animation id="Spine-anim" name="Spine"><source id="Spine-Matrix-animation-input"><float_array id="Spine-Matrix-animation-input-array" count="29">

0.000000 0.033333 0.066667 0.100000 0.133333 0.166667 0.200000 0.233333 0.266667 0.300000 0.333333 0.366667 0.400000 0.433333 0.466667 0.500000
0.533333 0.566667 0.600000 0.633333 0.666667 0.700000 0.733333 0.766667 0.800000 0.833333 0.866667 0.900000 0.933333</float_array><technique_common><accessor source="#Spine-Matrix-animation-input-array" count="29"><param name="TIME" type="float"/></accessor></technique_common></source><source id="Spine-Matrix-animation-output-transform"><float_array id="Spine-Matrix-animation-output-transform-array" count="464">

0.998743 -0.042391 0.026756 0.000000 0.043877 0.997373 -0.057631 9.226300 -0.024243 0.058732 0.997979 1.577100 0.000000 0.000000 0.000000 1.000000
0.998978 -0.039000 0.022833 0.000000 0.040303 0.997403 -0.059695 9.226300 -0.020445 0.060554 0.997955 1.577100 0.000000 0.000000 0.000000 1.000000
0.999220 -0.034217 0.019702 0.000000 0.035378 0.997450 -0.061982 9.226300 -0.017531 0.062630 0.997883 1.577100 0.000000 0.000000 0.000000 1.000000
0.999295 -0.033592 0.016795 -0.000000 0.034605 0.997336 -0.064218 9.226300 -0.014593 0.064754 0.997795 1.577100 0.000000 0.000000 0.000000 1.000000
0.999072 -0.040789 0.013833 0.000000 0.041616 0.996956 -0.065934 9.226300 -0.011101 0.066449 0.997728 1.577100 0.000000 0.000000 0.000000 1.000000
0.998693 -0.050048 0.010410 0.000000 0.050631 0.996506 -0.066421 9.226300 -0.007050 0.066861 0.997737 1.577100 0.000000 0.000000 0.000000 1.000000
0.998503 -0.054375 0.005949 0.000000 0.054648 0.996377 -0.065163 9.226300 -0.002384 0.065390 0.997857 1.577100 0.000000 0.000000 0.000000 1.000000
0.998509 -0.054549 0.001909 0.000000 0.054562 0.996566 -0.062276 9.226300 0.001495 0.062287 0.998057 1.577100 0.000000 0.000000 0.000000 1.000000
0.998559 -0.053664 0.000381 0.000000 0.053594 0.996833 -0.058744 9.226300 0.002773 0.058680 0.998273 1.577100 0.000000 0.000000 0.000000 1.000000
0.998608 -0.052743 -0.000607 -0.000000 0.052626 0.997048 -0.055905 9.226300 0.003554 0.055795 0.998436 1.577100 0.000000 0.000000 0.000000 1.000000
0.998587 -0.053002 -0.003775 -0.000000 0.052724 0.997167 -0.053647 9.226300 0.006607 0.053372 0.998553 1.577100 0.000000 0.000000 0.000000 1.000000
0.998536 -0.053328 -0.009007 -0.000000 0.052802 0.997302 -0.050998 9.226300 0.011702 0.050447 0.998658 1.577100 0.000000 0.000000 0.000000 1.000000
0.998630 -0.050746 -0.012749 0.000000 0.050067 0.997550 -0.048851 9.226300 0.015197 0.048146 0.998725 1.577100 0.000000 0.000000 0.000000 1.000000
0.998665 -0.050387 -0.011391 0.000000 0.049774 0.997567 -0.048821 9.226300 0.013823 0.048189 0.998743 1.577100 0.000000 0.000000 0.000000 1.000000
0.998850 -0.047537 -0.006281 -0.000000 0.047154 0.997571 -0.051262 9.226300 0.008703 0.050907 0.998666 1.577100 0.000000 0.000000 0.000000 1.000000
0.999206 -0.039843 -0.000025 0.000000 0.039782 0.997703 -0.054833 9.226300 0.002210 0.054788 0.998496 1.577100 0.000000 0.000000 0.000000 1.000000
0.999547 -0.029372 0.006579 -0.000000 0.029700 0.997920 -0.057219 9.226300 -0.004884 0.057388 0.998340 1.577100 0.000000 0.000000 0.000000 1.000000
0.999633 -0.024623 0.011329 0.000000 0.025257 0.997899 -0.059665 9.226300 -0.009837 0.059929 0.998154 1.577100 0.000000 0.000000 0.000000 1.000000
0.999588 -0.024488 0.014980 -0.000000 0.025393 0.997658 -0.063513 9.226300 -0.013389 0.063867 0.997869 1.577100 0.000000 0.000000 0.000000 1.000000
0.999556 -0.023825 0.017889 0.000000 0.024972 0.997450 -0.066862 9.226300 -0.016250 0.067279 0.997602 1.577100 0.000000 0.000000 0.000000 1.000000
0.999473 -0.025460 0.020152 0.000000 0.026800 0.997236 -0.069302 9.226300 -0.018332 0.069806 0.997392 1.577100 0.000000 0.000000 0.000000 1.000000
0.999290 -0.031739 0.020306 0.000000 0.033119 0.996875 -0.071716 9.226300 -0.017967 0.072338 0.997218 1.577100 0.000000 0.000000 0.000000 1.000000
0.998951 -0.042064 0.018117 0.000000 0.043286 0.996366 -0.073361 9.226300 -0.014965 0.074068 0.997141 1.577100 0.000000 0.000000 0.000000 1.000000
0.998315 -0.055910 0.015546 -0.000000 0.056899 0.995714 -0.072909 9.226300 -0.011403 0.073671 0.997217 1.577100 0.000000 0.000000 0.000000 1.000000
0.997846 -0.063953 0.014608 0.000000 0.064831 0.995380 -0.070816 9.226300 -0.010012 0.071610 0.997382 1.577100 0.000000 0.000000 0.000000 1.000000
0.997878 -0.062915 0.016763 0.000000 0.063921 0.995608 -0.068409 9.226300 -0.012386 0.069335 0.997517 1.577100 0.000000 0.000000 0.000000 1.000000
0.998144 -0.057268 0.020710 0.000000 0.058505 0.996161 -0.065117 9.226300 -0.016902 0.066208 0.997663 1.577100 0.000000 0.000000 0.000000 1.000000
0.998563 -0.047520 0.024792 0.000000 0.048939 0.996986 -0.060196 9.226300 -0.021857 0.061322 0.997879 1.577100 0.000000 0.000000 0.000000 1.000000
0.998744 -0.042353 0.026756 0.000000 0.043839 0.997375 -0.057632 9.226300 -0.024245 0.058732 0.997979 1.577100 0.000000 0.000000 0.000000 1.000000</float_array><technique_common><accessor source="#Spine-Matrix-animation-output-transform-array" count="29" stride="16"><param type="float4x4"/></accessor></technique_common></source><source id="Spine-Interpolations"><Name_array id="Spine-Interpolations-array" count="29">
 LINEAR LINEAR LINEAR LINEAR LINEAR LINEAR LINEAR LINEAR LINEAR LINEAR LINEAR
LINEAR LINEAR LINEAR LINEAR LINEAR LINEAR LINEAR LINEAR LINEAR LINEAR LINEAR LINEAR
LINEAR LINEAR LINEAR LINEAR LINEAR LINEAR</Name_array><technique_common><accessor source="#Spine-Interpolations-array" count="29"><param type="name"/></accessor></technique_common></source><sampler id="Spine-Matrix-animation-transform"><input semantic="INPUT" source="#Spine-Matrix-animation-input"/><input semantic="OUTPUT" source="#Spine-Matrix-animation-output-transform"/><input semantic="INTERPOLATION" source="#Spine-Interpolations"/></sampler><channel source="#Spine-Matrix-animation-transform" target="Spine/matrix"/></animation>
    <animation id="Spine1-anim" name="Spine1"><source id="Spine1-Matrix-animation-input"><float_array id="Spine1-Matrix-animation-input-array" count="29">

0.000000 0.033333 0.066667 0.100000 0.133333 0.166667 0.200000 0.233333 0.266667 0.300000 0.333333 0.366667 0.400000 0.433333 0.466667 0.500000
0.533333 0.566667 0.600000 0.633333 0.666667 0.700000 0.733333 0.766667 0.800000 0.833333 0.866667 0.900000 0.933333</float_array><technique_common><accessor source="#Spine1-Matrix-animation-input-array" count="29"><param name="TIME" type="float"/></accessor></technique_common></source><source id="Spine1-Matrix-animation-output-transform"><float_array id="Spine1-Matrix-animation-output-transform-array" count="464">

0.999615 -0.027098 0.005925 0.000000 0.027212 0.999428 -0.020103 16.254000 -0.005377 0.020256 0.999780 -0.165600 0.000000 0.000000 0.000000 1.000000
0.999629 -0.027053 0.003229 -0.000000 0.027117 0.999395 -0.021785 16.254000 -0.002638 0.021864 0.999757 -0.165600 0.000000 0.000000 0.000000 1.000000
0.999686 -0.025014 0.001198 0.000000 0.025035 0.999410 -0.023528 16.254000 -0.000609 0.023551 0.999722 -0.165600 0.000000 0.000000 0.000000 1.000000
0.999770 -0.021411 -0.001267 -0.000000 0.021372 0.999449 -0.025398 16.254000 0.001810 0.025365 0.999677 -0.165600 0.000000 0.000000 0.000000 1.000000
0.999839 -0.017302 -0.004688 0.000000 0.017169 0.999483 -0.027178 16.254000 0.005156 0.027093 0.999620 -0.165600 0.000000 0.000000 0.000000 1.000000
0.999880 -0.012794 -0.008717 -0.000000 0.012546 0.999531 -0.027934 16.254000 0.009071 0.027821 0.999572 -0.165600 0.000000 0.000000 0.000000 1.000000
0.999888 -0.007303 -0.013054 -0.000000 0.006949 0.999613 -0.026953 16.254000 0.013246 0.026860 0.999551 -0.165600 0.000000 0.000000 0.000000 1.000000
0.999859 -0.000710 -0.016765 -0.000000 0.000300 0.999701 -0.024438 16.254000 0.016777 0.024430 0.999561 -0.165600 0.000000 0.000000 0.000000 1.000000
0.999807 0.006412 -0.018546 0.000000 -0.006808 0.999749 -0.021351 16.254000 0.018405 0.021473 0.999600 -0.165600 0.000000 0.000000 0.000000 1.000000
0.999711 0.013359 -0.019990 0.000000 -0.013734 0.999730 -0.018731 16.254000 0.019734 0.019000 0.999625 -0.165600 0.000000 0.000000 0.000000 1.000000
0.999525 0.020253 -0.023250 0.000000 -0.020639 0.999651 -0.016488 16.254000 0.022908 0.016960 0.999594 -0.165600 0.000000 0.000000 0.000000 1.000000
0.999229 0.027602 -0.027928 -0.000000 -0.027998 0.999511 -0.013888 16.254000 0.027531 0.014659 0.999513 -0.165600 0.000000 0.000000 0.000000 1.000000
0.998936 0.033848 -0.031318 0.000000 -0.034230 0.999345 -0.011743 16.254000 0.030900 0.012803 0.999440 -0.165600 0.000000 0.000000 0.000000 1.000000
0.998791 0.038448 -0.030615 -0.000000 -0.038817 0.999180 -0.011529 16.254000 0.030147 0.012703 0.999465 -0.165600 0.000000 0.000000 0.000000 1.000000
0.998652 0.044415 -0.026849 -0.000000 -0.044791 0.998905 -0.013541 16.254000 0.026218 0.014725 0.999548 -0.165600 0.000000 0.000000 0.000000 1.000000
0.998405 0.051988 -0.022029 0.000000 -0.052360 0.998489 -0.016659 16.254000 0.021130 0.017786 0.999619 -0.165600 0.000000 0.000000 0.000000 1.000000
0.998141 0.058637 -0.016622 0.000000 -0.058948 0.998083 -0.018877 16.254000 0.015483 0.019822 0.999684 -0.165600 0.000000 0.000000 0.000000 1.000000
0.998032 0.061475 -0.012400 -0.000000 -0.061726 0.997871 -0.021037 16.254000 0.011081 0.021761 0.999702 -0.165600 0.000000 0.000000 0.000000 1.000000
0.998050 0.061509 -0.010607 0.000000 -0.061752 0.997797 -0.024244 16.254000 0.009092 0.024852 0.999650 -0.165600 0.000000 0.000000 0.000000 1.000000
0.998129 0.060564 -0.008402 0.000000 -0.060771 0.997785 -0.027065 16.254000 0.006745 0.027524 0.999598 -0.165600 0.000000 0.000000 0.000000 1.000000
0.998352 0.057278 -0.003465 0.000000 -0.057355 0.997929 -0.029125 16.254000 0.001789 0.029276 0.999570 -0.165600 0.000000 0.000000 0.000000 1.000000
0.998696 0.051043 -0.000980 0.000000 -0.051049 0.998224 -0.030701 16.254000 -0.000589 0.030711 0.999528 -0.165600 0.000000 0.000000 0.000000 1.000000
0.999049 0.043431 -0.003754 0.000000 -0.043527 0.998566 -0.031153 16.254000 0.002396 0.031287 0.999508 -0.165600 0.000000 0.000000 0.000000 1.000000
0.999387 0.034353 -0.006782 -0.000000 -0.034541 0.998956 -0.029904 16.254000 0.005747 0.030120 0.999530 -0.165600 0.000000 0.000000 0.000000 1.000000
0.999697 0.024273 -0.004131 0.000000 -0.024379 0.999314 -0.027876 16.254000 0.003452 0.027968 0.999603 -0.165600 0.000000 0.000000 0.000000 1.000000
0.999946 0.009321 0.004515 0.000000 -0.009198 0.999606 -0.026535 16.254000 -0.004761 0.026492 0.999638 -0.165600 0.000000 0.000000 0.000000 1.000000
0.999925 -0.007696 0.009478 -0.000000 0.007929 0.999660 -0.024841 16.254000 -0.009283 0.024914 0.999646 -0.165600 0.000000 0.000000 0.000000 1.000000
0.999746 -0.021173 0.007728 0.000000 0.021337 0.999536 -0.021741 16.254000 -0.007264 0.021901 0.999734 -0.165600 0.000000 0.000000 0.000000 1.000000
0.999615 -0.027098 0.005924 -0.000000 0.027212 0.999428 -0.020103 16.254000 -0.005376 0.020256 0.999780 -0.165600 0.000000 0.000000 0.000000 1.000000</float_array><technique_common><accessor source="#Spine1-Matrix-animation-output-transform-array" count="29" stride="16"><param type="float4x4"/></accessor></technique_common></source><source id="Spine1-Interpolations"><Name_array id="Spine1-Interpolations-array" count="29">
 LINEAR LINEAR LINEAR LINEAR LINEAR LINEAR LINEAR LINEAR LINEAR LINEAR LINEAR
LINEAR LINEAR LINEAR LINEAR LINEAR LINEAR LINEAR LINEAR LINEAR LINEAR LINEAR LINEAR
LINEAR LINEAR LINEAR LINEAR LINEAR LINEAR</Name_array><technique_common><accessor source="#Spine1-Interpolations-array" count="29"><param type="name"/></accessor></technique_common></source><sampler id="Spine1-Matrix-animation-transform"><input semantic="INPUT" source="#Spine1-Matrix-animation-input"/><input semantic="OUTPUT" source="#Spine1-Matrix-animation-output-transform"/><input semantic="INTERPOLATION" source="#Spine1-Interpolations"/></sampler><channel source="#Spine1-Matrix-animation-transform" target="Spine1/matrix"/></animation>
    <animation id="Spine2-anim" name="Spine2"><source id="Spine2-Matrix-animation-input"><float_array id="Spine2-Matrix-animation-input-array" count="29">

0.000000 0.033333 0.066667 0.100000 0.133333 0.166667 0.200000 0.233333 0.266667 0.300000 0.333333 0.366667 0.400000 0.433333 0.466667 0.500000
0.533333 0.566667 0.600000 0.633333 0.666667 0.700000 0.733333 0.766667 0.800000 0.833333 0.866667 0.900000 0.933333</float_array><technique_common><accessor source="#Spine2-Matrix-animation-input-array" count="29"><param name="TIME" type="float"/></accessor></technique_common></source><source id="Spine2-Matrix-animation-output-transform"><float_array id="Spine2-Matrix-animation-output-transform-array" count="464">

0.999611 -0.027151 0.006310 0.000000 0.027271 0.999435 -0.019651 13.639600 -0.005773 0.019815 0.999787 -1.292300 0.000000 0.000000 0.000000 1.000000
0.999606 -0.027822 0.003582 0.000000 0.027892 0.999385 -0.021264 13.639600 -0.002988 0.021356 0.999767 -1.292300 0.000000 0.000000 0.000000 1.000000
0.999609 -0.027914 0.001661 0.000000 0.027945 0.999346 -0.022938 13.639600 -0.001020 0.022976 0.999736 -1.292300 0.000000 0.000000 0.000000 1.000000
0.999618 -0.027619 -0.000525 0.000000 0.027597 0.999313 -0.024749 13.639600 0.001208 0.024725 0.999694 -1.292300 0.000000 0.000000 0.000000 1.000000
0.999608 -0.027774 -0.003507 0.000000 0.027672 0.999266 -0.026488 13.639600 0.004240 0.026381 0.999643 -1.292300 0.000000 0.000000 0.000000 1.000000
0.999574 -0.028328 -0.006985 0.000000 0.028129 0.999234 -0.027215 13.639600 0.007751 0.027007 0.999605 -1.292300 0.000000 0.000000 0.000000 1.000000
0.999535 -0.028547 -0.010709 0.000000 0.028258 0.999257 -0.026200 13.639600 0.011449 0.025885 0.999599 -1.292300 0.000000 0.000000 0.000000 1.000000
0.999509 -0.028139 -0.013759 0.000000 0.027809 0.999333 -0.023656 13.639600 0.014416 0.023262 0.999625 -1.292300 0.000000 0.000000 0.000000 1.000000
0.999511 -0.027505 -0.014860 0.000000 0.027197 0.999419 -0.020554 13.639600 0.015416 0.020140 0.999678 -1.292300 0.000000 0.000000 0.000000 1.000000
0.999510 -0.027127 -0.015631 -0.000000 0.026846 0.999479 -0.017925 13.639600 0.016109 0.017497 0.999717 -1.292300 0.000000 0.000000 0.000000 1.000000
0.999479 -0.026643 -0.018223 -0.000000 0.026358 0.999530 -0.015675 13.639600 0.018632 0.015186 0.999711 -1.292300 0.000000 0.000000 0.000000 1.000000
0.999431 -0.025368 -0.022213 0.000000 0.025081 0.999600 -0.013071 13.639600 0.022536 0.012506 0.999668 -1.292300 0.000000 0.000000 0.000000 1.000000
0.999383 -0.024735 -0.024948 0.000000 0.024469 0.999641 -0.010918 13.639600 0.025209 0.010301 0.999629 -1.292300 0.000000 0.000000 0.000000 1.000000
0.999404 -0.025126 -0.023658 -0.000000 0.024879 0.999633 -0.010694 13.639600 0.023918 0.010099 0.999663 -1.292300 0.000000 0.000000 0.000000 1.000000
0.999540 -0.023304 -0.019392 -0.000000 0.023061 0.999654 -0.012691 13.639600 0.019681 0.012238 0.999731 -1.292300 0.000000 0.000000 0.000000 1.000000
0.999723 -0.018804 -0.014177 0.000000 0.018579 0.999702 -0.015828 13.639600 0.014471 0.015560 0.999774 -1.292300 0.000000 0.000000 0.000000 1.000000
0.999867 -0.013950 -0.008453 0.000000 0.013795 0.999741 -0.018124 13.639600 0.008703 0.018005 0.999800 -1.292300 0.000000 0.000000 0.000000 1.000000
0.999927 -0.011414 -0.004076 0.000000 0.011329 0.999729 -0.020339 13.639600 0.004307 0.020292 0.999785 -1.292300 0.000000 0.000000 0.000000 1.000000
0.999949 -0.009788 -0.002469 0.000000 0.009727 0.999675 -0.023562 13.639600 0.002699 0.023537 0.999719 -1.292300 0.000000 0.000000 0.000000 1.000000
0.999980 -0.006269 -0.000908 0.000000 0.006243 0.999632 -0.026407 13.639600 0.001073 0.026401 0.999651 -1.292300 0.000000 0.000000 0.000000 1.000000
0.999992 -0.002695 0.002990 0.000000 0.002779 0.999590 -0.028486 13.639600 -0.002912 0.028494 0.999590 -1.292300 0.000000 0.000000 0.000000 1.000000
0.999991 -0.000519 0.004325 0.000000 0.000650 0.999538 -0.030378 13.639600 -0.004308 0.030380 0.999529 -1.292300 0.000000 0.000000 0.000000 1.000000
0.999999 0.001135 0.000573 0.000000 -0.001116 0.999506 -0.031398 13.639600 -0.000608 0.031397 0.999507 -1.292300 0.000000 0.000000 0.000000 1.000000
0.999993 0.001694 -0.003299 -0.000000 -0.001794 0.999533 -0.030516 13.639600 0.003246 0.030521 0.999529 -1.292300 0.000000 0.000000 0.000000 1.000000
0.999998 0.001074 -0.001578 0.000000 -0.001118 0.999594 -0.028465 13.639600 0.001547 0.028467 0.999594 -1.292300 0.000000 0.000000 0.000000 1.000000
0.999968 -0.005156 0.006153 0.000000 0.005319 0.999627 -0.026778 13.639600 -0.006013 0.026810 0.999622 -1.292300 0.000000 0.000000 0.000000 1.000000
0.999828 -0.015288 0.010485 0.000000 0.015544 0.999573 -0.024750 13.639600 -0.010103 0.024909 0.999639 -1.292300 0.000000 0.000000 0.000000 1.000000
0.999689 -0.023505 0.008295 -0.000000 0.023678 0.999490 -0.021410 13.639600 -0.007788 0.021599 0.999736 -1.292300 0.000000 0.000000 0.000000 1.000000
0.999611 -0.027151 0.006310 0.000000 0.027271 0.999435 -0.019651 13.639600 -0.005773 0.019815 0.999787 -1.292300 0.000000 0.000000 0.000000 1.000000</float_array><technique_common><accessor source="#Spine2-Matrix-animation-output-transform-array" count="29" stride="16"><param type="float4x4"/></accessor></technique_common></source><source id="Spine2-Interpolations"><Name_array id="Spine2-Interpolations-array" count="29">
 LINEAR LINEAR LINEAR LINEAR LINEAR LINEAR LINEAR LINEAR LINEAR LINEAR LINEAR
LINEAR LINEAR LINEAR LINEAR LINEAR LINEAR LINEAR LINEAR LINEAR LINEAR LINEAR LINEAR
LINEAR LINEAR LINEAR LINEAR LINEAR LINEAR</Name_array><technique_common><accessor source="#Spine2-Interpolations-array" count="29"><param type="name"/></accessor></technique_common></source><sampler id="Spine2-Matrix-animation-transform"><input semantic="INPUT" source="#Spine2-Matrix-animation-input"/><input semantic="OUTPUT" source="#Spine2-Matrix-animation-output-transform"/><input semantic="INTERPOLATION" source="#Spine2-Interpolations"/></sampler><channel source="#Spine2-Matrix-animation-transform" target="Spine2/matrix"/></animation>
    <animation id="Neck-anim" name="Neck"><source id="Neck-Matrix-animation-input"><float_array id="Neck-Matrix-animation-input-array" count="29">

0.000000 0.033333 0.066667 0.100000 0.133333 0.166667 0.200000 0.233333 0.266667 0.300000 0.333333 0.366667 0.400000 0.433333 0.466667 0.500000
0.533333 0.566667 0.600000 0.633333 0.666667 0.700000 0.733333 0.766667 0.800000 0.833333 0.866667 0.900000 0.933333</float_array><technique_common><accessor source="#Neck-Matrix-animation-input-array" count="29"><param name="TIME" type="float"/></accessor></technique_common></source><source id="Neck-Matrix-animation-output-transform"><float_array id="Neck-Matrix-animation-output-transform-array" count="464">

0.999968 -0.007936 -0.001378 0.000000 0.007762 0.995152 -0.098040 13.877400 0.002149 0.098026 0.995182 -4.354200 0.000000 0.000000 0.000000 1.000000
0.999826 -0.013753 -0.012567 0.000000 0.012485 0.995305 -0.095980 13.877400 0.013828 0.095807 0.995304 -4.354200 0.000000 0.000000 0.000000 1.000000
0.999126 -0.023637 -0.034485 0.000000 0.020119 0.994881 -0.099032 13.877400 0.036649 0.098252 0.994486 -4.354200 0.000000 0.000000 0.000000 1.000000
0.997432 -0.035069 -0.062443 0.000000 0.028238 0.993847 -0.107105 13.877400 0.065815 0.105066 0.992285 -4.354200 0.000000 0.000000 0.000000 1.000000
0.994654 -0.046043 -0.092427 0.000000 0.034994 0.992422 -0.117787 13.877400 0.097150 0.113923 0.988728 -4.354200 0.000000 0.000000 0.000000 1.000000
0.991266 -0.054303 -0.120181 -0.000000 0.038738 0.990984 -0.128255 13.877400 0.126063 0.122479 0.984432 -4.354200 0.000000 0.000000 0.000000 1.000000
0.988205 -0.059309 -0.141182 0.000000 0.039894 0.989826 -0.136574 13.877400 0.147846 0.129331 0.980518 -4.354200 0.000000 0.000000 0.000000 1.000000
0.986460 -0.061378 -0.152086 0.000000 0.039780 0.989183 -0.141188 13.877400 0.159107 0.133227 0.978231 -4.354200 0.000000 0.000000 0.000000 1.000000
0.985442 -0.062456 -0.158122 0.000000 0.039700 0.988900 -0.143182 13.877400 0.165310 0.134820 0.976983 -4.354200 0.000000 0.000000 0.000000 1.000000
0.985081 -0.063193 -0.160071 0.000000 0.040118 0.988839 -0.143487 13.877400 0.167352 0.134924 0.976621 -4.354200 0.000000 0.000000 0.000000 1.000000
0.985346 -0.063356 -0.158366 0.000000 0.040493 0.988801 -0.143639 13.877400 0.165692 0.135121 0.976877 -4.354200 0.000000 0.000000 0.000000 1.000000
0.986008 -0.062910 -0.154374 0.000000 0.040451 0.988672 -0.144538 13.877400 0.161718 0.136271 0.977383 -4.354200 0.000000 0.000000 0.000000 1.000000
0.986837 -0.062316 -0.149228 -0.000000 0.040509 0.988610 -0.144948 13.877400 0.156561 0.136995 0.978121 -4.354200 0.000000 0.000000 0.000000 1.000000
0.987871 -0.060415 -0.143039 -0.000000 0.039788 0.988936 -0.142909 13.877400 0.150090 0.135485 0.979345 -4.354200 0.000000 0.000000 0.000000 1.000000
0.989250 -0.055081 -0.135463 0.000000 0.036092 0.989657 -0.138839 13.877400 0.141710 0.132458 0.981006 -4.354200 0.000000 0.000000 0.000000 1.000000
0.990836 -0.048517 -0.126057 -0.000000 0.031297 0.990330 -0.135154 13.877400 0.131395 0.129971 0.982773 -4.354200 0.000000 0.000000 0.000000 1.000000
0.992427 -0.044358 -0.114550 0.000000 0.028939 0.990704 -0.132921 13.877400 0.119381 0.128599 0.984485 -4.354200 0.000000 0.000000 0.000000 1.000000
0.993987 -0.040875 -0.101580 -0.000000 0.027475 0.991136 -0.129980 13.877400 0.105992 0.126407 0.986300 -4.354200 0.000000 0.000000 0.000000 1.000000
0.995480 -0.035186 -0.088215 0.000000 0.023979 0.991864 -0.125025 13.877400 0.091897 0.122345 0.988224 -4.354200 0.000000 0.000000 0.000000 1.000000
0.996813 -0.027446 -0.074909 0.000000 0.018392 0.992726 -0.118979 13.877400 0.077629 0.117222 0.990067 -4.354200 0.000000 0.000000 0.000000 1.000000
0.997889 -0.019636 -0.061905 0.000000 0.012575 0.993577 -0.112459 13.877400 0.063715 0.111443 0.991726 -4.354200 0.000000 0.000000 0.000000 1.000000
0.998692 -0.012463 -0.049579 0.000000 0.007140 0.994327 -0.106125 13.877400 0.050620 0.105632 0.993116 -4.354200 0.000000 0.000000 0.000000 1.000000
0.999249 -0.006330 -0.038238 0.000000 0.002413 0.994821 -0.101612 13.877400 0.038683 0.101443 0.994089 -4.354200 0.000000 0.000000 0.000000 1.000000
0.999603 -0.001944 -0.028092 0.000000 -0.000856 0.995053 -0.099340 13.877400 0.028146 0.099325 0.994657 -4.354200 0.000000 0.000000 0.000000 1.000000
0.999813 0.000756 -0.019348 0.000000 -0.002653 0.995162 -0.098215 13.877400 0.019181 0.098248 0.994977 -4.354200 0.000000 0.000000 0.000000 1.000000
0.999923 0.001222 -0.012310 0.000000 -0.002426 0.995161 -0.098229 13.877400 0.012130 0.098251 0.995088 -4.354200 0.000000 0.000000 0.000000 1.000000
0.999972 -0.001236 -0.007366 -0.000000 0.000502 0.995099 -0.098882 13.877400 0.007452 0.098876 0.995072 -4.354200 0.000000 0.000000 0.000000 1.000000
0.999979 -0.005586 -0.003234 0.000000 0.005241 0.995130 -0.098427 13.877400 0.003768 0.098408 0.995139 -4.354200 0.000000 0.000000 0.000000 1.000000
0.999968 -0.007936 -0.001378 0.000000 0.007762 0.995152 -0.098040 13.877400 0.002149 0.098026 0.995182 -4.354200 0.000000 0.000000 0.000000 1.000000</float_array><technique_common><accessor source="#Neck-Matrix-animation-output-transform-array" count="29" stride="16"><param type="float4x4"/></accessor></technique_common></source><source id="Neck-Interpolations"><Name_array id="Neck-Interpolations-array" count="29">
 LINEAR LINEAR LINEAR LINEAR LINEAR LINEAR LINEAR LINEAR LINEAR LINEAR LINEAR
LINEAR LINEAR LINEAR LINEAR LINEAR LINEAR LINEAR LINEAR LINEAR LINEAR LINEAR LINEAR
LINEAR LINEAR LINEAR LINEAR LINEAR LINEAR</Name_array><technique_common><accessor source="#Neck-Interpolations-array" count="29"><param type="name"/></accessor></technique_common></source><sampler id="Neck-Matrix-animation-transform"><input semantic="INPUT" source="#Neck-Matrix-animation-input"/><input semantic="OUTPUT" source="#Neck-Matrix-animation-output-transform"/><input semantic="INTERPOLATION" source="#Neck-Interpolations"/></sampler><channel source="#Neck-Matrix-animation-transform" target="Neck/matrix"/></animation>
    <animation id="Neck1-anim" name="Neck1"><source id="Neck1-Matrix-animation-input"><float_array id="Neck1-Matrix-animation-input-array" count="29">

0.000000 0.033333 0.066667 0.100000 0.133333 0.166667 0.200000 0.233333 0.266667 0.300000 0.333333 0.366667 0.400000 0.433333 0.466667 0.500000
0.533333 0.566667 0.600000 0.633333 0.666667 0.700000 0.733333 0.766667 0.800000 0.833333 0.866667 0.900000 0.933333</float_array><technique_common><accessor source="#Neck1-Matrix-animation-input-array" count="29"><param name="TIME" type="float"/></accessor></technique_common></source><source id="Neck1-Matrix-animation-output-transform"><float_array id="Neck1-Matrix-animation-output-transform-array" count="464">

1.000000 -0.000000 0.000000 0.000000 0.000000 1.000000 -0.000000 4.340000 0.000000 -0.000000 1.000000 0.926900 0.000000 0.000000 0.000000 1.000000
1.000000 0.000000 0.000000 -0.000000 0.000000 1.000000 0.000000 4.340000 0.000000 -0.000000 1.000000 0.926900 0.000000 0.000000 0.000000 1.000000
1.000000 -0.000000 0.000000 0.000000 0.000000 1.000000 0.000000 4.340000 0.000000 -0.000000 1.000000 0.926900 0.000000 0.000000 0.000000 1.000000
1.000000 -0.000000 0.000000 0.000000 -0.000000 1.000000 0.000000 4.340000 0.000000 -0.000000 1.000000 0.926900 0.000000 0.000000 0.000000 1.000000
1.000000 0.000000 0.000000 -0.000000 0.000000 1.000000 0.000000 4.340000 0.000000 0.000000 1.000000 0.926900 0.000000 0.000000 0.000000 1.000000
1.000000 0.000000 0.000000 0.000000 -0.000000 1.000000 0.000000 4.340000 0.000000 0.000000 1.000000 0.926900 0.000000 0.000000 0.000000 1.000000
1.000000 0.000000 0.000000 -0.000000 -0.000000 1.000000 0.000000 4.340000 0.000000 -0.000000 1.000000 0.926900 0.000000 0.000000 0.000000 1.000000
1.000000 0.000000 0.000000 0.000000 0.000000 1.000000 0.000000 4.340000 -0.000000 -0.000000 1.000000 0.926900 0.000000 0.000000 0.000000 1.000000
1.000000 -0.000000 0.000000 0.000000 -0.000000 1.000000 0.000000 4.340000 0.000000 0.000000 1.000000 0.926900 0.000000 0.000000 0.000000 1.000000
1.000000 -0.000000 0.000000 -0.000000 0.000000 1.000000 -0.000000 4.340000 0.000000 0.000000 1.000000 0.926900 0.000000 0.000000 0.000000 1.000000
1.000000 0.000000 0.000000 0.000000 0.000000 1.000000 0.000000 4.340000 0.000000 -0.000000 1.000000 0.926900 0.000000 0.000000 0.000000 1.000000
1.000000 0.000000 -0.000000 0.000000 -0.000000 1.000000 0.000000 4.340000 -0.000000 -0.000000 1.000000 0.926900 0.000000 0.000000 0.000000 1.000000
1.000000 0.000000 0.000000 -0.000000 -0.000000 1.000000 -0.000000 4.340000 0.000000 0.000000 1.000000 0.926900 0.000000 0.000000 0.000000 1.000000
1.000000 0.000000 0.000000 -0.000000 0.000000 1.000000 -0.000000 4.340000 0.000000 0.000000 1.000000 0.926900 0.000000 0.000000 0.000000 1.000000
1.000000 0.000000 -0.000000 0.000000 0.000000 1.000000 0.000000 4.340000 0.000000 -0.000000 1.000000 0.926900 0.000000 0.000000 0.000000 1.000000
1.000000 0.000000 -0.000000 0.000000 0.000000 1.000000 0.000000 4.340000 0.000000 0.000000 1.000000 0.926900 0.000000 0.000000 0.000000 1.000000
1.000000 -0.000000 -0.000000 0.000000 -0.000000 1.000000 0.000000 4.340000 0.000000 0.000000 1.000000 0.926900 0.000000 0.000000 0.000000 1.000000
1.000000 0.000000 0.000000 0.000000 -0.000000 1.000000 0.000000 4.340000 0.000000 0.000000 1.000000 0.926900 0.000000 0.000000 0.000000 1.000000
1.000000 -0.000000 0.000000 0.000000 0.000000 1.000000 -0.000000 4.340000 0.000000 -0.000000 1.000000 0.926900 0.000000 0.000000 0.000000 1.000000
1.000000 0.000000 0.000000 0.000000 0.000000 1.000000 0.000000 4.340000 -0.000000 0.000000 1.000000 0.926900 0.000000 0.000000 0.000000 1.000000
1.000000 0.000000 -0.000000 0.000000 0.000000 1.000000 0.000000 4.340000 -0.000000 0.000000 1.000000 0.926900 0.000000 0.000000 0.000000 1.000000
1.000000 0.000000 0.000000 0.000000 0.000000 1.000000 0.000000 4.340000 -0.000000 -0.000000 1.000000 0.926900 0.000000 0.000000 0.000000 1.000000
1.000000 0.000000 -0.000000 -0.000000 0.000000 1.000000 -0.000000 4.340000 0.000000 -0.000000 1.000000 0.926900 0.000000 0.000000 0.000000 1.000000
1.000000 -0.000000 0.000000 0.000000 0.000000 1.000000 0.000000 4.340000 0.000000 -0.000000 1.000000 0.926900 0.000000 0.000000 0.000000 1.000000
1.000000 0.000000 0.000000 -0.000000 0.000000 1.000000 -0.000000 4.340000 0.000000 0.000000 1.000000 0.926900 0.000000 0.000000 0.000000 1.000000
1.000000 0.000000 -0.000000 0.000000 0.000000 1.000000 0.000000 4.340000 0.000000 0.000000 1.000000 0.926900 0.000000 0.000000 0.000000 1.000000
1.000000 0.000000 0.000000 -0.000000 0.000000 1.000000 0.000000 4.340000 0.000000 0.000000 1.000000 0.926900 0.000000 0.000000 0.000000 1.000000
1.000000 -0.000000 -0.000000 0.000000 0.000000 1.000000 -0.000000 4.340000 0.000000 0.000000 1.000000 0.926900 0.000000 0.000000 0.000000 1.000000
1.000000 0.000000 -0.000000 -0.000000 0.000000 1.000000 -0.000000 4.340000 0.000000 -0.000000 1.000000 0.926900 0.000000 0.000000 0.000000 1.000000</float_array><technique_common><accessor source="#Neck1-Matrix-animation-output-transform-array" count="29" stride="16"><param type="float4x4"/></accessor></technique_common></source><source id="Neck1-Interpolations"><Name_array id="Neck1-Interpolations-array" count="29">
 LINEAR LINEAR LINEAR LINEAR LINEAR LINEAR LINEAR LINEAR LINEAR LINEAR LINEAR
LINEAR LINEAR LINEAR LINEAR LINEAR LINEAR LINEAR LINEAR LINEAR LINEAR LINEAR LINEAR
LINEAR LINEAR LINEAR LINEAR LINEAR LINEAR</Name_array><technique_common><accessor source="#Neck1-Interpolations-array" count="29"><param type="name"/></accessor></technique_common></source><sampler id="Neck1-Matrix-animation-transform"><input semantic="INPUT" source="#Neck1-Matrix-animation-input"/><input semantic="OUTPUT" source="#Neck1-Matrix-animation-output-transform"/><input semantic="INTERPOLATION" source="#Neck1-Interpolations"/></sampler><channel source="#Neck1-Matrix-animation-transform" target="Neck1/matrix"/></animation>
    <animation id="Head-anim" name="Head"><source id="Head-Matrix-animation-input"><float_array id="Head-Matrix-animation-input-array" count="29">

0.000000 0.033333 0.066667 0.100000 0.133333 0.166667 0.200000 0.233333 0.266667 0.300000 0.333333 0.366667 0.400000 0.433333 0.466667 0.500000
0.533333 0.566667 0.600000 0.633333 0.666667 0.700000 0.733333 0.766667 0.800000 0.833333 0.866667 0.900000 0.933333</float_array><technique_common><accessor source="#Head-Matrix-animation-input-array" count="29"><param name="TIME" type="float"/></accessor></technique_common></source><source id="Head-Matrix-animation-output-transform"><float_array id="Head-Matrix-animation-output-transform-array" count="464">

0.999711 0.001406 0.024009 -0.000000 -0.004554 0.991295 0.131584 4.026600 -0.023615 -0.131656 0.991014 0.858500 0.000000 0.000000 0.000000 1.000000
0.999888 -0.007847 -0.012751 0.000000 0.009530 0.990415 0.137798 4.026600 0.011547 -0.137904 0.990378 0.858500 0.000000 0.000000 0.000000 1.000000
0.997258 -0.022344 -0.070547 0.000000 0.031691 0.990434 0.134298 4.026600 0.066872 -0.136165 0.988427 0.858500 0.000000 0.000000 0.000000 1.000000
0.989387 -0.039681 -0.139783 0.000000 0.056901 0.990967 0.121439 4.026600 0.133702 -0.128104 0.982707 0.858500 0.000000 0.000000 0.000000 1.000000
0.975599 -0.056545 -0.212155 -0.000000 0.078593 0.992179 0.096972 4.026600 0.205012 -0.111279 0.972413 0.858500 0.000000 0.000000 0.000000 1.000000
0.957218 -0.072721 -0.280082 0.000000 0.094192 0.993497 0.063962 4.026600 0.273609 -0.087607 0.957843 0.858500 0.000000 0.000000 0.000000 1.000000
0.938109 -0.087651 -0.335064 -0.000000 0.104466 0.993999 0.032457 4.026600 0.330208 -0.065451 0.941636 0.858500 0.000000 0.000000 0.000000 1.000000
0.923383 -0.100209 -0.370570 0.000000 0.112367 0.993602 0.011307 4.026600 0.367066 -0.052081 0.928736 0.858500 0.000000 0.000000 0.000000 1.000000
0.911480 -0.112705 -0.395602 -0.000000 0.121292 0.992611 -0.003329 4.026600 0.393055 -0.044949 0.918416 0.858500 0.000000 0.000000 0.000000 1.000000
0.904115 -0.123746 -0.408978 0.000000 0.130256 0.991408 -0.012020 4.026600 0.406951 -0.042404 0.912465 0.858500 0.000000 0.000000 0.000000 1.000000
0.901638 -0.131852 -0.411903 0.000000 0.137430 0.990379 -0.016196 4.026600 0.410076 -0.042005 0.911084 0.858500 0.000000 0.000000 0.000000 1.000000
0.901594 -0.137520 -0.410143 0.000000 0.142413 0.989630 -0.018764 4.026600 0.408470 -0.041492 0.911828 0.858500 0.000000 0.000000 0.000000 1.000000
0.902232 -0.141021 -0.407541 0.000000 0.145368 0.989166 -0.020458 4.026600 0.406011 -0.040785 0.912958 0.858500 0.000000 0.000000 0.000000 1.000000
0.903404 -0.142861 -0.404291 0.000000 0.147026 0.988912 -0.020908 4.026600 0.402795 -0.040553 0.914391 0.858500 0.000000 0.000000 0.000000 1.000000
0.904824 -0.144551 -0.400499 0.000000 0.149352 0.988594 -0.019390 4.026600 0.398733 -0.042271 0.916092 0.858500 0.000000 0.000000 0.000000 1.000000
0.907598 -0.147680 -0.393009 -0.000000 0.154649 0.987869 -0.014071 4.026600 0.390320 -0.048008 0.919427 0.858500 0.000000 0.000000 0.000000 1.000000
0.914375 -0.150754 -0.375754 0.000000 0.160793 0.986977 -0.004699 4.026600 0.371569 -0.056122 0.926708 0.858500 0.000000 0.000000 0.000000 1.000000
0.925841 -0.146969 -0.348164 0.000000 0.159322 0.987202 0.006946 4.026600 0.342687 -0.061901 0.937408 0.858500 0.000000 0.000000 0.000000 1.000000
0.939771 -0.133089 -0.314831 0.000000 0.146231 0.989080 0.018383 4.026600 0.308946 -0.063314 0.948970 0.858500 0.000000 0.000000 0.000000 1.000000
