<?xml version="1.0" encoding="utf-8"?>
<COLLADA xmlns="http://www.collada.org/2005/11/COLLADASchema" version="1.4.1">
  <asset><contributor><author>Mixamo</author><authoring_tool>COLLADA Mixamo exporter</authoring_tool><comments></comments></contributor><created>2018-12-18T22:03:29Z</created><modified>2018-12-18T22:03:29Z</modified><revision></revision><title></title><unit meter="0.010000"/><up_axis>Y_UP</up_axis></asset>
  <library_animations>
    <animation id="mixamorig_Hips-anim" name="mixamorig_Hips"><source id="mixamorig_Hips-Matrix-animation-input"><float_array id="mixamorig_Hips-Matrix-animation-input-array" count="22">

0.000000 0.033333 0.066667 0.100000 0.133333 0.166667 0.200000 0.233333 0.266667 0.300000 0.333333 0.366667 0.400000 0.433333 0.466667 0.500000
0.533333 0.566667 0.600000 0.633333 0.666667 0.700000</float_array><technique_common><accessor source="#mixamorig_Hips-Matrix-animation-input-array" count="22"><param name="TIME" type="float"/></accessor></technique_common></source><source id="mixamorig_Hips-Matrix-animation-output-transform"><float_array id="mixamorig_Hips-Matrix-animation-output-transform-array" count="352">

0.992793 0.118299 -0.019172 0.288409 -0.119758 0.973325 -0.195695 77.718208 -0.004489 0.196580 0.980477 0.461474 0.000000 0.000000 0.000000 1.000000
0.998624 0.043327 -0.029540 0.225653 -0.047621 0.985161 -0.164894 78.471527 0.021957 0.166074 0.985869 12.633354 0.000000 0.000000 0.000000 1.000000
0.997901 -0.057716 -0.029364 -0.161463 0.051714 0.983194 -0.175089 80.779213 0.038976 0.173203 0.984115 24.768013 0.000000 0.000000 0.000000 1.000000
0.984369 -0.176085 -0.003537 -0.553117 0.172544 0.968214 -0.181078 82.839394 0.035310 0.177637 0.983462 36.332886 0.000000 0.000000 0.000000 1.000000
0.978669 -0.202629 0.033892 -0.582880 0.205383 0.960972 -0.185337 84.733101 0.004986 0.188344 0.982090 47.643990 0.000000 0.000000 0.000000 1.000000
0.987992 -0.148072 0.044118 -0.446813 0.153817 0.969556 -0.190530 85.609146 -0.014563 0.195028 0.980690 58.898304 0.000000 0.000000 0.000000 1.000000
0.994038 -0.102112 0.038233 -0.343136 0.106813 0.982385 -0.153333 85.312065 -0.021902 0.156503 0.987435 69.865784 0.000000 0.000000 0.000000 1.000000
0.996266 -0.048279 0.071573 -0.167944 0.057526 0.989398 -0.133352 83.979378 -0.064376 0.136971 0.988481 81.060524 0.000000 0.000000 0.000000 1.000000
0.995015 -0.037487 0.092413 -0.046853 0.050312 0.988785 -0.140617 81.539551 -0.086105 0.144566 0.985742 92.474579 0.000000 0.000000 0.000000 1.000000
0.994580 -0.056471 0.087299 -0.282589 0.070981 0.982317 -0.173246 79.372559 -0.075972 0.178504 0.981002 104.375427 0.000000 0.000000 0.000000 1.000000
0.994888 -0.069111 0.073627 -0.962182 0.081610 0.979689 -0.183166 77.490860 -0.059472 0.188239 0.980321 116.608124 0.000000 0.000000 0.000000 1.000000
0.997096 -0.008512 0.075678 -1.454579 0.022200 0.983061 -0.181927 77.746292 -0.072847 0.183079 0.980395 128.873505 0.000000 0.000000 0.000000 1.000000
0.994402 0.062157 0.085451 -1.213719 -0.045263 0.981303 -0.187073 79.761444 -0.095481 0.182158 0.978622 140.867767 0.000000 0.000000 0.000000 1.000000
0.994151 0.100491 0.039556 -0.909869 -0.091527 0.978411 -0.185294 82.554153 -0.057322 0.180590 0.981887 152.469452 0.000000 0.000000 0.000000 1.000000
0.992220 0.124364 0.005745 -0.482579 -0.121309 0.976163 -0.179973 84.493752 -0.027990 0.177876 0.983655 163.698608 0.000000 0.000000 0.000000 1.000000
0.997947 0.061822 0.016727 -0.639233 -0.058196 0.984377 -0.166177 85.670547 -0.026739 0.164863 0.985954 175.016174 0.000000 0.000000 0.000000 1.000000
0.998466 -0.052785 0.016708 -1.081575 0.054615 0.988542 -0.140717 85.978058 -0.009089 0.141414 0.989909 186.442917 0.000000 0.000000 0.000000 1.000000
0.998672 -0.051497 0.001743 -1.076915 0.051339 0.991572 -0.118953 85.164757 0.004397 0.118885 0.992898 197.422363 0.000000 0.000000 0.000000 1.000000
0.999491 -0.009830 -0.030347 -0.864873 0.006289 0.993387 -0.114639 83.609642 0.031274 0.114390 0.992944 208.708435 0.000000 0.000000 0.000000 1.000000
0.997572 0.060706 -0.034140 -0.256596 -0.064575 0.989817 -0.126856 81.241020 0.026092 0.128752 0.991333 220.394516 0.000000 0.000000 0.000000 1.000000
0.993433 0.113146 -0.017006 0.060631 -0.114388 0.978772 -0.170064 78.971390 -0.002597 0.170892 0.985286 232.415955 0.000000 0.000000 0.000000 1.000000
0.992793 0.118299 -0.019173 0.288409 -0.119758 0.973325 -0.195695 77.718208 -0.004489 0.196580 0.980477 244.778168 0.000000 0.000000 0.000000 1.000000</float_array><technique_common><accessor source="#mixamorig_Hips-Matrix-animation-output-transform-array" count="22" stride="16"><param type="float4x4"/></accessor></technique_common></source><source id="mixamorig_Hips-Interpolations"><Name_array id="mixamorig_Hips-Interpolations-array" count="22">
 LINEAR LINEAR LINEAR LINEAR LINEAR LINEAR LINEAR LINEAR LINEAR LINEAR LINEAR
LINEAR LINEAR LINEAR LINEAR LINEAR LINEAR LINEAR LINEAR LINEAR LINEAR LINEAR</Name_array><technique_common><accessor source="#mixamorig_Hips-Interpolations-array" count="22"><param type="name"/></accessor></technique_common></source><sampler id="mixamorig_Hips-Matrix-animation-transform"><input semantic="INPUT" source="#mixamorig_Hips-Matrix-animation-input"/><input semantic="OUTPUT" source="#mixamorig_Hips-Matrix-animation-output-transform"/><input semantic="INTERPOLATION" source="#mixamorig_Hips-Interpolations"/></sampler><channel source="#mixamorig_Hips-Matrix-animation-transform" target="mixamorig_Hips/matrix"/></animation>
    <animation id="mixamorig_Spine-anim" name="mixamorig_Spine"><source id="mixamorig_Spine-Matrix-animation-input"><float_array id="mixamorig_Spine-Matrix-animation-input-array" count="22">

0.000000 0.033333 0.066667 0.100000 0.133333 0.166667 0.200000 0.233333 0.266667 0.300000 0.333333 0.366667 0.400000 0.433333 0.466667 0.500000
0.533333 0.566667 0.600000 0.633333 0.666667 0.700000</float_array><technique_common><accessor source="#mixamorig_Spine-Matrix-animation-input-array" count="22"><param name="TIME" type="float"/></accessor></technique_common></source><source id="mixamorig_Spine-Matrix-animation-output-transform"><float_array id="mixamorig_Spine-Matrix-animation-output-transform-array" count="352">

0.987446 -0.154701 0.031900 0.005100 0.157898 0.972229 -0.172742 8.712000 -0.004291 0.175610 0.984450 -0.691000 0.000000 0.000000 0.000000 1.000000
0.991135 -0.061831 0.117590 0.005100 0.082578 0.980067 -0.180694 8.712000 -0.104074 0.188802 0.976485 -0.691000 0.000000 0.000000 0.000000 1.000000
0.984234 0.059303 0.166635 0.005100 -0.030837 0.985221 -0.168487 8.712000 -0.174164 0.160693 0.971517 -0.691000 0.000000 0.000000 0.000000 1.000000
0.959450 0.205702 0.192723 0.005100 -0.172757 0.969366 -0.174596 8.712000 -0.222734 0.134222 0.965595 -0.691000 0.000000 0.000000 0.000000 1.000000
0.941599 0.242213 0.233934 0.005100 -0.208218 0.964770 -0.160825 8.712000 -0.264646 0.102723 0.958859 -0.691000 0.000000 0.000000 0.000000 1.000000
0.944137 0.190644 0.268812 0.005100 -0.160321 0.978364 -0.130775 8.712000 -0.287927 0.080373 0.954274 -0.691000 0.000000 0.000000 0.000000 1.000000
0.958367 0.139605 0.249083 0.005100 -0.109801 0.985436 -0.129847 8.712000 -0.263583 0.097091 0.959738 -0.691000 0.000000 0.000000 0.000000 1.000000
0.984133 0.065993 0.164702 0.005100 -0.046429 0.991696 -0.119929 8.712000 -0.171249 0.110379 0.979025 -0.691000 0.000000 0.000000 0.000000 1.000000
0.996064 0.044365 0.076741 0.005100 -0.035329 0.992697 -0.115345 8.712000 -0.081297 0.112180 0.990357 -0.691000 0.000000 0.000000 0.000000 1.000000
0.998165 0.060515 -0.001926 0.005100 -0.060267 0.990031 -0.127304 8.712000 -0.005797 0.127187 0.991862 -0.691000 0.000000 0.000000 0.000000 1.000000
0.993563 0.084596 -0.075343 0.005100 -0.094836 0.984912 -0.144760 8.712000 0.061960 0.150973 0.986594 -0.691000 0.000000 0.000000 0.000000 1.000000
0.989666 0.021318 -0.141801 0.005100 -0.043874 0.986480 -0.157901 8.712000 0.136518 0.162491 0.977220 -0.691000 0.000000 0.000000 0.000000 1.000000
0.975636 -0.057892 -0.211618 0.005100 0.021097 0.984844 -0.172156 8.712000 0.218377 0.163497 0.962071 -0.691000 0.000000 0.000000 0.000000 1.000000
0.960546 -0.104503 -0.257739 0.005100 0.060596 0.983095 -0.172778 8.712000 0.271438 0.150344 0.950641 -0.691000 0.000000 0.000000 0.000000 1.000000
0.934339 -0.153986 -0.321401 0.005100 0.100161 0.978948 -0.177846 8.712000 0.342021 0.133977 0.930092 -0.691000 0.000000 0.000000 0.000000 1.000000
0.915050 -0.087708 -0.393689 0.005100 0.030820 0.988422 -0.148569 8.712000 0.402162 0.123814 0.907158 -0.691000 0.000000 0.000000 0.000000 1.000000
0.906360 0.050271 -0.419505 0.005100 -0.097638 0.990942 -0.092203 8.712000 0.411070 0.124528 0.903058 -0.691000 0.000000 0.000000 0.000000 1.000000
0.921728 0.046359 -0.385057 0.005100 -0.099551 0.987847 -0.119368 8.712000 0.374843 0.148358 0.915141 -0.691000 0.000000 0.000000 0.000000 1.000000
0.950542 -0.000213 -0.310597 0.005100 -0.051238 0.986191 -0.157484 8.712000 0.306342 0.165609 0.937405 -0.691000 0.000000 0.000000 0.000000 1.000000
0.975409 -0.095676 -0.198551 0.005100 0.058444 0.980895 -0.185553 8.712000 0.212511 0.169386 0.962366 -0.691000 0.000000 0.000000 0.000000 1.000000
0.982922 -0.160951 -0.089219 0.005100 0.142649 0.972679 -0.183157 8.712000 0.116261 0.167302 0.979027 -0.691000 0.000000 0.000000 0.000000 1.000000
0.987446 -0.154701 0.031900 0.005100 0.157898 0.972229 -0.172742 8.712000 -0.004291 0.175610 0.984450 -0.691000 0.000000 0.000000 0.000000 1.000000</float_array><technique_common><accessor source="#mixamorig_Spine-Matrix-animation-output-transform-array" count="22" stride="16"><param type="float4x4"/></accessor></technique_common></source><source id="mixamorig_Spine-Interpolations"><Name_array id="mixamorig_Spine-Interpolations-array" count="22">
 LINEAR LINEAR LINEAR LINEAR LINEAR LINEAR LINEAR LINEAR LINEAR LINEAR LINEAR
LINEAR LINEAR LINEAR LINEAR LINEAR LINEAR LINEAR LINEAR LINEAR LINEAR LINEAR</Name_array><technique_common><accessor source="#mixamorig_Spine-Interpolations-array" count="22"><param type="name"/></accessor></technique_common></source><sampler id="mixamorig_Spine-Matrix-animation-transform"><input semantic="INPUT" source="#mixamorig_Spine-Matrix-animation-input"/><input semantic="OUTPUT" source="#mixamorig_Spine-Matrix-animation-output-transform"/><input semantic="INTERPOLATION" source="#mixamorig_Spine-Interpolations"/></sampler><channel source="#mixamorig_Spine-Matrix-animation-transform" target="mixamorig_Spine/matrix"/></animation>
    <animation id="mixamorig_Spine1-anim" name="mixamorig_Spine1"><source id="mixamorig_Spine1-Matrix-animation-input"><float_array id="mixamorig_Spine1-Matrix-animation-input-array" count="22">

0.000000 0.033333 0.066667 0.100000 0.133333 0.166667 0.200000 0.233333 0.266667 0.300000 0.333333 0.366667 0.400000 0.433333 0.466667 0.500000
0.533333 0.566667 0.600000 0.633333 0.666667 0.700000</float_array><technique_common><accessor source="#mixamorig_Spine1-Matrix-animation-input-array" count="22"><param name="TIME" type="float"/></accessor></technique_common></source><source id="mixamorig_Spine1-Matrix-animation-output-transform"><float_array id="mixamorig_Spine1-Matrix-animation-output-transform-array" count="352">

0.999960 -0.008875 -0.000820 -0.009200 0.008840 0.999334 -0.035407 8.660300 0.001134 0.035399 0.999373 -1.275000 0.000000 0.000000 0.000000 1.000000
0.998894 -0.003232 0.046910 -0.009200 0.005237 0.999075 -0.042681 8.660300 -0.046729 0.042879 0.997987 -1.275000 0.000000 0.000000 0.000000 1.000000
0.997285 0.002259 0.073605 -0.009200 0.000056 0.999506 -0.031434 8.660300 -0.073639 0.031352 0.996792 -1.275000 0.000000 0.000000 0.000000 1.000000
0.996321 0.008578 0.085270 -0.009200 -0.006786 0.999751 -0.021280 8.660300 -0.085432 0.020623 0.996131 -1.275000 0.000000 0.000000 0.000000 1.000000
0.995111 0.013508 0.097832 -0.009200 -0.012724 0.999882 -0.008637 8.660300 -0.097938 0.007350 0.995165 -1.275000 0.000000 0.000000 0.000000 1.000000
0.994503 0.007546 0.104432 -0.009200 -0.007876 0.999965 0.002747 8.660300 -0.104407 -0.003554 0.994528 -1.275000 0.000000 0.000000 0.000000 1.000000
0.995413 0.006126 0.095471 -0.009200 -0.005919 0.999979 -0.002452 8.660300 -0.095484 0.001875 0.995429 -1.275000 0.000000 0.000000 0.000000 1.000000
0.997215 0.011307 0.073725 -0.009200 -0.010929 0.999925 -0.005527 8.660300 -0.073782 0.004705 0.997263 -1.275000 0.000000 0.000000 0.000000 1.000000
0.998581 0.018571 0.049914 -0.009200 -0.018372 0.999821 -0.004452 8.660300 -0.049988 0.003529 0.998744 -1.275000 0.000000 0.000000 0.000000 1.000000
0.999557 0.024313 0.017183 -0.009200 -0.024212 0.999689 -0.006041 8.660300 -0.017324 0.005622 0.999834 -1.275000 0.000000 0.000000 0.000000 1.000000
0.999545 0.023977 -0.018274 -0.009200 -0.024151 0.999665 -0.009336 8.660300 0.018044 0.009773 0.999789 -1.275000 0.000000 0.000000 0.000000 1.000000
0.998369 0.015404 -0.054978 -0.009200 -0.016184 0.999774 -0.013772 8.660300 0.054754 0.014639 0.998393 -1.275000 0.000000 0.000000 0.000000 1.000000
0.995126 0.004823 -0.098497 -0.009200 -0.006521 0.999835 -0.016927 8.660300 0.098400 0.017487 0.994993 -1.275000 0.000000 0.000000 0.000000 1.000000
0.991928 -0.003529 -0.126751 -0.009200 0.001920 0.999916 -0.012821 8.660300 0.126785 0.012474 0.991852 -1.275000 0.000000 0.000000 0.000000 1.000000
0.989353 -0.004775 -0.145460 -0.009200 0.003611 0.999959 -0.008266 8.660300 0.145494 0.007653 0.989330 -1.275000 0.000000 0.000000 0.000000 1.000000
0.988340 -0.002099 -0.152246 -0.009200 0.000996 0.999973 -0.007325 8.660300 0.152257 0.007088 0.988316 -1.275000 0.000000 0.000000 0.000000 1.000000
0.987483 0.004311 -0.157667 -0.009200 -0.005535 0.999958 -0.007326 8.660300 0.157629 0.008107 0.987465 -1.275000 0.000000 0.000000 0.000000 1.000000
0.988254 0.012581 -0.152302 -0.009200 -0.015188 0.999757 -0.015971 8.660300 0.152064 0.018096 0.988205 -1.275000 0.000000 0.000000 0.000000 1.000000
0.991430 0.003075 -0.130605 -0.009200 -0.006721 0.999600 -0.027484 8.660300 0.130468 0.028126 0.991053 -1.275000 0.000000 0.000000 0.000000 1.000000
0.995155 -0.005722 -0.098150 -0.009200 0.002726 0.999527 -0.030635 8.660300 0.098279 0.030219 0.994700 -1.275000 0.000000 0.000000 0.000000 1.000000
0.998329 -0.006704 -0.057397 -0.009200 0.004925 0.999505 -0.031080 8.660300 0.057577 0.030745 0.997868 -1.275000 0.000000 0.000000 0.000000 1.000000
0.999960 -0.008875 -0.000820 -0.009200 0.008840 0.999334 -0.035407 8.660300 0.001134 0.035399 0.999373 -1.275000 0.000000 0.000000 0.000000 1.000000</float_array><technique_common><accessor source="#mixamorig_Spine1-Matrix-animation-output-transform-array" count="22" stride="16"><param type="float4x4"/></accessor></technique_common></source><source id="mixamorig_Spine1-Interpolations"><Name_array id="mixamorig_Spine1-Interpolations-array" count="22">
 LINEAR LINEAR LINEAR LINEAR LINEAR LINEAR LINEAR LINEAR LINEAR LINEAR LINEAR
LINEAR LINEAR LINEAR LINEAR LINEAR LINEAR LINEAR LINEAR LINEAR LINEAR LINEAR</Name_array><technique_common><accessor source="#mixamorig_Spine1-Interpolations-array" count="22"><param type="name"/></accessor></technique_common></source><sampler id="mixamorig_Spine1-Matrix-animation-transform"><input semantic="INPUT" source="#mixamorig_Spine1-Matrix-animation-input"/><input semantic="OUTPUT" source="#mixamorig_Spine1-Matrix-animation-output-transform"/><input semantic="INTERPOLATION" source="#mixamorig_Spine1-Interpolations"/></sampler><channel source="#mixamorig_Spine1-Matrix-animation-transform" target="mixamorig_Spine1/matrix"/></animation>
    <animation id="mixamorig_Spine2-anim" name="mixamorig_Spine2"><source id="mixamorig_Spine2-Matrix-animation-input"><float_array id="mixamorig_Spine2-Matrix-animation-input-array" count="22">

0.000000 0.033333 0.066667 0.100000 0.133333 0.166667 0.200000 0.233333 0.266667 0.300000 0.333333 0.366667 0.400000 0.433333 0.466667 0.500000
0.533333 0.566667 0.600000 0.633333 0.666667 0.700000</float_array><technique_common><accessor source="#mixamorig_Spine2-Matrix-animation-input-array" count="22"><param name="TIME" type="float"/></accessor></technique_common></source><source id="mixamorig_Spine2-Matrix-animation-output-transform"><float_array id="mixamorig_Spine2-Matrix-animation-output-transform-array" count="352">

0.999994 -0.003256 -0.000917 0.006300 0.003164 0.996209 -0.086933 9.852500 0.001196 0.086930 0.996214 -1.857000 0.000000 0.000000 0.000000 1.000000
0.998873 0.002795 0.047388 0.006300 0.001672 0.995574 -0.093966 9.852500 -0.047441 0.093940 0.994447 -1.857000 0.000000 0.000000 0.000000 1.000000
0.997187 0.008486 0.074473 0.006300 -0.002387 0.996663 -0.081596 9.852500 -0.074917 0.081189 0.993879 -1.857000 0.000000 0.000000 0.000000 1.000000
0.996159 0.015207 0.086229 0.006300 -0.009177 0.997511 -0.069907 9.852500 -0.087078 0.068848 0.993820 -1.857000 0.000000 0.000000 0.000000 1.000000
0.994934 0.020756 0.098367 0.006300 -0.015252 0.998293 -0.056376 9.852500 -0.099370 0.054590 0.993552 -1.857000 0.000000 0.000000 0.000000 1.000000
0.994388 0.014924 0.104732 0.006300 -0.010225 0.998923 -0.045256 9.852500 -0.105295 0.043931 0.993470 -1.857000 0.000000 0.000000 0.000000 1.000000
0.995305 0.013776 0.095798 0.006300 -0.008851 0.998626 -0.051646 9.852500 -0.096378 0.050556 0.994060 -1.857000 0.000000 0.000000 0.000000 1.000000
0.997089 0.018863 0.073875 0.006300 -0.014730 0.998317 -0.056096 9.852500 -0.074809 0.054845 0.995689 -1.857000 0.000000 0.000000 0.000000 1.000000
0.998431 0.025587 0.049803 0.006300 -0.022809 0.998194 -0.055565 9.852500 -0.051135 0.054342 0.997212 -1.857000 0.000000 0.000000 0.000000 1.000000
0.999396 0.030387 0.016872 0.006300 -0.029376 0.997927 -0.057263 9.852500 -0.018577 0.056733 0.998217 -1.857000 0.000000 0.000000 0.000000 1.000000
0.999401 0.028848 -0.019107 0.006300 -0.029958 0.997710 -0.060644 9.852500 0.017313 0.061180 0.997977 -1.857000 0.000000 0.000000 0.000000 1.000000
0.998278 0.018613 -0.055627 0.006300 -0.022218 0.997644 -0.064900 9.852500 0.054288 0.066024 0.996340 -1.857000 0.000000 0.000000 0.000000 1.000000
0.995094 0.007221 -0.098675 0.006300 -0.013927 0.997626 -0.067437 9.852500 0.097954 0.068480 0.992832 -1.857000 0.000000 0.000000 0.000000 1.000000
0.991917 -0.001665 -0.126881 0.006300 -0.006278 0.998045 -0.062177 9.852500 0.126737 0.062471 0.989967 -1.857000 0.000000 0.000000 0.000000 1.000000
0.989318 -0.002574 -0.145748 0.006300 -0.005605 0.998433 -0.055681 9.852500 0.145663 0.055903 0.987754 -1.857000 0.000000 0.000000 0.000000 1.000000
0.988359 0.000606 -0.152135 0.006300 -0.009045 0.998457 -0.054786 9.852500 0.151867 0.055524 0.986840 -1.857000 0.000000 0.000000 0.000000 1.000000
0.987502 0.007666 -0.157422 0.006300 -0.016625 0.998310 -0.055676 9.852500 0.156729 0.057598 0.985961 -1.857000 0.000000 0.000000 0.000000 1.000000
0.988177 0.016654 -0.152413 0.006300 -0.026664 0.997602 -0.063868 9.852500 0.150984 0.067177 0.986251 -1.857000 0.000000 0.000000 0.000000 1.000000
0.991366 0.007585 -0.130902 0.006300 -0.017632 0.996970 -0.075768 9.852500 0.129931 0.077422 0.988496 -1.857000 0.000000 0.000000 0.000000 1.000000
0.995136 -0.000900 -0.098505 0.006300 -0.006993 0.996790 -0.079752 9.852500 0.098261 0.080053 0.991936 -1.857000 0.000000 0.000000 0.000000 1.000000
0.998328 -0.001264 -0.057783 0.006300 -0.003451 0.996674 -0.081421 9.852500 0.057693 0.081484 0.995003 -1.857000 0.000000 0.000000 0.000000 1.000000
0.999994 -0.003256 -0.000917 0.006300 0.003164 0.996209 -0.086933 9.852500 0.001196 0.086930 0.996214 -1.857000 0.000000 0.000000 0.000000 1.000000</float_array><technique_common><accessor source="#mixamorig_Spine2-Matrix-animation-output-transform-array" count="22" stride="16"><param type="float4x4"/></accessor></technique_common></source><source id="mixamorig_Spine2-Interpolations"><Name_array id="mixamorig_Spine2-Interpolations-array" count="22">
 LINEAR LINEAR LINEAR LINEAR LINEAR LINEAR LINEAR LINEAR LINEAR LINEAR LINEAR
LINEAR LINEAR LINEAR LINEAR LINEAR LINEAR LINEAR LINEAR LINEAR LINEAR LINEAR</Name_array><technique_common><accessor source="#mixamorig_Spine2-Interpolations-array" count="22"><param type="name"/></accessor></technique_common></source><sampler id="mixamorig_Spine2-Matrix-animation-transform"><input semantic="INPUT" source="#mixamorig_Spine2-Matrix-animation-input"/><input semantic="OUTPUT" source="#mixamorig_Spine2-Matrix-animation-output-transform"/><input semantic="INTERPOLATION" source="#mixamorig_Spine2-Interpolations"/></sampler><channel source="#mixamorig_Spine2-Matrix-animation-transform" target="mixamorig_Spine2/matrix"/></animation>
    <animation id="mixamorig_Neck-anim" name="mixamorig_Neck"><source id="mixamorig_Neck-Matrix-animation-input"><float_array id="mixamorig_Neck-Matrix-animation-input-array" count="22">

0.000000 0.033333 0.066667 0.100000 0.133333 0.166667 0.200000 0.233333 0.266667 0.300000 0.333333 0.366667 0.400000 0.433333 0.466667 0.500000
0.533333 0.566667 0.600000 0.633333 0.666667 0.700000</float_array><technique_common><accessor source="#mixamorig_Neck-Matrix-animation-input-array" count="22"><param name="TIME" type="float"/></accessor></technique_common></source><source id="mixamorig_Neck-Matrix-animation-output-transform"><float_array id="mixamorig_Neck-Matrix-animation-output-transform-array" count="352">

0.999970 0.004850 -0.005963 0.016300 -0.004440 0.997744 0.066992 11.420800 0.006275 -0.066963 0.997736 -0.263300 0.000000 0.000000 0.000000 1.000000
0.999451 0.001539 -0.033081 0.016300 0.000453 0.998191 0.060114 11.420800 0.033114 -0.060096 0.997643 -0.263300 0.000000 0.000000 0.000000 1.000000
0.998808 0.024033 -0.042475 0.016300 -0.022016 0.998636 0.047342 11.420800 0.043554 -0.046350 0.997975 -0.263300 0.000000 0.000000 0.000000 1.000000
0.998440 0.001062 -0.055820 0.016300 0.001547 0.998909 0.046665 11.420800 0.055808 -0.046679 0.997350 -0.263300 0.000000 0.000000 0.000000 1.000000
0.997804 0.000383 -0.066231 0.016300 0.002044 0.999329 0.036576 11.420800 0.066201 -0.036631 0.997134 -0.263300 0.000000 0.000000 0.000000 1.000000
0.997510 0.027251 -0.065054 0.016300 -0.025981 0.999457 0.020291 11.420800 0.065572 -0.018550 0.997675 -0.263300 0.000000 0.000000 0.000000 1.000000
0.997994 0.017706 -0.060787 0.016300 -0.016365 0.999613 0.022500 11.420800 0.061162 -0.021460 0.997897 -0.263300 0.000000 0.000000 0.000000 1.000000
0.998711 0.015572 -0.048306 0.016300 -0.014423 0.999607 0.024055 11.420800 0.048661 -0.023327 0.998543 -0.263300 0.000000 0.000000 0.000000 1.000000
0.999365 0.012953 -0.033180 0.016300 -0.011970 0.999489 0.029650 11.420800 0.033547 -0.029234 0.999009 -0.263300 0.000000 0.000000 0.000000 1.000000
0.999843 0.001727 -0.017623 0.016300 -0.000798 0.998614 0.052624 11.420800 0.017690 -0.052602 0.998459 -0.263300 0.000000 0.000000 0.000000 1.000000
0.999684 -0.025064 -0.001698 0.016300 0.025121 0.997686 0.063180 11.420800 0.000111 -0.063203 0.998001 -0.263300 0.000000 0.000000 0.000000 1.000000
0.999763 -0.007244 0.020518 0.016300 0.006205 0.998717 0.050261 11.420800 -0.020856 -0.050122 0.998525 -0.263300 0.000000 0.000000 0.000000 1.000000
0.998745 -0.035298 0.035540 0.016300 0.033788 0.998537 0.042223 11.420800 -0.036978 -0.040970 0.998476 -0.263300 0.000000 0.000000 0.000000 1.000000
0.997978 -0.027544 0.057276 0.016300 0.024968 0.998665 0.045213 11.420800 -0.058445 -0.043692 0.997334 -0.263300 0.000000 0.000000 0.000000 1.000000
0.996738 0.001946 0.080686 0.016300 -0.006437 0.998442 0.055434 11.420800 -0.080452 -0.055773 0.995197 -0.263300 0.000000 0.000000 0.000000 1.000000
0.996210 -0.012509 0.086080 0.016300 0.008744 0.998995 0.043969 11.420800 -0.086544 -0.043050 0.995317 -0.263300 0.000000 0.000000 0.000000 1.000000
0.995533 -0.045314 0.082830 0.016300 0.043698 0.998819 0.021221 11.420800 -0.083694 -0.017507 0.996338 -0.263300 0.000000 0.000000 0.000000 1.000000
0.995363 -0.055968 0.078237 0.016300 0.054279 0.998248 0.023564 11.420800 -0.079419 -0.019208 0.996656 -0.263300 0.000000 0.000000 0.000000 1.000000
0.996859 -0.033754 0.071638 0.016300 0.030571 0.998516 0.045065 11.420800 -0.073053 -0.042734 0.996412 -0.263300 0.000000 0.000000 0.000000 1.000000
0.998311 -0.000334 0.058087 0.016300 -0.003354 0.997983 0.063388 11.420800 -0.057992 -0.063476 0.996297 -0.263300 0.000000 0.000000 0.000000 1.000000
0.999499 0.008562 0.030467 0.016300 -0.010556 0.997771 0.065892 11.420800 -0.029835 -0.066181 0.997362 -0.263300 0.000000 0.000000 0.000000 1.000000
0.999970 0.004850 -0.005963 0.016300 -0.004440 0.997744 0.066992 11.420800 0.006275 -0.066963 0.997736 -0.263300 0.000000 0.000000 0.000000 1.000000</float_array><technique_common><accessor source="#mixamorig_Neck-Matrix-animation-output-transform-array" count="22" stride="16"><param type="float4x4"/></accessor></technique_common></source><source id="mixamorig_Neck-Interpolations"><Name_array id="mixamorig_Neck-Interpolations-array" count="22">
 LINEAR LINEAR LINEAR LINEAR LINEAR LINEAR LINEAR LINEAR LINEAR LINEAR LINEAR
LINEAR LINEAR LINEAR LINEAR LINEAR LINEAR LINEAR LINEAR LINEAR LINEAR LINEAR</Name_array><technique_common><accessor source="#mixamorig_Neck-Interpolations-array" count="22"><param type="name"/></accessor></technique_common></source><sampler id="mixamorig_Neck-Matrix-animation-transform"><input semantic="INPUT" source="#mixamorig_Neck-Matrix-animation-input"/><input semantic="OUTPUT" source="#mixamorig_Neck-Matrix-animation-output-transform"/><input semantic="INTERPOLATION" source="#mixamorig_Neck-Interpolations"/></sampler><channel source="#mixamorig_Neck-Matrix-animation-transform" target="mixamorig_Neck/matrix"/></animation>
    <animation id="mixamorig_Head-anim" name="mixamorig_Head"><source id="mixamorig_Head-Matrix-animation-input"><float_array id="mixamorig_Head-Matrix-animation-input-array" count="22">

0.000000 0.033333 0.066667 0.100000 0.133333 0.166667 0.200000 0.233333 0.266667 0.300000 0.333333 0.366667 0.400000 0.433333 0.466667 0.500000
0.533333 0.566667 0.600000 0.633333 0.666667 0.700000</float_array><technique_common><accessor source="#mixamorig_Head-Matrix-animation-input-array" count="22"><param name="TIME" type="float"/></accessor></technique_common></source><source id="mixamorig_Head-Matrix-animation-output-transform"><float_array id="mixamorig_Head-Matrix-animation-output-transform-array" count="352">

0.998399 0.054764 0.014124 -0.019200 -0.056531 0.958949 0.277887 9.262400 0.001674 -0.278240 0.960510 2.362500 0.000000 0.000000 0.000000 1.000000
0.989400 0.074373 -0.124724 -0.019200 -0.039607 0.964536 0.260961 9.262400 0.139709 -0.253255 0.957258 2.362500 0.000000 0.000000 0.000000 1.000000
0.971698 0.020755 -0.235311 -0.019200 0.025127 0.981400 0.190323 9.262400 0.234885 -0.190849 0.953103 2.362500 0.000000 0.000000 0.000000 1.000000
0.952070 -0.005717 -0.305826 -0.019200 0.047649 0.990392 0.129822 9.262400 0.302145 -0.138172 0.943195 2.362500 0.000000 0.000000 0.000000 1.000000
0.917800 -0.036765 -0.395336 -0.019200 0.074311 0.994015 0.080078 9.262400 0.390026 -0.102874 0.915039 2.362500 0.000000 0.000000 0.000000 1.000000
0.896920 -0.064710 -0.437432 -0.019200 0.087056 0.995715 0.031204 9.262400 0.433539 -0.066068 0.898710 2.362500 0.000000 0.000000 0.000000 1.000000
0.915019 -0.058461 -0.399153 -0.019200 0.068296 0.997610 0.010449 9.262400 0.397588 -0.036822 0.916825 2.362500 0.000000 0.000000 0.000000 1.000000
0.944794 -0.049934 -0.323837 -0.019200 0.060101 0.997962 0.021463 9.262400 0.322105 -0.039741 0.945869 2.362500 0.000000 0.000000 0.000000 1.000000
0.972025 -0.043426 -0.230828 -0.019200 0.055662 0.997354 0.046763 9.262400 0.228187 -0.058303 0.971870 2.362500 0.000000 0.000000 0.000000 1.000000
0.991883 -0.023806 -0.124905 -0.019200 0.039931 0.990940 0.128233 9.262400 0.120720 -0.132180 0.983847 2.362500 0.000000 0.000000 0.000000 1.000000
0.999641 -0.024602 0.010616 -0.019200 0.021865 0.977981 0.207544 9.262400 -0.015488 -0.207237 0.978168 2.362500 0.000000 0.000000 0.000000 1.000000
0.993009 -0.041417 0.110538 -0.019200 0.016527 0.975983 0.217218 9.262400 -0.116879 -0.213873 0.969844 2.362500 0.000000 0.000000 0.000000 1.000000
0.969125 -0.017091 0.245977 -0.019200 -0.036029 0.977072 0.209841 9.262400 -0.243923 -0.212224 0.946289 2.362500 0.000000 0.000000 0.000000 1.000000
0.929141 -0.000617 0.369726 -0.019200 -0.067609 0.982854 0.171545 9.262400 -0.363493 -0.184386 0.913168 2.362500 0.000000 0.000000 0.000000 1.000000
0.885980 0.006699 0.463674 -0.019200 -0.065702 0.991622 0.111217 9.262400 -0.459045 -0.129000 0.878998 2.362500 0.000000 0.000000 0.000000 1.000000
0.853810 0.024106 0.520027 -0.019200 -0.067856 0.995558 0.065260 9.262400 -0.516144 -0.091007 0.851653 2.362500 0.000000 0.000000 0.000000 1.000000
0.844130 0.035657 0.534951 -0.019200 -0.078285 0.995289 0.057190 9.262400 -0.530392 -0.090154 0.842945 2.362500 0.000000 0.000000 0.000000 1.000000
0.858920 0.020918 0.511682 -0.019200 -0.079488 0.992502 0.092855 9.262400 -0.505903 -0.120427 0.854143 2.362500 0.000000 0.000000 0.000000 1.000000
0.893553 0.005191 0.448928 -0.019200 -0.076349 0.987125 0.140552 9.262400 -0.442419 -0.159866 0.882445 2.362500 0.000000 0.000000 0.000000 1.000000
0.943098 0.003113 0.332499 -0.019200 -0.062970 0.983534 0.169399 9.262400 -0.326497 -0.180698 0.927765 2.362500 0.000000 0.000000 0.000000 1.000000
0.982797 0.010230 0.184404 -0.019200 -0.050468 0.975338 0.214869 9.262400 -0.177658 -0.220479 0.959076 2.362500 0.000000 0.000000 0.000000 1.000000
0.998399 0.054764 0.014124 -0.019200 -0.056531 0.958949 0.277887 9.262400 0.001674 -0.278240 0.960510 2.362500 0.000000 0.000000 0.000000 1.000000</float_array><technique_common><accessor source="#mixamorig_Head-Matrix-animation-output-transform-array" count="22" stride="16"><param type="float4x4"/></accessor></technique_common></source><source id="mixamorig_Head-Interpolations"><Name_array id="mixamorig_Head-Interpolations-array" count="22">
 LINEAR LINEAR LINEAR LINEAR LINEAR LINEAR LINEAR LINEAR LINEAR LINEAR LINEAR
LINEAR LINEAR LINEAR LINEAR LINEAR LINEAR LINEAR LINEAR LINEAR LINEAR LINEAR</Name_array><technique_common><accessor source="#mixamorig_Head-Interpolations-array" count="22"><param type="name"/></accessor></technique_common></source><sampler id="mixamorig_Head-Matrix-animation-transform"><input semantic="INPUT" source="#mixamorig_Head-Matrix-animation-input"/><input semantic="OUTPUT" source="#mixamorig_Head-Matrix-animation-output-transform"/><input semantic="INTERPOLATION" source="#mixamorig_Head-Interpolations"/></sampler><channel source="#mixamorig_Head-Matrix-animation-transform" target="mixamorig_Head/matrix"/></animation>
    <animation id="mixamorig_LeftShoulder-anim" name="mixamorig_LeftShoulder"><source id="mixamorig_LeftShoulder-Matrix-animation-input"><float_array id="mixamorig_LeftShoulder-Matrix-animation-input-array" count="22">

0.000000 0.033333 0.066667 0.100000 0.133333 0.166667 0.200000 0.233333 0.266667 0.300000 0.333333 0.366667 0.400000 0.433333 0.466667 0.500000
0.533333 0.566667 0.600000 0.633333 0.666667 0.700000</float_array><technique_common><accessor source="#mixamorig_LeftShoulder-Matrix-animation-input-array" count="22"><param name="TIME" type="float"/></accessor></technique_common></source><source id="mixamorig_LeftShoulder-Matrix-animation-output-transform"><float_array id="mixamorig_LeftShoulder-Matrix-animation-output-transform-array" count="352">

0.976271 0.203063 -0.075233 5.616900 -0.204348 0.978850 -0.009707 6.732200 0.071670 0.024850 0.997119 -0.345700 0.000000 0.000000 0.000000 1.000000
0.980599 0.181504 -0.074045 5.616900 -0.182718 0.983115 -0.009908 6.732200 0.070996 0.023245 0.997206 -0.345700 0.000000 0.000000 0.000000 1.000000
0.988955 0.145574 -0.027850 5.616900 -0.145887 0.989255 -0.009540 6.732200 0.026162 0.013498 0.999567 -0.345700 0.000000 0.000000 0.000000 1.000000
0.994869 0.100015 0.015245 5.616900 -0.099915 0.994970 -0.007222 6.732200 -0.015890 0.005662 0.999858 -0.345700 0.000000 0.000000 0.000000 1.000000
0.999386 0.032863 0.012121 5.616900 -0.032804 0.999449 -0.005090 6.732200 -0.012281 0.004689 0.999914 -0.345700 0.000000 0.000000 0.000000 1.000000
0.999973 -0.000595 0.007316 5.616900 0.000613 0.999997 -0.002406 6.732200 -0.007314 0.002410 0.999970 -0.345700 0.000000 0.000000 0.000000 1.000000
0.999867 -0.007318 0.014553 5.616900 0.007324 0.999973 -0.000315 6.732200 -0.014550 0.000422 0.999894 -0.345700 0.000000 0.000000 0.000000 1.000000
0.999836 0.015916 -0.008689 5.616900 -0.015971 0.999853 -0.006201 6.732200 0.008589 0.006339 0.999943 -0.345700 0.000000 0.000000 0.000000 1.000000
0.992374 0.102757 -0.068082 5.616900 -0.103697 0.994555 -0.010401 6.732200 0.066643 0.017382 0.997625 -0.345700 0.000000 0.000000 0.000000 1.000000
0.966361 0.214838 -0.141392 5.616900 -0.218131 0.975887 -0.008026 6.732200 0.136258 0.038598 0.989921 -0.345700 0.000000 0.000000 0.000000 1.000000
0.956072 0.246559 -0.158543 5.616900 -0.250627 0.968066 -0.005882 6.732200 0.152030 0.045359 0.987335 -0.345700 0.000000 0.000000 0.000000 1.000000
0.956702 0.236441 -0.169756 5.616900 -0.240935 0.970522 -0.006079 6.732200 0.163315 0.046716 0.985467 -0.345700 0.000000 0.000000 0.000000 1.000000
0.967420 0.165439 -0.191648 5.616900 -0.170488 0.985309 -0.010046 6.732200 0.187170 0.042393 0.981412 -0.345700 0.000000 0.000000 0.000000 1.000000
0.979533 0.118969 -0.162362 5.616900 -0.122620 0.992373 -0.012619 6.732200 0.159623 0.032269 0.986651 -0.345700 0.000000 0.000000 0.000000 1.000000
0.987956 0.099525 -0.118479 5.616900 -0.101676 0.994742 -0.012233 6.732200 0.116639 0.024132 0.992881 -0.345700 0.000000 0.000000 0.000000 1.000000
0.992582 0.077622 -0.093575 5.616900 -0.079063 0.996800 -0.011786 6.732200 0.092361 0.019097 0.995542 -0.345700 0.000000 0.000000 0.000000 1.000000
0.994858 0.058853 -0.082423 5.616900 -0.060000 0.998132 -0.011516 6.732200 0.081591 0.016402 0.996531 -0.345700 0.000000 0.000000 0.000000 1.000000
0.994623 0.060288 -0.084200 5.616900 -0.061478 0.998041 -0.011608 6.732200 0.083335 0.016722 0.996381 -0.345700 0.000000 0.000000 0.000000 1.000000
0.991686 0.098634 -0.082642 5.616900 -0.099877 0.994939 -0.011033 6.732200 0.081135 0.019196 0.996518 -0.345700 0.000000 0.000000 0.000000 1.000000
0.983719 0.156390 -0.088536 5.616900 -0.157903 0.987401 -0.010310 6.732200 0.085808 0.024123 0.996020 -0.345700 0.000000 0.000000 0.000000 1.000000
0.981453 0.178418 -0.070124 5.616900 -0.179540 0.983700 -0.009994 6.732200 0.067198 0.022399 0.997488 -0.345700 0.000000 0.000000 0.000000 1.000000
0.976271 0.203063 -0.075232 5.616900 -0.204348 0.978850 -0.009707 6.732200 0.071670 0.024850 0.997119 -0.345700 0.000000 0.000000 0.000000 1.000000</float_array><technique_common><accessor source="#mixamorig_LeftShoulder-Matrix-animation-output-transform-array" count="22" stride="16"><param type="float4x4"/></accessor></technique_common></source><source id="mixamorig_LeftShoulder-Interpolations"><Name_array id="mixamorig_LeftShoulder-Interpolations-array" count="22">
 LINEAR LINEAR LINEAR LINEAR LINEAR LINEAR LINEAR LINEAR LINEAR LINEAR LINEAR
LINEAR LINEAR LINEAR LINEAR LINEAR LINEAR LINEAR LINEAR LINEAR LINEAR LINEAR</Name_array><technique_common><accessor source="#mixamorig_LeftShoulder-Interpolations-array" count="22"><param type="name"/></accessor></technique_common></source><sampler id="mixamorig_LeftShoulder-Matrix-animation-transform"><input semantic="INPUT" source="#mixamorig_LeftShoulder-Matrix-animation-input"/><input semantic="OUTPUT" source="#mixamorig_LeftShoulder-Matrix-animation-output-transform"/><input semantic="INTERPOLATION" source="#mixamorig_LeftShoulder-Interpolations"/></sampler><channel source="#mixamorig_LeftShoulder-Matrix-animation-transform" target="mixamorig_LeftShoulder/matrix"/></animation>
    <animation id="mixamorig_LeftArm-anim" name="mixamorig_LeftArm"><source id="mixamorig_LeftArm-Matrix-animation-input"><float_array id="mixamorig_LeftArm-Matrix-animation-input-array" count="22">

0.000000 0.033333 0.066667 0.100000 0.133333 0.166667 0.200000 0.233333 0.266667 0.300000 0.333333 0.366667 0.400000 0.433333 0.466667 0.500000
0.533333 0.566667 0.600000 0.633333 0.666667 0.700000</float_array><technique_common><accessor source="#mixamorig_LeftArm-Matrix-animation-input-array" count="22"><param name="TIME" type="float"/></accessor></technique_common></source><source id="mixamorig_LeftArm-Matrix-animation-output-transform"><float_array id="mixamorig_LeftArm-Matrix-animation-output-transform-array" count="352">

0.538788 0.833227 -0.124262 10.664800 -0.838139 0.515284 -0.178901 -0.188500 -0.085035 0.200539 0.975988 -2.440700 0.000000 0.000000 0.000000 1.000000
0.569163 0.817320 -0.089677 10.664800 -0.804233 0.530695 -0.267529 -0.188500 -0.171066 0.224388 0.959368 -2.440700 0.000000 0.000000 0.000000 1.000000
0.601706 0.792792 -0.097113 10.664800 -0.749120 0.517978 -0.412938 -0.188500 -0.277071 0.321217 0.905567 -2.440700 0.000000 0.000000 0.000000 1.000000
0.644339 0.757071 -0.108033 10.664800 -0.682438 0.505476 -0.527990 -0.188500 -0.345117 0.413931 0.842351 -2.440700 0.000000 0.000000 0.000000 1.000000
0.650904 0.747347 -0.133402 10.664800 -0.641869 0.447943 -0.622375 -0.188500 -0.405373 0.490733 0.771267 -2.440700 0.000000 0.000000 0.000000 1.000000
0.643452 0.754393 -0.129849 10.664800 -0.611119 0.404097 -0.680617 -0.188500 -0.460981 0.517297 0.721041 -2.440700 0.000000 0.000000 0.000000 1.000000
0.606540 0.789665 -0.092406 10.664800 -0.609943 0.387615 -0.691175 -0.188500 -0.509979 0.475588 0.716755 -2.440700 0.000000 0.000000 0.000000 1.000000
0.548173 0.835393 -0.040306 10.664800 -0.650662 0.395684 -0.648131 -0.188500 -0.525495 0.381513 0.760462 -2.440700 0.000000 0.000000 0.000000 1.000000
0.540017 0.840925 0.035007 10.664800 -0.707659 0.476168 -0.521999 -0.188500 -0.455632 0.257115 0.852227 -2.440700 0.000000 0.000000 0.000000 1.000000
0.593250 0.799592 0.093308 10.664800 -0.767432 0.596743 -0.234405 -0.188500 -0.243110 0.067453 0.967651 -2.440700 0.000000 0.000000 0.000000 1.000000
0.566019 0.823945 -0.027144 10.664800 -0.811291 0.562569 0.159131 -0.188500 0.146386 -0.068050 0.986884 -2.440700 0.000000 0.000000 0.000000 1.000000
0.477908 0.874647 -0.081218 10.664800 -0.778916 0.464704 0.421118 -0.188500 0.406072 -0.137993 0.903362 -2.440700 0.000000 0.000000 0.000000 1.000000
0.457080 0.886920 -0.066714 10.664800 -0.761472 0.428982 0.485937 -0.188500 0.459607 -0.171311 0.871444 -2.440700 0.000000 0.000000 0.000000 1.000000
0.484841 0.864041 -0.135510 10.664800 -0.750763 0.490643 0.442294 -0.188500 0.448647 -0.112706 0.886574 -2.440700 0.000000 0.000000 0.000000 1.000000
0.582073 0.789219 -0.195768 10.664800 -0.721894 0.612366 0.322301 -0.188500 0.374247 -0.046279 0.926173 -2.440700 0.000000 0.000000 0.000000 1.000000
0.682371 0.690477 -0.240024 10.664800 -0.658021 0.723202 0.209730 -0.188500 0.318399 0.014827 0.947841 -2.440700 0.000000 0.000000 0.000000 1.000000
0.722321 0.657086 -0.215617 10.664800 -0.651278 0.751194 0.107446 -0.188500 0.232571 0.062816 0.970549 -2.440700 0.000000 0.000000 0.000000 1.000000
0.692017 0.703719 -0.160908 10.664800 -0.707497 0.705440 0.042456 -0.188500 0.143388 0.084462 0.986056 -2.440700 0.000000 0.000000 0.000000 1.000000
0.621825 0.773521 -0.122466 10.664800 -0.781444 0.623166 -0.031758 -0.188500 0.051751 0.115449 0.991964 -2.440700 0.000000 0.000000 0.000000 1.000000
0.545249 0.828689 -0.126408 10.664800 -0.837966 0.534725 -0.109010 -0.188500 -0.022742 0.165363 0.985971 -2.440700 0.000000 0.000000 0.000000 1.000000
0.500167 0.852975 -0.149219 10.664800 -0.864235 0.480948 -0.147603 -0.188500 -0.054135 0.202786 0.977725 -2.440700 0.000000 0.000000 0.000000 1.000000
0.538788 0.833227 -0.124262 10.664800 -0.838139 0.515284 -0.178901 -0.188500 -0.085035 0.200539 0.975988 -2.440700 0.000000 0.000000 0.000000 1.000000</float_array><technique_common><accessor source="#mixamorig_LeftArm-Matrix-animation-output-transform-array" count="22" stride="16"><param type="float4x4"/></accessor></technique_common></source><source id="mixamorig_LeftArm-Interpolations"><Name_array id="mixamorig_LeftArm-Interpolations-array" count="22">
