<?xml version="1.0" encoding="utf-8"?>
<COLLADA xmlns="http://www.collada.org/2005/11/COLLADASchema" version="1.4.1">
  <asset><contributor><author>Mixamo</author><authoring_tool>COLLADA Mixamo exporter</authoring_tool><comments></comments></contributor><created>2018-12-18T20:59:45Z</created><modified>2018-12-18T20:59:45Z</modified><revision></revision><title></title><unit meter="0.010000"/><up_axis>Y_UP</up_axis></asset>
  <library_animations>
    <animation id="Hips-anim" name="Hips"><source id="Hips-Matrix-animation-input"><float_array id="Hips-Matrix-animation-input-array" count="20">

0.000000 0.033333 0.066667 0.100000 0.133333 0.166667 0.200000 0.233333 0.266667 0.300000 0.333333 0.366667 0.400000 0.433333 0.466667 0.500000
0.533333 0.566667 0.600000 0.633333</float_array><technique_common><accessor source="#Hips-Matrix-animation-input-array" count="20"><param name="TIME" type="float"/></accessor></technique_common></source><source id="Hips-Matrix-animation-output-transform"><float_array id="Hips-Matrix-animation-output-transform-array" count="320">

0.992812 0.051436 -0.108065 0.269880 -0.065756 0.988873 -0.133440 88.387955 0.099999 0.139587 0.985148 0.596118 0.000000 0.000000 0.000000 1.000000
0.995925 0.021728 -0.087533 0.069309 -0.034131 0.989162 -0.142806 89.664276 0.083482 0.145212 0.985872 20.460606 0.000000 0.000000 0.000000 1.000000
0.997763 0.001505 -0.066836 -0.235965 -0.012940 0.985189 -0.170986 91.754112 0.065588 0.171468 0.983004 38.914787 0.000000 0.000000 0.000000 1.000000
0.998405 0.014516 -0.054569 -0.519694 -0.024042 0.983699 -0.178208 92.830963 0.051092 0.179236 0.982479 57.493977 0.000000 0.000000 0.000000 1.000000
0.999754 0.014382 -0.016911 -0.718517 -0.016717 0.988961 -0.147233 92.313927 0.014606 0.147479 0.988957 75.430779 0.000000 0.000000 0.000000 1.000000
0.998308 -0.006937 0.057734 -0.594397 0.013601 0.993175 -0.115840 90.413307 -0.056537 0.116429 0.991589 93.647522 0.000000 0.000000 0.000000 1.000000
0.991045 -0.042093 0.126720 -0.410818 0.056785 0.991780 -0.114660 88.790100 -0.120852 0.120829 0.985289 112.290932 0.000000 0.000000 0.000000 1.000000
0.983833 -0.090385 0.154607 0.244353 0.112527 0.983588 -0.141042 87.554436 -0.139321 0.156159 0.977857 128.222412 0.000000 0.000000 0.000000 1.000000
0.981199 -0.105626 0.161531 0.359725 0.133730 0.975550 -0.174410 86.550896 -0.139160 0.192732 0.971334 146.082764 0.000000 0.000000 0.000000 1.000000
0.985671 -0.062550 0.156656 0.452710 0.093373 0.975766 -0.197892 87.265221 -0.140481 0.209684 0.967625 166.823868 0.000000 0.000000 0.000000 1.000000
0.987725 -0.022716 0.154543 0.795651 0.054961 0.976643 -0.207720 88.176430 -0.146215 0.213664 0.965903 189.012619 0.000000 0.000000 0.000000 1.000000
0.988297 -0.006086 0.152419 1.179838 0.038843 0.976306 -0.212879 90.601105 -0.147512 0.216308 0.965117 208.730331 0.000000 0.000000 0.000000 1.000000
0.989655 -0.010311 0.143095 1.128464 0.041016 0.976118 -0.213336 92.512329 -0.137478 0.216998 0.966443 227.729874 0.000000 0.000000 0.000000 1.000000
0.990575 -0.012868 0.136364 1.146493 0.040000 0.979356 -0.198146 93.336174 -0.130999 0.201733 0.970640 245.582413 0.000000 0.000000 0.000000 1.000000
0.992552 -0.018438 0.120420 1.162601 0.039138 0.984340 -0.171878 92.807739 -0.115365 0.175311 0.977730 264.400513 0.000000 0.000000 0.000000 1.000000
0.996988 -0.025981 0.073076 1.294135 0.037295 0.986733 -0.158010 91.207565 -0.068002 0.160260 0.984730 282.482239 0.000000 0.000000 0.000000 1.000000
0.999845 -0.008320 -0.015534 1.189257 0.005659 0.986432 -0.164074 90.158745 0.016688 0.163960 0.986326 301.339905 0.000000 0.000000 0.000000 1.000000
0.995637 0.026687 -0.089409 0.720276 -0.040814 0.986254 -0.160117 89.288513 0.083906 0.163068 0.983040 319.603638 0.000000 0.000000 0.000000 1.000000
0.991794 0.057105 -0.114380 0.459390 -0.073248 0.987106 -0.142324 88.424728 0.104778 0.149535 0.983189 337.136292 0.000000 0.000000 0.000000 1.000000
0.992812 0.051436 -0.108065 0.269881 -0.065757 0.988873 -0.133440 88.387947 0.099999 0.139587 0.985148 357.525574 0.000000 0.000000 0.000000 1.000000</float_array><technique_common><accessor source="#Hips-Matrix-animation-output-transform-array" count="20" stride="16"><param type="float4x4"/></accessor></technique_common></source><source id="Hips-Interpolations"><Name_array id="Hips-Interpolations-array" count="20">
 LINEAR LINEAR LINEAR LINEAR LINEAR LINEAR LINEAR LINEAR LINEAR LINEAR LINEAR
LINEAR LINEAR LINEAR LINEAR LINEAR LINEAR LINEAR LINEAR LINEAR</Name_array><technique_common><accessor source="#Hips-Interpolations-array" count="20"><param type="name"/></accessor></technique_common></source><sampler id="Hips-Matrix-animation-transform"><input semantic="INPUT" source="#Hips-Matrix-animation-input"/><input semantic="OUTPUT" source="#Hips-Matrix-animation-output-transform"/><input semantic="INTERPOLATION" source="#Hips-Interpolations"/></sampler><channel source="#Hips-Matrix-animation-transform" target="Hips/matrix"/></animation>
    <animation id="Spine-anim" name="Spine"><source id="Spine-Matrix-animation-input"><float_array id="Spine-Matrix-animation-input-array" count="20">

0.000000 0.033333 0.066667 0.100000 0.133333 0.166667 0.200000 0.233333 0.266667 0.300000 0.333333 0.366667 0.400000 0.433333 0.466667 0.500000
0.533333 0.566667 0.600000 0.633333</float_array><technique_common><accessor source="#Spine-Matrix-animation-input-array" count="20"><param name="TIME" type="float"/></accessor></technique_common></source><source id="Spine-Matrix-animation-output-transform"><float_array id="Spine-Matrix-animation-output-transform-array" count="320">

0.967977 -0.011388 0.250782 0.000000 0.069333 0.972243 -0.223465 9.226300 -0.241276 0.233696 0.941898 1.577100 0.000000 0.000000 0.000000 1.000000
0.961773 0.021150 0.273030 0.000000 0.021450 0.988132 -0.152105 9.226300 -0.273007 0.152147 0.949904 1.577100 0.000000 0.000000 0.000000 1.000000
0.958127 0.030300 0.284735 -0.000000 -0.008902 0.997057 -0.076147 9.226300 -0.286204 0.070424 0.955577 1.577100 0.000000 0.000000 0.000000 1.000000
0.957726 0.004240 0.287652 -0.000000 0.010263 0.998751 -0.048895 9.226300 -0.287500 0.049780 0.956486 1.577100 0.000000 0.000000 0.000000 1.000000
0.970351 0.016746 0.241121 -0.000000 0.008636 0.994558 -0.103824 9.226300 -0.241548 0.102828 0.964925 1.577100 0.000000 0.000000 0.000000 1.000000
0.988324 0.065511 0.137568 0.000000 -0.039536 0.982189 -0.183690 9.226300 -0.147151 0.176106 0.973310 1.577100 0.000000 0.000000 0.000000 1.000000
0.993472 0.113192 0.014212 -0.000000 -0.106560 0.965230 -0.238695 9.226300 -0.040736 0.235623 0.970991 1.577100 0.000000 0.000000 0.000000 1.000000
0.984385 0.152380 -0.088124 0.000000 -0.169971 0.953015 -0.250744 9.226300 0.045776 0.261807 0.964034 1.577100 0.000000 0.000000 0.000000 1.000000
0.971707 0.163057 -0.170875 0.000000 -0.196137 0.960140 -0.199152 9.226300 0.131591 0.227032 0.964956 1.577100 0.000000 0.000000 0.000000 1.000000
0.963408 0.126791 -0.236153 0.000000 -0.153239 0.983401 -0.097163 9.226300 0.219914 0.129796 0.966846 1.577100 0.000000 0.000000 0.000000 1.000000
0.953897 0.082550 -0.288558 0.000000 -0.085673 0.996322 0.001812 9.226300 0.287646 0.022993 0.957461 1.577100 0.000000 0.000000 0.000000 1.000000
0.948770 0.053626 -0.311383 0.000000 -0.039332 0.997872 0.052011 9.226300 0.313509 -0.037100 0.948860 1.577100 0.000000 0.000000 0.000000 1.000000
0.951199 0.053118 -0.303972 0.000000 -0.037417 0.997658 0.057251 9.226300 0.306302 -0.043083 0.950959 1.577100 0.000000 0.000000 0.000000 1.000000
0.958025 0.052761 -0.281786 0.000000 -0.046948 0.998523 0.027347 9.226300 0.282813 -0.012970 0.959087 1.577100 0.000000 0.000000 0.000000 1.000000
0.971923 0.041621 -0.231590 0.000000 -0.051293 0.998038 -0.035896 9.226300 0.229642 0.046767 0.972151 1.577100 0.000000 0.000000 0.000000 1.000000
0.990408 0.021590 -0.136474 -0.000000 -0.038922 0.991313 -0.125633 9.226300 0.132576 0.129740 0.982645 1.577100 0.000000 0.000000 0.000000 1.000000
0.999976 -0.006951 -0.000286 0.000000 0.006733 0.977272 -0.211880 9.226300 0.001753 0.211873 0.977296 1.577100 0.000000 0.000000 0.000000 1.000000
0.992481 -0.029482 0.118798 0.000000 0.059642 0.964028 -0.259022 9.226300 -0.106888 0.264160 0.958538 1.577100 0.000000 0.000000 0.000000 1.000000
0.978689 -0.036107 0.202150 0.000000 0.089184 0.961470 -0.260042 9.226300 -0.184972 0.272528 0.944200 1.577100 0.000000 0.000000 0.000000 1.000000
0.967977 -0.011388 0.250782 0.000000 0.069333 0.972243 -0.223465 9.226300 -0.241276 0.233696 0.941898 1.577100 0.000000 0.000000 0.000000 1.000000</float_array><technique_common><accessor source="#Spine-Matrix-animation-output-transform-array" count="20" stride="16"><param type="float4x4"/></accessor></technique_common></source><source id="Spine-Interpolations"><Name_array id="Spine-Interpolations-array" count="20">
 LINEAR LINEAR LINEAR LINEAR LINEAR LINEAR LINEAR LINEAR LINEAR LINEAR LINEAR
LINEAR LINEAR LINEAR LINEAR LINEAR LINEAR LINEAR LINEAR LINEAR</Name_array><technique_common><accessor source="#Spine-Interpolations-array" count="20"><param type="name"/></accessor></technique_common></source><sampler id="Spine-Matrix-animation-transform"><input semantic="INPUT" source="#Spine-Matrix-animation-input"/><input semantic="OUTPUT" source="#Spine-Matrix-animation-output-transform"/><input semantic="INTERPOLATION" source="#Spine-Interpolations"/></sampler><channel source="#Spine-Matrix-animation-transform" target="Spine/matrix"/></animation>
    <animation id="Spine1-anim" name="Spine1"><source id="Spine1-Matrix-animation-input"><float_array id="Spine1-Matrix-animation-input-array" count="20">

0.000000 0.033333 0.066667 0.100000 0.133333 0.166667 0.200000 0.233333 0.266667 0.300000 0.333333 0.366667 0.400000 0.433333 0.466667 0.500000
0.533333 0.566667 0.600000 0.633333</float_array><technique_common><accessor source="#Spine1-Matrix-animation-input-array" count="20"><param name="TIME" type="float"/></accessor></technique_common></source><source id="Spine1-Matrix-animation-output-transform"><float_array id="Spine1-Matrix-animation-output-transform-array" count="320">

0.999243 -0.023499 0.031011 -0.000000 0.021621 0.997990 0.059566 16.254000 -0.032348 -0.058850 0.997743 -0.165600 0.000000 0.000000 0.000000 1.000000
0.999175 -0.020938 0.034810 -0.000000 0.019703 0.999177 0.035465 16.254000 -0.035524 -0.034750 0.998764 -0.165600 0.000000 0.000000 0.000000 1.000000
0.999249 -0.009783 0.037500 0.000000 0.009432 0.999910 0.009519 16.254000 -0.037590 -0.009158 0.999251 -0.165600 0.000000 0.000000 0.000000 1.000000
0.999255 0.003117 0.038472 0.000000 -0.003075 0.999995 -0.001151 16.254000 -0.038475 0.001032 0.999259 -0.165600 0.000000 0.000000 0.000000 1.000000
0.999478 -0.000892 0.032280 -0.000000 0.000780 0.999994 0.003508 16.254000 -0.032283 -0.003481 0.999473 -0.165600 0.000000 0.000000 0.000000 1.000000
0.999529 -0.025089 0.017676 0.000000 0.024716 0.999473 0.021064 16.254000 -0.018195 -0.020618 0.999622 -0.165600 0.000000 0.000000 0.000000 1.000000
0.998625 -0.052416 0.001135 0.000000 0.052297 0.997412 0.049346 16.254000 -0.003719 -0.049219 0.998781 -0.165600 0.000000 0.000000 0.000000 1.000000
0.997510 -0.069542 -0.011704 0.000000 0.070124 0.995710 0.060369 16.254000 0.007456 -0.061039 0.998108 -0.165600 0.000000 0.000000 0.000000 1.000000
0.996741 -0.077602 -0.022023 0.000000 0.078264 0.996452 0.030966 16.254000 0.019542 -0.032589 0.999278 -0.165600 0.000000 0.000000 0.000000 1.000000
0.996902 -0.072010 -0.031625 0.000000 0.071724 0.997373 -0.010096 16.254000 0.032269 0.007797 0.999449 -0.165600 0.000000 0.000000 0.000000 1.000000
0.997688 -0.055681 -0.038977 0.000000 0.054370 0.997945 -0.033911 16.254000 0.040785 0.031713 0.998665 -0.165600 0.000000 0.000000 0.000000 1.000000
0.998006 -0.047754 -0.041273 0.000000 0.045921 0.997964 -0.044259 16.254000 0.043302 0.042275 0.998167 -0.165600 0.000000 0.000000 0.000000 1.000000
0.997777 -0.053824 -0.039295 -0.000000 0.051931 0.997510 -0.047714 16.254000 0.041765 0.045567 0.998088 -0.165600 0.000000 0.000000 0.000000 1.000000
0.997266 -0.064294 -0.036413 -0.000000 0.062720 0.997111 -0.042850 16.254000 0.039063 0.040449 0.998418 -0.165600 0.000000 0.000000 0.000000 1.000000
0.997285 -0.066722 -0.031153 0.000000 0.065908 0.997475 -0.026454 16.254000 0.032840 0.024329 0.999164 -0.165600 0.000000 0.000000 0.000000 1.000000
0.998528 -0.050592 -0.019534 -0.000000 0.050572 0.998719 -0.001562 16.254000 0.019588 0.000571 0.999808 -0.165600 0.000000 0.000000 0.000000 1.000000
0.999602 -0.028047 -0.003074 -0.000000 0.028113 0.999320 0.023874 16.254000 0.002403 -0.023951 0.999710 -0.165600 0.000000 0.000000 0.000000 1.000000
0.999750 -0.018421 0.012657 0.000000 0.017803 0.998721 0.047329 16.254000 -0.013512 -0.047092 0.998799 -0.165600 0.000000 0.000000 0.000000 1.000000
0.999506 -0.020339 0.023959 0.000000 0.018771 0.997777 0.063940 16.254000 -0.025207 -0.063459 0.997666 -0.165600 0.000000 0.000000 0.000000 1.000000
0.999243 -0.023499 0.031011 0.000000 0.021621 0.997990 0.059566 16.254000 -0.032348 -0.058850 0.997743 -0.165600 0.000000 0.000000 0.000000 1.000000</float_array><technique_common><accessor source="#Spine1-Matrix-animation-output-transform-array" count="20" stride="16"><param type="float4x4"/></accessor></technique_common></source><source id="Spine1-Interpolations"><Name_array id="Spine1-Interpolations-array" count="20">
 LINEAR LINEAR LINEAR LINEAR LINEAR LINEAR LINEAR LINEAR LINEAR LINEAR LINEAR
LINEAR LINEAR LINEAR LINEAR LINEAR LINEAR LINEAR LINEAR LINEAR</Name_array><technique_common><accessor source="#Spine1-Interpolations-array" count="20"><param type="name"/></accessor></technique_common></source><sampler id="Spine1-Matrix-animation-transform"><input semantic="INPUT" source="#Spine1-Matrix-animation-input"/><input semantic="OUTPUT" source="#Spine1-Matrix-animation-output-transform"/><input semantic="INTERPOLATION" source="#Spine1-Interpolations"/></sampler><channel source="#Spine1-Matrix-animation-transform" target="Spine1/matrix"/></animation>
    <animation id="Spine2-anim" name="Spine2"><source id="Spine2-Matrix-animation-input"><float_array id="Spine2-Matrix-animation-input-array" count="20">

0.000000 0.033333 0.066667 0.100000 0.133333 0.166667 0.200000 0.233333 0.266667 0.300000 0.333333 0.366667 0.400000 0.433333 0.466667 0.500000
0.533333 0.566667 0.600000 0.633333</float_array><technique_common><accessor source="#Spine2-Matrix-animation-input-array" count="20"><param name="TIME" type="float"/></accessor></technique_common></source><source id="Spine2-Matrix-animation-output-transform"><float_array id="Spine2-Matrix-animation-output-transform-array" count="320">

0.999290 -0.021294 0.031079 0.000000 0.019439 0.998081 0.058792 13.639600 -0.032272 -0.058146 0.997786 -1.292300 0.000000 0.000000 0.000000 1.000000
0.999221 -0.018706 0.034738 -0.000000 0.017455 0.999201 0.035959 13.639600 -0.035383 -0.035325 0.998749 -1.292300 0.000000 0.000000 0.000000 1.000000
0.999258 -0.008614 0.037537 0.000000 0.008214 0.999908 0.010815 13.639600 -0.037627 -0.010499 0.999237 -1.292300 0.000000 0.000000 0.000000 1.000000
0.999260 0.003009 0.038336 0.000000 -0.002961 0.999995 -0.001298 13.639600 -0.038340 0.001184 0.999264 -1.292300 0.000000 0.000000 0.000000 1.000000
0.999489 -0.001088 0.031947 0.000000 0.001007 0.999996 0.002529 13.639600 -0.031949 -0.002496 0.999486 -1.292300 0.000000 0.000000 0.000000 1.000000
0.999557 -0.023862 0.017789 0.000000 0.023460 0.999472 0.022467 13.639600 -0.018315 -0.022040 0.999589 -1.292300 0.000000 0.000000 0.000000 1.000000
0.998673 -0.051478 0.001280 0.000000 0.051347 0.997394 0.050674 13.639600 -0.003885 -0.050542 0.998714 -1.292300 0.000000 0.000000 0.000000 1.000000
0.997414 -0.070879 -0.011865 0.000000 0.071459 0.995695 0.059037 13.639600 0.007630 -0.059733 0.998185 -1.292300 0.000000 0.000000 0.000000 1.000000
0.996714 -0.078104 -0.021468 -0.000000 0.078616 0.996613 0.024145 13.639600 0.019510 -0.025754 0.999478 -1.292300 0.000000 0.000000 0.000000 1.000000
0.997044 -0.070676 -0.030134 0.000000 0.069563 0.996909 -0.036512 13.639600 0.032621 0.034308 0.998879 -1.292300 0.000000 0.000000 0.000000 1.000000
0.997841 -0.053959 -0.037451 0.000000 0.050548 0.994950 -0.086710 13.639600 0.041940 0.084630 0.995529 -1.292300 0.000000 0.000000 0.000000 1.000000
0.998209 -0.044020 -0.040515 -0.000000 0.039212 0.992860 -0.112652 13.639600 0.045184 0.110862 0.992808 -1.292300 0.000000 0.000000 0.000000 1.000000
0.998012 -0.049291 -0.039275 0.000000 0.044288 0.991857 -0.119405 13.639600 0.044840 0.117428 0.992069 -1.292300 0.000000 0.000000 0.000000 1.000000
0.997474 -0.061174 -0.036089 0.000000 0.056991 0.992587 -0.107343 13.639600 0.042388 0.105015 0.993567 -1.292300 0.000000 0.000000 0.000000 1.000000
0.997507 -0.063773 -0.030218 0.000000 0.061484 0.995549 -0.071426 13.639600 0.034638 0.069390 0.996988 -1.292300 0.000000 0.000000 0.000000 1.000000
0.998568 -0.050077 -0.018819 0.000000 0.049683 0.998548 -0.020833 13.639600 0.019835 0.019868 0.999606 -1.292300 0.000000 0.000000 0.000000 1.000000
0.999509 -0.031199 -0.002786 0.000000 0.031254 0.999255 0.022655 13.639600 0.002077 -0.022731 0.999739 -1.292300 0.000000 0.000000 0.000000 1.000000
0.999697 -0.020906 0.012988 -0.000000 0.020235 0.998553 0.049828 13.639600 -0.014011 -0.049551 0.998673 -1.292300 0.000000 0.000000 0.000000 1.000000
0.999507 -0.019887 0.024299 0.000000 0.018306 0.997806 0.063618 13.639600 -0.025511 -0.063141 0.997678 -1.292300 0.000000 0.000000 0.000000 1.000000
0.999290 -0.021294 0.031079 0.000000 0.019439 0.998081 0.058792 13.639600 -0.032272 -0.058146 0.997786 -1.292300 0.000000 0.000000 0.000000 1.000000</float_array><technique_common><accessor source="#Spine2-Matrix-animation-output-transform-array" count="20" stride="16"><param type="float4x4"/></accessor></technique_common></source><source id="Spine2-Interpolations"><Name_array id="Spine2-Interpolations-array" count="20">
 LINEAR LINEAR LINEAR LINEAR LINEAR LINEAR LINEAR LINEAR LINEAR LINEAR LINEAR
LINEAR LINEAR LINEAR LINEAR LINEAR LINEAR LINEAR LINEAR LINEAR</Name_array><technique_common><accessor source="#Spine2-Interpolations-array" count="20"><param type="name"/></accessor></technique_common></source><sampler id="Spine2-Matrix-animation-transform"><input semantic="INPUT" source="#Spine2-Matrix-animation-input"/><input semantic="OUTPUT" source="#Spine2-Matrix-animation-output-transform"/><input semantic="INTERPOLATION" source="#Spine2-Interpolations"/></sampler><channel source="#Spine2-Matrix-animation-transform" target="Spine2/matrix"/></animation>
    <animation id="Neck-anim" name="Neck"><source id="Neck-Matrix-animation-input"><float_array id="Neck-Matrix-animation-input-array" count="20">

0.000000 0.033333 0.066667 0.100000 0.133333 0.166667 0.200000 0.233333 0.266667 0.300000 0.333333 0.366667 0.400000 0.433333 0.466667 0.500000
0.533333 0.566667 0.600000 0.633333</float_array><technique_common><accessor source="#Neck-Matrix-animation-input-array" count="20"><param name="TIME" type="float"/></accessor></technique_common></source><source id="Neck-Matrix-animation-output-transform"><float_array id="Neck-Matrix-animation-output-transform-array" count="320">

0.997638 0.053298 -0.043326 0.000000 -0.056499 0.995476 -0.076387 13.877400 0.039059 0.078654 0.996136 -4.354200 0.000000 0.000000 0.000000 1.000000
0.997311 0.049108 -0.054405 0.000000 -0.054384 0.993483 -0.100173 13.877400 0.049131 0.102862 0.993482 -4.354200 0.000000 0.000000 0.000000 1.000000
0.997083 0.045154 -0.061533 0.000000 -0.050623 0.994615 -0.090430 13.877400 0.057118 0.093281 0.994000 -4.354200 0.000000 0.000000 0.000000 1.000000
0.996757 0.048899 -0.063912 0.000000 -0.052870 0.996675 -0.062000 13.877400 0.060668 0.065178 0.996028 -4.354200 0.000000 0.000000 0.000000 1.000000
0.995863 0.068002 -0.060279 0.000000 -0.070621 0.996600 -0.042446 13.877400 0.057188 0.046527 0.997279 -4.354200 0.000000 0.000000 0.000000 1.000000
0.994636 0.089707 -0.051491 0.000000 -0.091971 0.994814 -0.043422 13.877400 0.047329 0.047925 0.997729 -4.354200 0.000000 0.000000 0.000000 1.000000
0.994640 0.095922 -0.038607 0.000000 -0.097871 0.993827 -0.052241 13.877400 0.033358 0.055739 0.997888 -4.354200 0.000000 0.000000 0.000000 1.000000
0.996559 0.079799 -0.022407 -0.000000 -0.080795 0.995585 -0.047783 13.877400 0.018495 0.049429 0.998606 -4.354200 0.000000 0.000000 0.000000 1.000000
0.998655 0.051652 -0.004504 0.000000 -0.051756 0.998294 -0.027033 13.877400 0.003100 0.027230 0.999624 -4.354200 0.000000 0.000000 0.000000 1.000000
0.999509 0.028960 0.011937 0.000000 -0.028894 0.999566 -0.005667 13.877400 -0.012096 0.005319 0.999913 -4.354200 0.000000 0.000000 0.000000 1.000000
0.999507 0.020664 0.023652 0.000000 -0.020779 0.999773 0.004617 13.877400 -0.023551 -0.005106 0.999710 -4.354200 0.000000 0.000000 0.000000 1.000000
0.999336 0.021562 0.029367 0.000000 -0.021808 0.999729 0.008093 13.877400 -0.029184 -0.008728 0.999536 -4.354200 0.000000 0.000000 0.000000 1.000000
0.999316 0.021724 0.029918 -0.000000 -0.022144 0.999660 0.013776 13.877400 -0.029608 -0.014429 0.999457 -4.354200 0.000000 0.000000 0.000000 1.000000
0.999471 0.018756 0.026575 0.000000 -0.019365 0.999551 0.022874 13.877400 -0.026134 -0.023376 0.999385 -4.354200 0.000000 0.000000 0.000000 1.000000
0.999633 0.018272 0.019987 -0.000000 -0.018884 0.999346 0.030853 13.877400 -0.019410 -0.031219 0.999324 -4.354200 0.000000 0.000000 0.000000 1.000000
0.999631 0.025008 0.010565 0.000000 -0.025352 0.999107 0.033806 13.877400 -0.009710 -0.034061 0.999373 -4.354200 0.000000 0.000000 0.000000 1.000000
0.999300 0.037395 -0.001129 0.000000 -0.037349 0.998912 0.027921 13.877400 0.002172 -0.027860 0.999609 -4.354200 0.000000 0.000000 0.000000 1.000000
0.998672 0.049430 -0.014514 0.000000 -0.049315 0.998750 0.008158 13.877400 0.014899 -0.007432 0.999861 -4.354200 0.000000 0.000000 0.000000 1.000000
0.998074 0.054768 -0.029129 0.000000 -0.055647 0.997992 -0.030258 13.877400 0.027414 0.031820 0.999118 -4.354200 0.000000 0.000000 0.000000 1.000000
0.997638 0.053298 -0.043326 0.000000 -0.056499 0.995476 -0.076387 13.877400 0.039059 0.078655 0.996136 -4.354200 0.000000 0.000000 0.000000 1.000000</float_array><technique_common><accessor source="#Neck-Matrix-animation-output-transform-array" count="20" stride="16"><param type="float4x4"/></accessor></technique_common></source><source id="Neck-Interpolations"><Name_array id="Neck-Interpolations-array" count="20">
 LINEAR LINEAR LINEAR LINEAR LINEAR LINEAR LINEAR LINEAR LINEAR LINEAR LINEAR
LINEAR LINEAR LINEAR LINEAR LINEAR LINEAR LINEAR LINEAR LINEAR</Name_array><technique_common><accessor source="#Neck-Interpolations-array" count="20"><param type="name"/></accessor></technique_common></source><sampler id="Neck-Matrix-animation-transform"><input semantic="INPUT" source="#Neck-Matrix-animation-input"/><input semantic="OUTPUT" source="#Neck-Matrix-animation-output-transform"/><input semantic="INTERPOLATION" source="#Neck-Interpolations"/></sampler><channel source="#Neck-Matrix-animation-transform" target="Neck/matrix"/></animation>
    <animation id="Neck1-anim" name="Neck1"><source id="Neck1-Matrix-animation-input"><float_array id="Neck1-Matrix-animation-input-array" count="20">

0.000000 0.033333 0.066667 0.100000 0.133333 0.166667 0.200000 0.233333 0.266667 0.300000 0.333333 0.366667 0.400000 0.433333 0.466667 0.500000
0.533333 0.566667 0.600000 0.633333</float_array><technique_common><accessor source="#Neck1-Matrix-animation-input-array" count="20"><param name="TIME" type="float"/></accessor></technique_common></source><source id="Neck1-Matrix-animation-output-transform"><float_array id="Neck1-Matrix-animation-output-transform-array" count="320">

1.000000 0.000000 0.000000 0.000000 -0.000000 1.000000 0.000000 4.340000 -0.000000 -0.000000 1.000000 0.926900 0.000000 0.000000 0.000000 1.000000
1.000000 0.000000 0.000000 -0.000000 0.000000 1.000000 0.000000 4.340000 0.000000 0.000000 1.000000 0.926900 0.000000 0.000000 0.000000 1.000000
1.000000 -0.000000 -0.000000 0.000000 0.000000 1.000000 0.000000 4.340000 0.000000 0.000000 1.000000 0.926900 0.000000 0.000000 0.000000 1.000000
1.000000 0.000000 0.000000 0.000000 0.000000 1.000000 0.000000 4.340000 0.000000 0.000000 1.000000 0.926900 0.000000 0.000000 0.000000 1.000000
1.000000 0.000000 -0.000000 0.000000 0.000000 1.000000 -0.000000 4.340000 0.000000 -0.000000 1.000000 0.926900 0.000000 0.000000 0.000000 1.000000
1.000000 0.000000 0.000000 0.000000 -0.000000 1.000000 0.000000 4.340000 -0.000000 0.000000 1.000000 0.926900 0.000000 0.000000 0.000000 1.000000
1.000000 0.000000 0.000000 0.000000 0.000000 1.000000 0.000000 4.340000 -0.000000 0.000000 1.000000 0.926900 0.000000 0.000000 0.000000 1.000000
1.000000 0.000000 0.000000 0.000000 0.000000 1.000000 -0.000000 4.340000 -0.000000 0.000000 1.000000 0.926900 0.000000 0.000000 0.000000 1.000000
1.000000 0.000000 -0.000000 0.000000 -0.000000 1.000000 -0.000000 4.340000 0.000000 -0.000000 1.000000 0.926900 0.000000 0.000000 0.000000 1.000000
1.000000 -0.000000 -0.000000 0.000000 0.000000 1.000000 0.000000 4.340000 0.000000 -0.000000 1.000000 0.926900 0.000000 0.000000 0.000000 1.000000
1.000000 -0.000000 -0.000000 0.000000 0.000000 1.000000 -0.000000 4.340000 0.000000 -0.000000 1.000000 0.926900 0.000000 0.000000 0.000000 1.000000
1.000000 0.000000 0.000000 0.000000 0.000000 1.000000 0.000000 4.340000 0.000000 -0.000000 1.000000 0.926900 0.000000 0.000000 0.000000 1.000000
1.000000 -0.000000 0.000000 0.000000 0.000000 1.000000 -0.000000 4.340000 0.000000 0.000000 1.000000 0.926900 0.000000 0.000000 0.000000 1.000000
1.000000 0.000000 0.000000 0.000000 -0.000000 1.000000 0.000000 4.340000 -0.000000 -0.000000 1.000000 0.926900 0.000000 0.000000 0.000000 1.000000
1.000000 -0.000000 0.000000 0.000000 -0.000000 1.000000 0.000000 4.340000 0.000000 -0.000000 1.000000 0.926900 0.000000 0.000000 0.000000 1.000000
1.000000 0.000000 0.000000 0.000000 0.000000 1.000000 0.000000 4.340000 0.000000 0.000000 1.000000 0.926900 0.000000 0.000000 0.000000 1.000000
1.000000 0.000000 0.000000 0.000000 -0.000000 1.000000 0.000000 4.340000 -0.000000 0.000000 1.000000 0.926900 0.000000 0.000000 0.000000 1.000000
1.000000 0.000000 -0.000000 0.000000 0.000000 1.000000 0.000000 4.340000 0.000000 0.000000 1.000000 0.926900 0.000000 0.000000 0.000000 1.000000
1.000000 0.000000 0.000000 -0.000000 0.000000 1.000000 -0.000000 4.340000 0.000000 -0.000000 1.000000 0.926900 0.000000 0.000000 0.000000 1.000000
1.000000 0.000000 0.000000 -0.000000 0.000000 1.000000 -0.000000 4.340000 0.000000 0.000000 1.000000 0.926900 0.000000 0.000000 0.000000 1.000000</float_array><technique_common><accessor source="#Neck1-Matrix-animation-output-transform-array" count="20" stride="16"><param type="float4x4"/></accessor></technique_common></source><source id="Neck1-Interpolations"><Name_array id="Neck1-Interpolations-array" count="20">
 LINEAR LINEAR LINEAR LINEAR LINEAR LINEAR LINEAR LINEAR LINEAR LINEAR LINEAR
LINEAR LINEAR LINEAR LINEAR LINEAR LINEAR LINEAR LINEAR LINEAR</Name_array><technique_common><accessor source="#Neck1-Interpolations-array" count="20"><param type="name"/></accessor></technique_common></source><sampler id="Neck1-Matrix-animation-transform"><input semantic="INPUT" source="#Neck1-Matrix-animation-input"/><input semantic="OUTPUT" source="#Neck1-Matrix-animation-output-transform"/><input semantic="INTERPOLATION" source="#Neck1-Interpolations"/></sampler><channel source="#Neck1-Matrix-animation-transform" target="Neck1/matrix"/></animation>
    <animation id="Head-anim" name="Head"><source id="Head-Matrix-animation-input"><float_array id="Head-Matrix-animation-input-array" count="20">

0.000000 0.033333 0.066667 0.100000 0.133333 0.166667 0.200000 0.233333 0.266667 0.300000 0.333333 0.366667 0.400000 0.433333 0.466667 0.500000
0.533333 0.566667 0.600000 0.633333</float_array><technique_common><accessor source="#Head-Matrix-animation-input-array" count="20"><param name="TIME" type="float"/></accessor></technique_common></source><source id="Head-Matrix-animation-output-transform"><float_array id="Head-Matrix-animation-output-transform-array" count="320">

0.993232 0.004900 -0.116040 0.000000 0.034669 0.941052 0.336481 4.026600 0.110848 -0.338227 0.934513 0.858500 0.000000 0.000000 0.000000 1.000000
0.984829 0.005854 -0.173432 0.000000 0.047660 0.951873 0.302764 4.026600 0.166857 -0.306436 0.937153 0.858500 0.000000 0.000000 0.000000 1.000000
0.977517 0.008230 -0.210696 -0.000000 0.051257 0.959990 0.275302 4.026600 0.204531 -0.279912 0.937985 0.858500 0.000000 0.000000 0.000000 1.000000
0.974699 0.004843 -0.223471 0.000000 0.057343 0.960889 0.270932 4.026600 0.216043 -0.276892 0.936299 0.858500 0.000000 0.000000 0.000000 1.000000
0.977395 -0.002644 -0.211406 0.000000 0.064650 0.955764 0.286941 4.026600 0.201295 -0.294122 0.934330 0.858500 0.000000 0.000000 0.000000 1.000000
0.983545 -0.010657 -0.180348 0.000000 0.069123 0.944499 0.321160 4.026600 0.166916 -0.328342 0.929694 0.858500 0.000000 0.000000 0.000000 1.000000
0.990516 -0.018776 -0.136111 0.000000 0.067429 0.929555 0.362466 4.026600 0.119717 -0.368206 0.922004 0.858500 0.000000 0.000000 0.000000 1.000000
0.997018 -0.021193 -0.074200 0.000000 0.048622 0.919199 0.390781 4.026600 0.059923 -0.393223 0.917488 0.858500 0.000000 0.000000 0.000000 1.000000
0.999854 -0.014093 0.009654 -0.000000 0.009249 0.921757 0.387658 4.026600 -0.014362 -0.387512 0.921753 0.858500 0.000000 0.000000 0.000000 1.000000
0.995111 -0.002489 0.098733 0.000000 -0.032423 0.936046 0.350381 4.026600 -0.093291 -0.351869 0.931389 0.858500 0.000000 0.000000 0.000000 1.000000
0.986898 0.006315 0.161220 0.000000 -0.054803 0.952945 0.298147 4.026600 -0.151751 -0.303076 0.940806 0.858500 0.000000 0.000000 0.000000 1.000000
0.982845 0.011978 0.184042 -0.000000 -0.060791 0.963163 0.261959 4.026600 -0.174124 -0.268653 0.947368 0.858500 0.000000 0.000000 0.000000 1.000000
0.983236 0.021030 0.181120 -0.000000 -0.068906 0.962521 0.262309 4.026600 -0.168815 -0.270392 0.947834 0.858500 0.000000 0.000000 0.000000 1.000000
0.985799 0.034980 0.164246 0.000000 -0.082288 0.953215 0.290879 4.026600 -0.146387 -0.300263 0.942557 0.858500 0.000000 0.000000 0.000000 1.000000
0.990290 0.045710 0.131290 0.000000 -0.085803 0.944024 0.318522 4.026600 -0.109381 -0.326694 0.938780 0.858500 0.000000 0.000000 0.000000 1.000000
0.995242 0.047105 0.085285 0.000000 -0.072656 0.942037 0.327547 4.026600 -0.064913 -0.332185 0.940978 0.858500 0.000000 0.000000 0.000000 1.000000
0.998437 0.039398 0.039638 -0.000000 -0.050259 0.943151 0.328543 4.026600 -0.024441 -0.330021 0.943657 0.858500 0.000000 0.000000 0.000000 1.000000
0.999691 0.024814 -0.001696 0.000000 -0.022785 0.941003 0.337629 4.026600 0.009974 -0.337486 0.941278 0.858500 0.000000 0.000000 0.000000 1.000000
0.998552 0.010984 -0.052669 0.000000 0.008140 0.936828 0.349696 4.026600 0.053183 -0.349618 0.935382 0.858500 0.000000 0.000000 0.000000 1.000000
0.993232 0.004900 -0.116040 0.000000 0.034669 0.941052 0.336481 4.026600 0.110848 -0.338227 0.934513 0.858500 0.000000 0.000000 0.000000 1.000000</float_array><technique_common><accessor source="#Head-Matrix-animation-output-transform-array" count="20" stride="16"><param type="float4x4"/></accessor></technique_common></source><source id="Head-Interpolations"><Name_array id="Head-Interpolations-array" count="20">
 LINEAR LINEAR LINEAR LINEAR LINEAR LINEAR LINEAR LINEAR LINEAR LINEAR LINEAR
LINEAR LINEAR LINEAR LINEAR LINEAR LINEAR LINEAR LINEAR LINEAR</Name_array><technique_common><accessor source="#Head-Interpolations-array" count="20"><param type="name"/></accessor></technique_common></source><sampler id="Head-Matrix-animation-transform"><input semantic="INPUT" source="#Head-Matrix-animation-input"/><input semantic="OUTPUT" source="#Head-Matrix-animation-output-transform"/><input semantic="INTERPOLATION" source="#Head-Interpolations"/></sampler><channel source="#Head-Matrix-animation-transform" target="Head/matrix"/></animation>
    <animation id="Jaw-anim" name="Jaw"><source id="Jaw-Matrix-animation-input"><float_array id="Jaw-Matrix-animation-input-array" count="20">

0.000000 0.033333 0.066667 0.100000 0.133333 0.166667 0.200000 0.233333 0.266667 0.300000 0.333333 0.366667 0.400000 0.433333 0.466667 0.500000
0.533333 0.566667 0.600000 0.633333</float_array><technique_common><accessor source="#Jaw-Matrix-animation-input-array" count="20"><param name="TIME" type="float"/></accessor></technique_common></source><source id="Jaw-Matrix-animation-output-transform"><float_array id="Jaw-Matrix-animation-output-transform-array" count="320">

1.000000 0.000000 -0.000000 0.003800 -0.000000 1.000000 0.000000 6.235000 0.000000 -0.000000 1.000000 4.413100 0.000000 0.000000 0.000000 1.000000
1.000000 0.000000 -0.000000 0.003800 -0.000000 1.000000 0.000000 6.235000 0.000000 0.000000 1.000000 4.413100 0.000000 0.000000 0.000000 1.000000
1.000000 0.000000 0.000000 0.003800 0.000000 1.000000 0.000000 6.235000 -0.000000 -0.000000 1.000000 4.413100 0.000000 0.000000 0.000000 1.000000
1.000000 -0.000000 -0.000000 0.003800 -0.000000 1.000000 0.000000 6.235000 -0.000000 -0.000000 1.000000 4.413100 0.000000 0.000000 0.000000 1.000000
1.000000 -0.000000 0.000000 0.003800 0.000000 1.000000 0.000000 6.235000 -0.000000 -0.000000 1.000000 4.413100 0.000000 0.000000 0.000000 1.000000
1.000000 -0.000000 0.000000 0.003800 -0.000000 1.000000 0.000000 6.235000 0.000000 0.000000 1.000000 4.413100 0.000000 0.000000 0.000000 1.000000
1.000000 0.000000 0.000000 0.003800 -0.000000 1.000000 0.000000 6.235000 0.000000 0.000000 1.000000 4.413100 0.000000 0.000000 0.000000 1.000000
1.000000 -0.000000 -0.000000 0.003800 0.000000 1.000000 0.000000 6.235000 0.000000 -0.000000 1.000000 4.413100 0.000000 0.000000 0.000000 1.000000
1.000000 -0.000000 0.000000 0.003800 -0.000000 1.000000 0.000000 6.235000 0.000000 0.000000 1.000000 4.413100 0.000000 0.000000 0.000000 1.000000
1.000000 -0.000000 0.000000 0.003800 -0.000000 1.000000 -0.000000 6.235000 0.000000 0.000000 1.000000 4.413100 0.000000 0.000000 0.000000 1.000000
1.000000 -0.000000 0.000000 0.003800 -0.000000 1.000000 -0.000000 6.235000 -0.000000 0.000000 1.000000 4.413100 0.000000 0.000000 0.000000 1.000000
1.000000 -0.000000 0.000000 0.003800 -0.000000 1.000000 -0.000000 6.235000 0.000000 0.000000 1.000000 4.413100 0.000000 0.000000 0.000000 1.000000
1.000000 0.000000 0.000000 0.003800 -0.000000 1.000000 -0.000000 6.235000 -0.000000 0.000000 1.000000 4.413100 0.000000 0.000000 0.000000 1.000000
1.000000 0.000000 -0.000000 0.003800 0.000000 1.000000 -0.000000 6.235000 0.000000 0.000000 1.000000 4.413100 0.000000 0.000000 0.000000 1.000000
1.000000 0.000000 0.000000 0.003800 -0.000000 1.000000 0.000000 6.235000 0.000000 0.000000 1.000000 4.413100 0.000000 0.000000 0.000000 1.000000
1.000000 0.000000 0.000000 0.003800 -0.000000 1.000000 0.000000 6.235000 0.000000 0.000000 1.000000 4.413100 0.000000 0.000000 0.000000 1.000000
1.000000 0.000000 -0.000000 0.003800 0.000000 1.000000 0.000000 6.235000 0.000000 0.000000 1.000000 4.413100 0.000000 0.000000 0.000000 1.000000
1.000000 -0.000000 0.000000 0.003800 -0.000000 1.000000 0.000000 6.235000 0.000000 0.000000 1.000000 4.413100 0.000000 0.000000 0.000000 1.000000
1.000000 -0.000000 0.000000 0.003800 -0.000000 1.000000 0.000000 6.235000 0.000000 0.000000 1.000000 4.413100 0.000000 0.000000 0.000000 1.000000
1.000000 0.000000 -0.000000 0.003800 -0.000000 1.000000 -0.000000 6.235000 0.000000 0.000000 1.000000 4.413100 0.000000 0.000000 0.000000 1.000000</float_array><technique_common><accessor source="#Jaw-Matrix-animation-output-transform-array" count="20" stride="16"><param type="float4x4"/></accessor></technique_common></source><source id="Jaw-Interpolations"><Name_array id="Jaw-Interpolations-array" count="20">
 LINEAR LINEAR LINEAR LINEAR LINEAR LINEAR LINEAR LINEAR LINEAR LINEAR LINEAR
LINEAR LINEAR LINEAR LINEAR LINEAR LINEAR LINEAR LINEAR LINEAR</Name_array><technique_common><accessor source="#Jaw-Interpolations-array" count="20"><param type="name"/></accessor></technique_common></source><sampler id="Jaw-Matrix-animation-transform"><input semantic="INPUT" source="#Jaw-Matrix-animation-input"/><input semantic="OUTPUT" source="#Jaw-Matrix-animation-output-transform"/><input semantic="INTERPOLATION" source="#Jaw-Interpolations"/></sampler><channel source="#Jaw-Matrix-animation-transform" target="Jaw/matrix"/></animation>
    <animation id="TongueBack-anim" name="TongueBack"><source id="TongueBack-Matrix-animation-input"><float_array id="TongueBack-Matrix-animation-input-array" count="20">

0.000000 0.033333 0.066667 0.100000 0.133333 0.166667 0.200000 0.233333 0.266667 0.300000 0.333333 0.366667 0.400000 0.433333 0.466667 0.500000
0.533333 0.566667 0.600000 0.633333</float_array><technique_common><accessor source="#TongueBack-Matrix-animation-input-array" count="20"><param name="TIME" type="float"/></accessor></technique_common></source><source id="TongueBack-Matrix-animation-output-transform"><float_array id="TongueBack-Matrix-animation-output-transform-array" count="320">

1.000000 -0.000000 -0.000000 -0.000000 -0.000000 1.000000 0.000000 -3.351800 0.000000 -0.000000 1.000000 4.646800 0.000000 0.000000 0.000000 1.000000
1.000000 0.000000 -0.000000 0.000000 -0.000000 1.000000 0.000000 -3.351800 -0.000000 0.000000 1.000000 4.646800 0.000000 0.000000 0.000000 1.000000
1.000000 0.000000 0.000000 0.000000 0.000000 1.000000 0.000000 -3.351800 -0.000000 -0.000000 1.000000 4.646800 0.000000 0.000000 0.000000 1.000000
1.000000 -0.000000 0.000000 0.000000 -0.000000 1.000000 0.000000 -3.351800 0.000000 0.000000 1.000000 4.646800 0.000000 0.000000 0.000000 1.000000
1.000000 -0.000000 0.000000 0.000000 0.000000 1.000000 0.000000 -3.351800 -0.000000 -0.000000 1.000000 4.646800 0.000000 0.000000 0.000000 1.000000
1.000000 -0.000000 0.000000 0.000000 0.000000 1.000000 0.000000 -3.351800 0.000000 0.000000 1.000000 4.646800 0.000000 0.000000 0.000000 1.000000
1.000000 0.000000 0.000000 0.000000 -0.000000 1.000000 0.000000 -3.351800 0.000000 0.000000 1.000000 4.646800 0.000000 0.000000 0.000000 1.000000
1.000000 0.000000 -0.000000 0.000000 0.000000 1.000000 0.000000 -3.351800 0.000000 0.000000 1.000000 4.646800 0.000000 0.000000 0.000000 1.000000
1.000000 -0.000000 0.000000 0.000000 -0.000000 1.000000 0.000000 -3.351800 0.000000 0.000000 1.000000 4.646800 0.000000 0.000000 0.000000 1.000000
1.000000 -0.000000 0.000000 0.000000 -0.000000 1.000000 0.000000 -3.351800 0.000000 0.000000 1.000000 4.646800 0.000000 0.000000 0.000000 1.000000
1.000000 -0.000000 0.000000 0.000000 -0.000000 1.000000 -0.000000 -3.351800 -0.000000 0.000000 1.000000 4.646800 0.000000 0.000000 0.000000 1.000000
1.000000 -0.000000 -0.000000 0.000000 -0.000000 1.000000 -0.000000 -3.351800 0.000000 0.000000 1.000000 4.646800 0.000000 0.000000 0.000000 1.000000
1.000000 -0.000000 0.000000 0.000000 -0.000000 1.000000 -0.000000 -3.351800 -0.000000 -0.000000 1.000000 4.646800 0.000000 0.000000 0.000000 1.000000
1.000000 0.000000 0.000000 0.000000 0.000000 1.000000 0.000000 -3.351800 -0.000000 0.000000 1.000000 4.646800 0.000000 0.000000 0.000000 1.000000
1.000000 0.000000 -0.000000 0.000000 -0.000000 1.000000 0.000000 -3.351800 0.000000 0.000000 1.000000 4.646800 0.000000 0.000000 0.000000 1.000000
1.000000 -0.000000 0.000000 0.000000 0.000000 1.000000 0.000000 -3.351800 0.000000 0.000000 1.000000 4.646800 0.000000 0.000000 0.000000 1.000000
1.000000 0.000000 -0.000000 0.000000 0.000000 1.000000 0.000000 -3.351800 0.000000 0.000000 1.000000 4.646800 0.000000 0.000000 0.000000 1.000000
1.000000 -0.000000 0.000000 0.000000 -0.000000 1.000000 0.000000 -3.351800 0.000000 0.000000 1.000000 4.646800 0.000000 0.000000 0.000000 1.000000
1.000000 -0.000000 0.000000 0.000000 -0.000000 1.000000 0.000000 -3.351800 0.000000 0.000000 1.000000 4.646800 0.000000 0.000000 0.000000 1.000000
