<?xml version="1.0" encoding="utf-8"?>
<COLLADA xmlns="http://www.collada.org/2005/11/COLLADASchema" version="1.4.1">
  <asset><contributor><author>Mixamo</author><authoring_tool>COLLADA Mixamo exporter</authoring_tool><comments></comments></contributor><created>2018-12-18T20:54:45Z</created><modified>2018-12-18T20:54:45Z</modified><revision></revision><title></title><unit meter="0.010000"/><up_axis>Y_UP</up_axis></asset>
  <library_animations>
    <animation id="Hips-anim" name="Hips"><source id="Hips-Matrix-animation-input"><float_array id="Hips-Matrix-animation-input-array" count="32">

0.000000 0.033333 0.066667 0.100000 0.133333 0.166667 0.200000 0.233333 0.266667 0.300000 0.333333 0.366667 0.400000 0.433333 0.466667 0.500000
0.533333 0.566667 0.600000 0.633333 0.666667 0.700000 0.733333 0.766667 0.800000 0.833333 0.866667 0.900000 0.933333 0.966667 1.000000 1.033333</float_array><technique_common><accessor source="#Hips-Matrix-animation-input-array" count="32"><param name="TIME" type="float"/></accessor></technique_common></source><source id="Hips-Matrix-animation-output-transform"><float_array id="Hips-Matrix-animation-output-transform-array" count="512">

0.608875 0.119556 -0.784205 1.714566 0.038001 0.983047 0.179375 94.390640 0.792355 -0.139018 0.594009 -0.800868 0.000000 0.000000 0.000000 1.000000
0.611804 0.115782 -0.782490 5.083142 0.042313 0.983023 0.178537 94.143051 0.789877 -0.142339 0.596519 -0.556641 0.000000 0.000000 0.000000 1.000000
0.616527 0.112894 -0.779198 8.600836 0.046938 0.982636 0.179507 93.515755 0.785934 -0.147245 0.600523 -0.227437 0.000000 0.000000 0.000000 1.000000
0.628387 0.112213 -0.769765 12.405838 0.048910 0.981884 0.183062 92.726875 0.776362 -0.152683 0.611515 0.185774 0.000000 0.000000 0.000000 1.000000
0.647648 0.114660 -0.753263 16.693102 0.046867 0.980745 0.189584 92.068794 0.760497 -0.158087 0.629804 0.782569 0.000000 0.000000 0.000000 1.000000
0.660002 0.090764 -0.745761 21.682240 0.061515 0.982813 0.174056 91.722496 0.748741 -0.160753 0.643075 1.744364 0.000000 0.000000 0.000000 1.000000
0.655275 0.053718 -0.753478 27.345039 0.091799 0.984412 0.150017 91.446236 0.749792 -0.167471 0.640130 2.728884 0.000000 0.000000 0.000000 1.000000
0.642036 0.029463 -0.766108 33.094116 0.118202 0.983510 0.136883 90.988716 0.757508 -0.178439 0.627966 3.658239 0.000000 0.000000 0.000000 1.000000
0.621684 0.012769 -0.783164 38.043228 0.133606 0.983485 0.122094 90.521027 0.771789 -0.180539 0.609711 4.446971 0.000000 0.000000 0.000000 1.000000
0.593112 0.027715 -0.804643 43.512257 0.131213 0.982718 0.130567 90.969933 0.794356 -0.183021 0.579225 5.192823 0.000000 0.000000 0.000000 1.000000
0.570491 0.058611 -0.819210 48.485420 0.111436 0.982702 0.147911 91.760239 0.813708 -0.175672 0.554092 5.622846 0.000000 0.000000 0.000000 1.000000
0.555587 0.076992 -0.827886 52.306637 0.090294 0.984228 0.152126 92.347763 0.826541 -0.159272 0.539873 5.693612 0.000000 0.000000 0.000000 1.000000
0.545459 0.080276 -0.834284 55.655167 0.080459 0.985790 0.147459 92.760307 0.834266 -0.147559 0.531249 5.523641 0.000000 0.000000 0.000000 1.000000
0.538937 0.086771 -0.837865 58.848305 0.072073 0.986282 0.148501 92.950005 0.839257 -0.140420 0.525290 5.179727 0.000000 0.000000 0.000000 1.000000
0.536681 0.092304 -0.838721 61.809883 0.065745 0.986402 0.150626 92.697632 0.841220 -0.135980 0.523315 4.743941 0.000000 0.000000 0.000000 1.000000
0.533097 0.099503 -0.840183 64.698227 0.062322 0.985744 0.156285 92.154930 0.843756 -0.135677 0.519296 4.312781 0.000000 0.000000 0.000000 1.000000
0.528502 0.110858 -0.841663 67.540543 0.062554 0.983657 0.168840 91.332764 0.846624 -0.141881 0.512930 3.992021 0.000000 0.000000 0.000000 1.000000
0.525749 0.128470 -0.840882 70.250870 0.060217 0.980428 0.187440 90.216827 0.848505 -0.149182 0.507724 3.698981 0.000000 0.000000 0.000000 1.000000
0.515967 0.145955 -0.844082 73.030777 0.057273 0.977294 0.203998 89.085312 0.854692 -0.153600 0.495893 3.534982 0.000000 0.000000 0.000000 1.000000
0.489196 0.156331 -0.858049 76.171585 0.059149 0.975593 0.211469 88.259079 0.870166 -0.154202 0.468009 3.365867 0.000000 0.000000 0.000000 1.000000
0.459753 0.157603 -0.873950 79.943878 0.060830 0.976226 0.208047 87.897339 0.885961 -0.148813 0.439235 3.025840 0.000000 0.000000 0.000000 1.000000
0.447563 0.150647 -0.881472 84.697456 0.049560 0.980015 0.192652 87.544373 0.892878 -0.129910 0.431153 2.384225 0.000000 0.000000 0.000000 1.000000
0.454875 0.156023 -0.876782 90.007416 0.021831 0.982284 0.186123 87.322044 0.890288 -0.103804 0.443410 1.472010 0.000000 0.000000 0.000000 1.000000
0.465719 0.169389 -0.868570 95.096527 -0.007261 0.982208 0.187657 86.784698 0.884903 -0.081088 0.458663 0.459042 0.000000 0.000000 0.000000 1.000000
0.504913 0.168632 -0.846538 100.267281 -0.005010 0.981287 0.192486 86.897743 0.863156 -0.092947 0.496309 -0.479475 0.000000 0.000000 0.000000 1.000000
0.563587 0.181218 -0.805934 105.650558 -0.005742 0.976476 0.215550 87.761276 0.826037 -0.116853 0.551369 -1.159226 0.000000 0.000000 0.000000 1.000000
0.594945 0.190234 -0.780930 111.348618 -0.007675 0.972889 0.231147 88.946808 0.803730 -0.131526 0.580275 -1.525311 0.000000 0.000000 0.000000 1.000000
0.601943 0.176333 -0.778827 117.417992 0.008302 0.973880 0.226911 90.361633 0.798496 -0.143053 0.584756 -1.528756 0.000000 0.000000 0.000000 1.000000
0.599847 0.158834 -0.784191 123.502937 0.024847 0.975927 0.216676 91.874512 0.799729 -0.149457 0.581460 -1.438804 0.000000 0.000000 0.000000 1.000000
0.597355 0.141401 -0.789412 129.191803 0.035214 0.978760 0.201964 93.161278 0.801203 -0.148443 0.579688 -1.326992 0.000000 0.000000 0.000000 1.000000
0.598558 0.129609 -0.790525 134.319550 0.038765 0.980982 0.190186 94.106613 0.800141 -0.144482 0.582151 -1.122850 0.000000 0.000000 0.000000 1.000000
0.608875 0.119556 -0.784205 138.528427 0.038001 0.983047 0.179375 94.390625 0.792356 -0.139018 0.594009 -0.800869 0.000000 0.000000 0.000000 1.000000</float_array><technique_common><accessor source="#Hips-Matrix-animation-output-transform-array" count="32" stride="16"><param type="float4x4"/></accessor></technique_common></source><source id="Hips-Interpolations"><Name_array id="Hips-Interpolations-array" count="32">
 LINEAR LINEAR LINEAR LINEAR LINEAR LINEAR LINEAR LINEAR LINEAR LINEAR LINEAR
LINEAR LINEAR LINEAR LINEAR LINEAR LINEAR LINEAR LINEAR LINEAR LINEAR LINEAR LINEAR
LINEAR LINEAR LINEAR LINEAR LINEAR LINEAR LINEAR LINEAR LINEAR</Name_array><technique_common><accessor source="#Hips-Interpolations-array" count="32"><param type="name"/></accessor></technique_common></source><sampler id="Hips-Matrix-animation-transform"><input semantic="INPUT" source="#Hips-Matrix-animation-input"/><input semantic="OUTPUT" source="#Hips-Matrix-animation-output-transform"/><input semantic="INTERPOLATION" source="#Hips-Interpolations"/></sampler><channel source="#Hips-Matrix-animation-transform" target="Hips/matrix"/></animation>
    <animation id="Spine-anim" name="Spine"><source id="Spine-Matrix-animation-input"><float_array id="Spine-Matrix-animation-input-array" count="32">

0.000000 0.033333 0.066667 0.100000 0.133333 0.166667 0.200000 0.233333 0.266667 0.300000 0.333333 0.366667 0.400000 0.433333 0.466667 0.500000
0.533333 0.566667 0.600000 0.633333 0.666667 0.700000 0.733333 0.766667 0.800000 0.833333 0.866667 0.900000 0.933333 0.966667 1.000000 1.033333</float_array><technique_common><accessor source="#Spine-Matrix-animation-input-array" count="32"><param name="TIME" type="float"/></accessor></technique_common></source><source id="Spine-Matrix-animation-output-transform"><float_array id="Spine-Matrix-animation-output-transform-array" count="512">

0.984006 0.002936 0.178111 0.000000 0.062641 0.930301 -0.361408 9.226300 -0.166758 0.366784 0.915238 1.577100 0.000000 0.000000 0.000000 1.000000
0.985516 0.012624 0.169111 0.000000 0.047586 0.936573 -0.347228 9.226300 -0.162768 0.350246 0.922407 1.577100 0.000000 0.000000 0.000000 1.000000
0.987251 0.025217 0.157161 -0.000000 0.028485 0.943441 -0.330314 9.226300 -0.156602 0.330580 0.930695 1.577100 0.000000 0.000000 0.000000 1.000000
0.988801 0.038923 0.144075 0.000000 0.008038 0.950099 -0.311844 9.226300 -0.149024 0.309510 0.939146 1.577100 0.000000 0.000000 0.000000 1.000000
0.989936 0.052109 0.131569 0.000000 -0.011342 0.955959 -0.293280 9.226300 -0.141057 0.288837 0.946930 1.577100 0.000000 0.000000 0.000000 1.000000
0.990586 0.063405 0.121325 0.000000 -0.027640 0.960654 -0.276370 9.226300 -0.134075 0.270415 0.953362 1.577100 0.000000 0.000000 0.000000 1.000000
0.990848 0.070673 0.115006 0.000000 -0.038241 0.964050 -0.262956 9.226300 -0.129456 0.256151 0.957929 1.577100 0.000000 0.000000 0.000000 1.000000
0.990789 0.072519 0.114362 -0.000000 -0.041274 0.966056 -0.255013 9.226300 -0.128974 0.247944 0.960151 1.577100 0.000000 0.000000 0.000000 1.000000
0.990218 0.070199 0.120586 0.000000 -0.037491 0.966301 -0.254668 9.226300 -0.134400 0.247656 0.959481 1.577100 0.000000 0.000000 0.000000 1.000000
0.987841 0.041525 0.149819 0.000000 0.002370 0.959535 -0.281581 9.226300 -0.155449 0.278512 0.947769 1.577100 0.000000 0.000000 0.000000 1.000000
0.984554 0.002612 0.175060 0.000000 0.052053 0.950308 -0.306928 9.226300 -0.167162 0.311299 0.935494 1.577100 0.000000 0.000000 0.000000 1.000000
0.980828 -0.019812 0.193865 0.000000 0.080676 0.946847 -0.311403 9.226300 -0.177391 0.321073 0.930293 1.577100 0.000000 0.000000 0.000000 1.000000
0.979673 -0.019003 0.199699 0.000000 0.081160 0.947935 -0.307948 9.226300 -0.183450 0.317896 0.930209 1.577100 0.000000 0.000000 0.000000 1.000000
0.978942 -0.013394 0.203701 0.000000 0.076918 0.948504 -0.307284 9.226300 -0.189095 0.316481 0.929560 1.577100 0.000000 0.000000 0.000000 1.000000
0.978688 -0.007972 0.205199 -0.000000 0.071876 0.949337 -0.305930 9.226300 -0.192364 0.314159 0.929677 1.577100 0.000000 0.000000 0.000000 1.000000
0.977783 -0.001779 0.209613 0.000000 0.066886 0.950341 -0.303938 9.226300 -0.198664 0.311206 0.929346 1.577100 0.000000 0.000000 0.000000 1.000000
0.976781 0.004828 0.214184 -0.000000 0.061427 0.951459 -0.301583 9.226300 -0.205243 0.307738 0.929071 1.577100 0.000000 0.000000 0.000000 1.000000
0.976773 0.008237 0.214118 -0.000000 0.057564 0.952441 -0.299237 9.226300 -0.206400 0.304612 0.929844 1.577100 0.000000 0.000000 0.000000 1.000000
0.975130 0.007651 0.221502 0.000000 0.059140 0.954185 -0.293314 9.226300 -0.213598 0.299119 0.930002 1.577100 0.000000 0.000000 0.000000 1.000000
0.972517 0.009341 0.232643 0.000000 0.059154 0.956497 -0.285684 9.226300 -0.225191 0.291594 0.929657 1.577100 0.000000 0.000000 0.000000 1.000000
0.969591 0.012322 0.244422 0.000000 0.059162 0.957309 -0.282949 9.226300 -0.237474 0.288805 0.927469 1.577100 0.000000 0.000000 0.000000 1.000000
0.967441 -0.006380 0.253016 0.000000 0.079456 0.956799 -0.279684 9.226300 -0.240301 0.290681 0.926153 1.577100 0.000000 0.000000 0.000000 1.000000
0.965423 -0.031545 0.258773 0.000000 0.107292 0.952761 -0.284140 9.226300 -0.237585 0.302080 0.923202 1.577100 0.000000 0.000000 0.000000 1.000000
0.963715 -0.058687 0.260402 -0.000000 0.137162 0.945766 -0.294471 9.226300 -0.228997 0.319504 0.919499 1.577100 0.000000 0.000000 0.000000 1.000000
0.969123 -0.057640 0.239747 -0.000000 0.136746 0.934713 -0.328043 9.226300 -0.205186 0.350698 0.913734 1.577100 0.000000 0.000000 0.000000 1.000000
0.974037 -0.064652 0.216962 0.000000 0.144873 0.914439 -0.377907 9.226300 -0.173966 0.399527 0.900063 1.577100 0.000000 0.000000 0.000000 1.000000
0.975620 -0.069493 0.208171 0.000000 0.151188 0.900383 -0.407987 9.226300 -0.159082 0.429513 0.888938 1.577100 0.000000 0.000000 0.000000 1.000000
0.977686 -0.056784 0.202253 0.000000 0.137397 0.901144 -0.411171 9.226300 -0.158911 0.429785 0.888838 1.577100 0.000000 0.000000 0.000000 1.000000
0.979076 -0.037378 0.200031 -0.000000 0.117481 0.906450 -0.405643 9.226300 -0.166156 0.420655 0.891875 1.577100 0.000000 0.000000 0.000000 1.000000
0.980218 -0.019978 0.196908 -0.000000 0.097587 0.914335 -0.393026 9.226300 -0.172188 0.404467 0.898197 1.577100 0.000000 0.000000 0.000000 1.000000
0.981900 -0.007531 0.189252 0.000000 0.080265 0.921593 -0.379769 9.226300 -0.171553 0.388085 0.905516 1.577100 0.000000 0.000000 0.000000 1.000000
0.984006 0.002936 0.178111 0.000000 0.062641 0.930301 -0.361408 9.226300 -0.166758 0.366784 0.915238 1.577100 0.000000 0.000000 0.000000 1.000000</float_array><technique_common><accessor source="#Spine-Matrix-animation-output-transform-array" count="32" stride="16"><param type="float4x4"/></accessor></technique_common></source><source id="Spine-Interpolations"><Name_array id="Spine-Interpolations-array" count="32">
 LINEAR LINEAR LINEAR LINEAR LINEAR LINEAR LINEAR LINEAR LINEAR LINEAR LINEAR
LINEAR LINEAR LINEAR LINEAR LINEAR LINEAR LINEAR LINEAR LINEAR LINEAR LINEAR LINEAR
LINEAR LINEAR LINEAR LINEAR LINEAR LINEAR LINEAR LINEAR LINEAR</Name_array><technique_common><accessor source="#Spine-Interpolations-array" count="32"><param type="name"/></accessor></technique_common></source><sampler id="Spine-Matrix-animation-transform"><input semantic="INPUT" source="#Spine-Matrix-animation-input"/><input semantic="OUTPUT" source="#Spine-Matrix-animation-output-transform"/><input semantic="INTERPOLATION" source="#Spine-Interpolations"/></sampler><channel source="#Spine-Matrix-animation-transform" target="Spine/matrix"/></animation>
    <animation id="Spine1-anim" name="Spine1"><source id="Spine1-Matrix-animation-input"><float_array id="Spine1-Matrix-animation-input-array" count="32">

0.000000 0.033333 0.066667 0.100000 0.133333 0.166667 0.200000 0.233333 0.266667 0.300000 0.333333 0.366667 0.400000 0.433333 0.466667 0.500000
0.533333 0.566667 0.600000 0.633333 0.666667 0.700000 0.733333 0.766667 0.800000 0.833333 0.866667 0.900000 0.933333 0.966667 1.000000 1.033333</float_array><technique_common><accessor source="#Spine1-Matrix-animation-input-array" count="32"><param name="TIME" type="float"/></accessor></technique_common></source><source id="Spine1-Matrix-animation-output-transform"><float_array id="Spine1-Matrix-animation-output-transform-array" count="512">

0.991439 0.130510 0.003869 -0.000000 -0.130344 0.991042 -0.029100 16.254000 -0.007632 0.028346 0.999569 -0.165600 0.000000 0.000000 0.000000 1.000000
0.991670 0.128759 0.003315 -0.000000 -0.128593 0.991197 -0.031494 16.254000 -0.007341 0.030806 0.999498 -0.165600 0.000000 0.000000 0.000000 1.000000
0.991872 0.127216 0.002641 0.000000 -0.127048 0.991288 -0.034726 16.254000 -0.007035 0.034109 0.999393 -0.165600 0.000000 0.000000 0.000000 1.000000
0.991788 0.127884 0.001254 -0.000000 -0.127754 0.991136 -0.036452 16.254000 -0.005904 0.035993 0.999335 -0.165600 0.000000 0.000000 0.000000 1.000000
0.991952 0.126579 -0.002911 0.000000 -0.126602 0.991313 -0.035651 16.254000 -0.001627 0.035732 0.999360 -0.165600 0.000000 0.000000 0.000000 1.000000
0.991769 0.127881 -0.006427 0.000000 -0.128023 0.991242 -0.032404 16.254000 0.002227 0.032960 0.999454 -0.165600 0.000000 0.000000 0.000000 1.000000
0.991460 0.130192 -0.007505 0.000000 -0.130369 0.990930 -0.032596 16.254000 0.003193 0.033296 0.999440 -0.165600 0.000000 0.000000 0.000000 1.000000
0.991371 0.130854 -0.007827 0.000000 -0.131042 0.990831 -0.032901 16.254000 0.003450 0.033643 0.999428 -0.165600 0.000000 0.000000 0.000000 1.000000
0.991940 0.126643 -0.004051 0.000000 -0.126707 0.991327 -0.034870 16.254000 -0.000400 0.035102 0.999384 -0.165600 0.000000 0.000000 0.000000 1.000000
0.990692 0.136120 0.000082 0.000000 -0.136062 0.990291 -0.028482 16.254000 -0.003958 0.028206 0.999594 -0.165600 0.000000 0.000000 0.000000 1.000000
0.989596 0.143852 0.002474 0.000000 -0.143733 0.989244 -0.027157 16.254000 -0.006354 0.026519 0.999628 -0.165600 0.000000 0.000000 0.000000 1.000000
0.989697 0.143091 0.005016 0.000000 -0.142870 0.989258 -0.030930 16.254000 -0.009388 0.029895 0.999509 -0.165600 0.000000 0.000000 0.000000 1.000000
0.990562 0.136893 0.006809 0.000000 -0.136596 0.990070 -0.033223 16.254000 -0.011290 0.031979 0.999425 -0.165600 0.000000 0.000000 0.000000 1.000000
0.990988 0.133689 0.008396 0.000000 -0.133336 0.990495 -0.033776 16.254000 -0.012832 0.032352 0.999394 -0.165600 0.000000 0.000000 0.000000 1.000000
0.991188 0.132114 0.009599 0.000000 -0.131711 0.990682 -0.034650 16.254000 -0.014088 0.033081 0.999353 -0.165600 0.000000 0.000000 0.000000 1.000000
0.991294 0.131156 0.011596 0.000000 -0.130647 0.990733 -0.037142 16.254000 -0.016360 0.035304 0.999243 -0.165600 0.000000 0.000000 0.000000 1.000000
0.991116 0.132295 0.013650 0.000000 -0.131652 0.990471 -0.040439 16.254000 -0.018869 0.038282 0.999089 -0.165600 0.000000 0.000000 0.000000 1.000000
0.991152 0.131962 0.014308 0.000000 -0.131220 0.990369 -0.044162 16.254000 -0.019998 0.041893 0.998922 -0.165600 0.000000 0.000000 0.000000 1.000000
0.991043 0.132495 0.016669 0.000000 -0.131555 0.990119 -0.048566 16.254000 -0.022939 0.045938 0.998681 -0.165600 0.000000 0.000000 0.000000 1.000000
0.991195 0.130738 0.020998 0.000000 -0.129518 0.990234 -0.051591 16.254000 -0.027538 0.048418 0.998448 -0.165600 0.000000 0.000000 0.000000 1.000000
0.990927 0.132032 0.025134 0.000000 -0.130608 0.990084 -0.051719 16.254000 -0.031713 0.047967 0.998345 -0.165600 0.000000 0.000000 0.000000 1.000000
0.990304 0.136449 0.026061 -0.000000 -0.135107 0.989681 -0.047735 16.254000 -0.032306 0.043752 0.998520 -0.165600 0.000000 0.000000 0.000000 1.000000
0.989989 0.138925 0.024915 0.000000 -0.137779 0.989531 -0.042958 16.254000 -0.030622 0.039095 0.998766 -0.165600 0.000000 0.000000 0.000000 1.000000
0.990640 0.134447 0.023591 0.000000 -0.133502 0.990325 -0.037874 16.254000 -0.028455 0.034370 0.999004 -0.165600 0.000000 0.000000 0.000000 1.000000
0.991346 0.130214 0.016636 0.000000 -0.129648 0.991061 -0.031449 16.254000 -0.020583 0.029020 0.999367 -0.165600 0.000000 0.000000 0.000000 1.000000
0.991622 0.128914 0.008139 0.000000 -0.128678 0.991376 -0.024797 16.254000 -0.011266 0.023542 0.999659 -0.165600 0.000000 0.000000 0.000000 1.000000
0.992015 0.126038 0.004646 0.000000 -0.125905 0.991791 -0.022313 16.254000 -0.007420 0.021550 0.999740 -0.165600 0.000000 0.000000 0.000000 1.000000
0.992098 0.125398 0.004166 0.000000 -0.125271 0.991855 -0.023046 16.254000 -0.007022 0.022342 0.999726 -0.165600 0.000000 0.000000 0.000000 1.000000
0.991916 0.126785 0.005332 0.000000 -0.126622 0.991655 -0.024231 16.254000 -0.008359 0.023360 0.999692 -0.165600 0.000000 0.000000 0.000000 1.000000
0.991830 0.127414 0.006161 -0.000000 -0.127220 0.991549 -0.025416 16.254000 -0.009348 0.024424 0.999658 -0.165600 0.000000 0.000000 0.000000 1.000000
0.991627 0.129019 0.005504 0.000000 -0.128829 0.991305 -0.026777 16.254000 -0.008911 0.025844 0.999626 -0.165600 0.000000 0.000000 0.000000 1.000000
0.991439 0.130510 0.003869 0.000000 -0.130344 0.991042 -0.029100 16.254000 -0.007632 0.028346 0.999569 -0.165600 0.000000 0.000000 0.000000 1.000000</float_array><technique_common><accessor source="#Spine1-Matrix-animation-output-transform-array" count="32" stride="16"><param type="float4x4"/></accessor></technique_common></source><source id="Spine1-Interpolations"><Name_array id="Spine1-Interpolations-array" count="32">
 LINEAR LINEAR LINEAR LINEAR LINEAR LINEAR LINEAR LINEAR LINEAR LINEAR LINEAR
LINEAR LINEAR LINEAR LINEAR LINEAR LINEAR LINEAR LINEAR LINEAR LINEAR LINEAR LINEAR
LINEAR LINEAR LINEAR LINEAR LINEAR LINEAR LINEAR LINEAR LINEAR</Name_array><technique_common><accessor source="#Spine1-Interpolations-array" count="32"><param type="name"/></accessor></technique_common></source><sampler id="Spine1-Matrix-animation-transform"><input semantic="INPUT" source="#Spine1-Matrix-animation-input"/><input semantic="OUTPUT" source="#Spine1-Matrix-animation-output-transform"/><input semantic="INTERPOLATION" source="#Spine1-Interpolations"/></sampler><channel source="#Spine1-Matrix-animation-transform" target="Spine1/matrix"/></animation>
    <animation id="Spine2-anim" name="Spine2"><source id="Spine2-Matrix-animation-input"><float_array id="Spine2-Matrix-animation-input-array" count="32">

0.000000 0.033333 0.066667 0.100000 0.133333 0.166667 0.200000 0.233333 0.266667 0.300000 0.333333 0.366667 0.400000 0.433333 0.466667 0.500000
0.533333 0.566667 0.600000 0.633333 0.666667 0.700000 0.733333 0.766667 0.800000 0.833333 0.866667 0.900000 0.933333 0.966667 1.000000 1.033333</float_array><technique_common><accessor source="#Spine2-Matrix-animation-input-array" count="32"><param name="TIME" type="float"/></accessor></technique_common></source><source id="Spine2-Matrix-animation-output-transform"><float_array id="Spine2-Matrix-animation-output-transform-array" count="512">

0.996605 0.037369 -0.073364 0.000000 -0.050647 0.980780 -0.188427 13.639600 0.064912 0.191502 0.979343 -1.292300 0.000000 0.000000 0.000000 1.000000
0.996670 0.035458 -0.073430 0.000000 -0.048941 0.980396 -0.190865 13.639600 0.065223 0.193823 0.978866 -1.292300 0.000000 0.000000 0.000000 1.000000
0.996715 0.033730 -0.073631 0.000000 -0.047499 0.979828 -0.194114 13.639600 0.065599 0.196974 0.978212 -1.292300 0.000000 0.000000 0.000000 1.000000
0.996600 0.034014 -0.075040 0.000000 -0.048168 0.979472 -0.195741 13.639600 0.066842 0.198690 0.977780 -1.292300 0.000000 0.000000 0.000000 1.000000
0.996402 0.031664 -0.078613 -0.000000 -0.046520 0.979695 -0.195022 13.639600 0.070841 0.197978 0.977643 -1.292300 0.000000 0.000000 0.000000 1.000000
0.996097 0.032068 -0.082233 -0.000000 -0.047388 0.980301 -0.191738 13.639600 0.074465 0.194886 0.977995 -1.292300 0.000000 0.000000 0.000000 1.000000
0.995894 0.034057 -0.083878 -0.000000 -0.049670 0.980185 -0.191758 13.639600 0.075686 0.195137 0.977851 -1.292300 0.000000 0.000000 0.000000 1.000000
0.995822 0.034551 -0.084530 -0.000000 -0.050304 0.980102 -0.192013 13.639600 0.076214 0.195463 0.977745 -1.292300 0.000000 0.000000 0.000000 1.000000
0.996296 0.031300 -0.080096 0.000000 -0.046400 0.979853 -0.194254 13.639600 0.072403 0.197250 0.977676 -1.292300 0.000000 0.000000 0.000000 1.000000
0.996042 0.041737 -0.078476 0.000000 -0.055857 0.980699 -0.187375 13.639600 0.069141 0.191017 0.979149 -1.292300 0.000000 0.000000 0.000000 1.000000
0.995684 0.050024 -0.078177 0.000000 -0.063840 0.980539 -0.185653 13.639600 0.067368 0.189843 0.979501 -1.292300 0.000000 0.000000 0.000000 1.000000
0.995892 0.049984 -0.075501 0.000000 -0.063545 0.979819 -0.189517 13.639600 0.064505 0.193536 0.978970 -1.292300 0.000000 0.000000 0.000000 1.000000
0.996403 0.044376 -0.072195 -0.000000 -0.057557 0.979666 -0.192200 13.639600 0.062197 0.195664 0.978697 -1.292300 0.000000 0.000000 0.000000 1.000000
0.996686 0.041660 -0.069862 0.000000 -0.054476 0.979692 -0.192967 13.639600 0.060404 0.196133 0.978715 -1.292300 0.000000 0.000000 0.000000 1.000000
0.996845 0.040412 -0.068319 -0.000000 -0.053003 0.979583 -0.193926 13.639600 0.059088 0.196935 0.978634 -1.292300 0.000000 0.000000 0.000000 1.000000
0.997009 0.039945 -0.066155 0.000000 -0.052263 0.979122 -0.196440 13.639600 0.056927 0.199310 0.978282 -1.292300 0.000000 0.000000 0.000000 1.000000
0.997056 0.041507 -0.064473 0.000000 -0.053638 0.978406 -0.199612 13.639600 0.054796 0.202483 0.977752 -1.292300 0.000000 0.000000 0.000000 1.000000
0.997113 0.041249 -0.063745 0.000000 -0.053439 0.977665 -0.203262 13.639600 0.053937 0.206082 0.977047 -1.292300 0.000000 0.000000 0.000000 1.000000
0.997209 0.042239 -0.061567 0.000000 -0.054187 0.976715 -0.207586 13.639600 0.051365 0.210343 0.976277 -1.292300 0.000000 0.000000 0.000000 1.000000
0.997518 0.041466 -0.056903 0.000000 -0.052597 0.976132 -0.210715 13.639600 0.046807 0.213185 0.975890 -1.292300 0.000000 0.000000 0.000000 1.000000
0.997626 0.043658 -0.053252 0.000000 -0.053970 0.976019 -0.210887 13.639600 0.042768 0.213260 0.976059 -1.292300 0.000000 0.000000 0.000000 1.000000
0.997400 0.048253 -0.053518 0.000000 -0.058352 0.976612 -0.206941 13.639600 0.042281 0.209526 0.976889 -1.292300 0.000000 0.000000 0.000000 1.000000
0.997185 0.050556 -0.055380 0.000000 -0.060791 0.977429 -0.202330 13.639600 0.043901 0.205127 0.977750 -1.292300 0.000000 0.000000 0.000000 1.000000
0.997388 0.046088 -0.055615 -0.000000 -0.056244 0.978656 -0.197661 13.639600 0.045318 0.200273 0.978692 -1.292300 0.000000 0.000000 0.000000 1.000000
0.997304 0.040402 -0.061254 0.000000 -0.051458 0.980184 -0.191290 13.639600 0.052311 0.193926 0.979620 -1.292300 0.000000 0.000000 0.000000 1.000000
0.996927 0.037088 -0.069002 0.000000 -0.049291 0.981585 -0.184555 13.639600 0.060887 0.187389 0.980397 -1.292300 0.000000 0.000000 0.000000 1.000000
0.996885 0.033447 -0.071431 0.000000 -0.046008 0.982188 -0.182181 13.639600 0.064065 0.184900 0.980667 -1.292300 0.000000 0.000000 0.000000 1.000000
0.996890 0.032682 -0.071706 0.000000 -0.045353 0.982084 -0.182903 13.639600 0.064443 0.185586 0.980513 -1.292300 0.000000 0.000000 0.000000 1.000000
0.996884 0.034312 -0.071021 0.000000 -0.046900 0.981810 -0.183980 13.639600 0.063416 0.186738 0.980361 -1.292300 0.000000 0.000000 0.000000 1.000000
0.996900 0.035105 -0.070412 0.000000 -0.047638 0.981566 -0.185091 13.639600 0.062616 0.187872 0.980196 -1.292300 0.000000 0.000000 0.000000 1.000000
0.996777 0.036425 -0.071473 0.000000 -0.049216 0.981261 -0.186293 13.639600 0.063348 0.189210 0.979891 -1.292300 0.000000 0.000000 0.000000 1.000000
0.996605 0.037369 -0.073364 0.000000 -0.050647 0.980780 -0.188426 13.639600 0.064912 0.191502 0.979343 -1.292300 0.000000 0.000000 0.000000 1.000000</float_array><technique_common><accessor source="#Spine2-Matrix-animation-output-transform-array" count="32" stride="16"><param type="float4x4"/></accessor></technique_common></source><source id="Spine2-Interpolations"><Name_array id="Spine2-Interpolations-array" count="32">
 LINEAR LINEAR LINEAR LINEAR LINEAR LINEAR LINEAR LINEAR LINEAR LINEAR LINEAR
LINEAR LINEAR LINEAR LINEAR LINEAR LINEAR LINEAR LINEAR LINEAR LINEAR LINEAR LINEAR
LINEAR LINEAR LINEAR LINEAR LINEAR LINEAR LINEAR LINEAR LINEAR</Name_array><technique_common><accessor source="#Spine2-Interpolations-array" count="32"><param type="name"/></accessor></technique_common></source><sampler id="Spine2-Matrix-animation-transform"><input semantic="INPUT" source="#Spine2-Matrix-animation-input"/><input semantic="OUTPUT" source="#Spine2-Matrix-animation-output-transform"/><input semantic="INTERPOLATION" source="#Spine2-Interpolations"/></sampler><channel source="#Spine2-Matrix-animation-transform" target="Spine2/matrix"/></animation>
    <animation id="Neck-anim" name="Neck"><source id="Neck-Matrix-animation-input"><float_array id="Neck-Matrix-animation-input-array" count="32">

0.000000 0.033333 0.066667 0.100000 0.133333 0.166667 0.200000 0.233333 0.266667 0.300000 0.333333 0.366667 0.400000 0.433333 0.466667 0.500000
0.533333 0.566667 0.600000 0.633333 0.666667 0.700000 0.733333 0.766667 0.800000 0.833333 0.866667 0.900000 0.933333 0.966667 1.000000 1.033333</float_array><technique_common><accessor source="#Neck-Matrix-animation-input-array" count="32"><param name="TIME" type="float"/></accessor></technique_common></source><source id="Neck-Matrix-animation-output-transform"><float_array id="Neck-Matrix-animation-output-transform-array" count="512">

0.991382 -0.014493 0.130197 0.000000 0.015452 0.999860 -0.006358 13.877400 -0.130086 0.008315 0.991468 -4.354200 0.000000 0.000000 0.000000 1.000000
0.991633 -0.014691 0.128252 0.000000 0.015051 0.999885 -0.001835 13.877400 -0.128210 0.003750 0.991740 -4.354200 0.000000 0.000000 0.000000 1.000000
0.991628 -0.013928 0.128376 -0.000000 0.013582 0.999901 0.003572 13.877400 -0.128413 -0.001798 0.991719 -4.354200 0.000000 0.000000 0.000000 1.000000
0.991743 -0.023225 0.126123 0.000000 0.022474 0.999720 0.007375 13.877400 -0.126259 -0.004480 0.991987 -4.354200 0.000000 0.000000 0.000000 1.000000
0.991664 -0.030732 0.125129 0.000000 0.030411 0.999527 0.004468 13.877400 -0.125207 -0.000625 0.992130 -4.354200 0.000000 0.000000 0.000000 1.000000
0.991612 -0.032481 0.125104 0.000000 0.032607 0.999468 0.001036 13.877400 -0.125071 0.003052 0.992143 -4.354200 0.000000 0.000000 0.000000 1.000000
0.991716 -0.028945 0.125150 0.000000 0.029072 0.999577 0.000811 13.877400 -0.125121 0.002834 0.992137 -4.354200 0.000000 0.000000 0.000000 1.000000
0.991792 -0.023595 0.125663 -0.000000 0.023797 0.999717 -0.000107 13.877400 -0.125624 0.003097 0.992073 -4.354200 0.000000 0.000000 0.000000 1.000000
0.991757 -0.013276 0.127443 -0.000000 0.012743 0.999906 0.004999 13.877400 -0.127498 -0.003334 0.991833 -4.354200 0.000000 0.000000 0.000000 1.000000
0.991325 -0.006127 0.131287 0.000000 0.005703 0.999977 0.003609 13.877400 -0.131306 -0.002829 0.991338 -4.354200 0.000000 0.000000 0.000000 1.000000
0.990540 -0.002669 0.137197 0.000000 0.003258 0.999986 -0.004063 13.877400 -0.137184 0.004472 0.990535 -4.354200 0.000000 0.000000 0.000000 1.000000
0.990155 -0.002736 0.139946 0.000000 0.004017 0.999953 -0.008870 13.877400 -0.139915 0.009345 0.990119 -4.354200 0.000000 0.000000 0.000000 1.000000
0.990037 0.000301 0.140808 0.000000 0.001245 0.999940 -0.010897 13.877400 -0.140803 0.010964 0.989977 -4.354200 0.000000 0.000000 0.000000 1.000000
0.990076 -0.000439 0.140530 -0.000000 0.001798 0.999953 -0.009543 13.877400 -0.140519 0.009700 0.990030 -4.354200 0.000000 0.000000 0.000000 1.000000
0.990167 0.000612 0.139887 0.000000 0.000457 0.999971 -0.007610 13.877400 -0.139888 0.007599 0.990138 -4.354200 0.000000 0.000000 0.000000 1.000000
0.990295 0.002211 0.138964 -0.000000 -0.001494 0.999985 -0.005269 13.877400 -0.138973 0.005011 0.990283 -4.354200 0.000000 0.000000 0.000000 1.000000
0.990330 0.002625 0.138706 -0.000000 -0.002031 0.999988 -0.004419 13.877400 -0.138716 0.004094 0.990324 -4.354200 0.000000 0.000000 0.000000 1.000000
0.989906 0.008180 0.141490 0.000000 -0.007670 0.999962 -0.004153 13.877400 -0.141519 0.003026 0.989931 -4.354200 0.000000 0.000000 0.000000 1.000000
0.989402 0.014785 0.144445 0.000000 -0.014296 0.999888 -0.004422 13.877400 -0.144494 0.002310 0.989503 -4.354200 0.000000 0.000000 0.000000 1.000000
0.988482 0.024350 0.149368 0.000000 -0.023709 0.999700 -0.006073 13.877400 -0.149471 0.002461 0.988763 -4.354200 0.000000 0.000000 0.000000 1.000000
0.987606 0.026746 0.154657 -0.000000 -0.026269 0.999642 -0.005128 13.877400 -0.154739 0.001002 0.987955 -4.354200 0.000000 0.000000 0.000000 1.000000
0.987401 0.024756 0.156291 0.000000 -0.024381 0.999693 -0.004316 13.877400 -0.156350 0.000452 0.987702 -4.354200 0.000000 0.000000 0.000000 1.000000
0.987857 0.016894 0.154444 0.000000 -0.016515 0.999857 -0.003735 13.877400 -0.154484 0.001139 0.987995 -4.354200 0.000000 0.000000 0.000000 1.000000
0.988256 0.012187 0.152322 -0.000000 -0.011913 0.999925 -0.002709 13.877400 -0.152343 0.000862 0.988327 -4.354200 0.000000 0.000000 0.000000 1.000000
0.988854 0.008011 0.148670 0.000000 -0.008018 0.999968 -0.000555 13.877400 -0.148669 -0.000643 0.988887 -4.354200 0.000000 0.000000 0.000000 1.000000
0.989789 0.001841 0.142530 -0.000000 -0.001422 0.999994 -0.003041 13.877400 -0.142535 0.002808 0.989786 -4.354200 0.000000 0.000000 0.000000 1.000000
0.990268 -0.000007 0.139174 -0.000000 0.001670 0.999929 -0.011831 13.877400 -0.139164 0.011949 0.990197 -4.354200 0.000000 0.000000 0.000000 1.000000
0.990137 0.003737 0.140055 0.000000 -0.000947 0.999800 -0.019985 13.877400 -0.140102 0.019655 0.989942 -4.354200 0.000000 0.000000 0.000000 1.000000
0.990195 0.003991 0.139633 0.000000 -0.000992 0.999767 -0.021543 13.877400 -0.139687 0.021193 0.989969 -4.354200 0.000000 0.000000 0.000000 1.000000
0.990480 0.003091 0.137619 -0.000000 -0.000563 0.999831 -0.018401 13.877400 -0.137653 0.018149 0.990314 -4.354200 0.000000 0.000000 0.000000 1.000000
0.990863 -0.002019 0.134859 0.000000 0.003762 0.999913 -0.012676 13.877400 -0.134822 0.013068 0.990784 -4.354200 0.000000 0.000000 0.000000 1.000000
0.991382 -0.014493 0.130197 0.000000 0.015452 0.999860 -0.006358 13.877400 -0.130086 0.008315 0.991468 -4.354200 0.000000 0.000000 0.000000 1.000000</float_array><technique_common><accessor source="#Neck-Matrix-animation-output-transform-array" count="32" stride="16"><param type="float4x4"/></accessor></technique_common></source><source id="Neck-Interpolations"><Name_array id="Neck-Interpolations-array" count="32">
 LINEAR LINEAR LINEAR LINEAR LINEAR LINEAR LINEAR LINEAR LINEAR LINEAR LINEAR
LINEAR LINEAR LINEAR LINEAR LINEAR LINEAR LINEAR LINEAR LINEAR LINEAR LINEAR LINEAR
LINEAR LINEAR LINEAR LINEAR LINEAR LINEAR LINEAR LINEAR LINEAR</Name_array><technique_common><accessor source="#Neck-Interpolations-array" count="32"><param type="name"/></accessor></technique_common></source><sampler id="Neck-Matrix-animation-transform"><input semantic="INPUT" source="#Neck-Matrix-animation-input"/><input semantic="OUTPUT" source="#Neck-Matrix-animation-output-transform"/><input semantic="INTERPOLATION" source="#Neck-Interpolations"/></sampler><channel source="#Neck-Matrix-animation-transform" target="Neck/matrix"/></animation>
    <animation id="Neck1-anim" name="Neck1"><source id="Neck1-Matrix-animation-input"><float_array id="Neck1-Matrix-animation-input-array" count="32">

0.000000 0.033333 0.066667 0.100000 0.133333 0.166667 0.200000 0.233333 0.266667 0.300000 0.333333 0.366667 0.400000 0.433333 0.466667 0.500000
0.533333 0.566667 0.600000 0.633333 0.666667 0.700000 0.733333 0.766667 0.800000 0.833333 0.866667 0.900000 0.933333 0.966667 1.000000 1.033333</float_array><technique_common><accessor source="#Neck1-Matrix-animation-input-array" count="32"><param name="TIME" type="float"/></accessor></technique_common></source><source id="Neck1-Matrix-animation-output-transform"><float_array id="Neck1-Matrix-animation-output-transform-array" count="512">

1.000000 -0.000000 -0.000000 -0.000000 0.000000 1.000000 0.000000 4.340000 -0.000000 0.000000 1.000000 0.926900 0.000000 0.000000 0.000000 1.000000
1.000000 0.000000 0.000000 -0.000000 -0.000000 1.000000 -0.000000 4.340000 -0.000000 0.000000 1.000000 0.926900 0.000000 0.000000 0.000000 1.000000
1.000000 -0.000000 -0.000000 0.000000 -0.000000 1.000000 -0.000000 4.340000 0.000000 0.000000 1.000000 0.926900 0.000000 0.000000 0.000000 1.000000
1.000000 -0.000000 -0.000000 -0.000000 0.000000 1.000000 0.000000 4.340000 0.000000 0.000000 1.000000 0.926900 0.000000 0.000000 0.000000 1.000000
1.000000 0.000000 0.000000 0.000000 0.000000 1.000000 0.000000 4.340000 0.000000 0.000000 1.000000 0.926900 0.000000 0.000000 0.000000 1.000000
1.000000 -0.000000 -0.000000 -0.000000 -0.000000 1.000000 -0.000000 4.340000 -0.000000 0.000000 1.000000 0.926900 0.000000 0.000000 0.000000 1.000000
1.000000 -0.000000 -0.000000 0.000000 0.000000 1.000000 0.000000 4.340000 0.000000 0.000000 1.000000 0.926900 0.000000 0.000000 0.000000 1.000000
1.000000 0.000000 -0.000000 0.000000 -0.000000 1.000000 -0.000000 4.340000 -0.000000 -0.000000 1.000000 0.926900 0.000000 0.000000 0.000000 1.000000
1.000000 -0.000000 -0.000000 -0.000000 0.000000 1.000000 0.000000 4.340000 -0.000000 0.000000 1.000000 0.926900 0.000000 0.000000 0.000000 1.000000
1.000000 0.000000 -0.000000 0.000000 -0.000000 1.000000 0.000000 4.340000 -0.000000 0.000000 1.000000 0.926900 0.000000 0.000000 0.000000 1.000000
1.000000 0.000000 0.000000 0.000000 -0.000000 1.000000 -0.000000 4.340000 0.000000 0.000000 1.000000 0.926900 0.000000 0.000000 0.000000 1.000000
1.000000 0.000000 -0.000000 -0.000000 -0.000000 1.000000 0.000000 4.340000 -0.000000 0.000000 1.000000 0.926900 0.000000 0.000000 0.000000 1.000000
1.000000 -0.000000 -0.000000 0.000000 0.000000 1.000000 -0.000000 4.340000 0.000000 0.000000 1.000000 0.926900 0.000000 0.000000 0.000000 1.000000
1.000000 0.000000 -0.000000 0.000000 0.000000 1.000000 0.000000 4.340000 -0.000000 -0.000000 1.000000 0.926900 0.000000 0.000000 0.000000 1.000000
1.000000 0.000000 0.000000 0.000000 0.000000 1.000000 0.000000 4.340000 0.000000 -0.000000 1.000000 0.926900 0.000000 0.000000 0.000000 1.000000
1.000000 0.000000 0.000000 0.000000 -0.000000 1.000000 0.000000 4.340000 0.000000 -0.000000 1.000000 0.926900 0.000000 0.000000 0.000000 1.000000
1.000000 0.000000 0.000000 0.000000 0.000000 1.000000 -0.000000 4.340000 -0.000000 -0.000000 1.000000 0.926900 0.000000 0.000000 0.000000 1.000000
1.000000 0.000000 0.000000 0.000000 0.000000 1.000000 0.000000 4.340000 0.000000 0.000000 1.000000 0.926900 0.000000 0.000000 0.000000 1.000000
1.000000 -0.000000 -0.000000 0.000000 -0.000000 1.000000 0.000000 4.340000 -0.000000 0.000000 1.000000 0.926900 0.000000 0.000000 0.000000 1.000000
1.000000 0.000000 -0.000000 0.000000 0.000000 1.000000 -0.000000 4.340000 0.000000 -0.000000 1.000000 0.926900 0.000000 0.000000 0.000000 1.000000
1.000000 0.000000 0.000000 0.000000 0.000000 1.000000 -0.000000 4.340000 0.000000 -0.000000 1.000000 0.926900 0.000000 0.000000 0.000000 1.000000
1.000000 0.000000 0.000000 -0.000000 0.000000 1.000000 -0.000000 4.340000 0.000000 0.000000 1.000000 0.926900 0.000000 0.000000 0.000000 1.000000
1.000000 -0.000000 -0.000000 0.000000 0.000000 1.000000 -0.000000 4.340000 0.000000 0.000000 1.000000 0.926900 0.000000 0.000000 0.000000 1.000000
1.000000 -0.000000 0.000000 -0.000000 -0.000000 1.000000 0.000000 4.340000 -0.000000 -0.000000 1.000000 0.926900 0.000000 0.000000 0.000000 1.000000
1.000000 0.000000 0.000000 0.000000 0.000000 1.000000 -0.000000 4.340000 -0.000000 0.000000 1.000000 0.926900 0.000000 0.000000 0.000000 1.000000
1.000000 -0.000000 -0.000000 0.000000 -0.000000 1.000000 -0.000000 4.340000 -0.000000 -0.000000 1.000000 0.926900 0.000000 0.000000 0.000000 1.000000
1.000000 -0.000000 -0.000000 -0.000000 -0.000000 1.000000 0.000000 4.340000 0.000000 0.000000 1.000000 0.926900 0.000000 0.000000 0.000000 1.000000
1.000000 0.000000 0.000000 0.000000 0.000000 1.000000 0.000000 4.340000 0.000000 0.000000 1.000000 0.926900 0.000000 0.000000 0.000000 1.000000
1.000000 -0.000000 0.000000 0.000000 0.000000 1.000000 0.000000 4.340000 -0.000000 0.000000 1.000000 0.926900 0.000000 0.000000 0.000000 1.000000
1.000000 -0.000000 0.000000 -0.000000 -0.000000 1.000000 0.000000 4.340000 0.000000 0.000000 1.000000 0.926900 0.000000 0.000000 0.000000 1.000000
1.000000 -0.000000 0.000000 -0.000000 -0.000000 1.000000 0.000000 4.340000 0.000000 0.000000 1.000000 0.926900 0.000000 0.000000 0.000000 1.000000
1.000000 0.000000 0.000000 0.000000 -0.000000 1.000000 0.000000 4.340000 0.000000 0.000000 1.000000 0.926900 0.000000 0.000000 0.000000 1.000000</float_array><technique_common><accessor source="#Neck1-Matrix-animation-output-transform-array" count="32" stride="16"><param type="float4x4"/></accessor></technique_common></source><source id="Neck1-Interpolations"><Name_array id="Neck1-Interpolations-array" count="32">
 LINEAR LINEAR LINEAR LINEAR LINEAR LINEAR LINEAR LINEAR LINEAR LINEAR LINEAR
LINEAR LINEAR LINEAR LINEAR LINEAR LINEAR LINEAR LINEAR LINEAR LINEAR LINEAR LINEAR
LINEAR LINEAR LINEAR LINEAR LINEAR LINEAR LINEAR LINEAR LINEAR</Name_array><technique_common><accessor source="#Neck1-Interpolations-array" count="32"><param type="name"/></accessor></technique_common></source><sampler id="Neck1-Matrix-animation-transform"><input semantic="INPUT" source="#Neck1-Matrix-animation-input"/><input semantic="OUTPUT" source="#Neck1-Matrix-animation-output-transform"/><input semantic="INTERPOLATION" source="#Neck1-Interpolations"/></sampler><channel source="#Neck1-Matrix-animation-transform" target="Neck1/matrix"/></animation>
    <animation id="Head-anim" name="Head"><source id="Head-Matrix-animation-input"><float_array id="Head-Matrix-animation-input-array" count="32">

0.000000 0.033333 0.066667 0.100000 0.133333 0.166667 0.200000 0.233333 0.266667 0.300000 0.333333 0.366667 0.400000 0.433333 0.466667 0.500000
