<?xml version="1.0" encoding="utf-8"?>
<COLLADA xmlns="http://www.collada.org/2005/11/COLLADASchema" version="1.4.1">
  <asset><contributor><author>Mixamo</author><authoring_tool>COLLADA Mixamo exporter</authoring_tool><comments></comments></contributor><created>2018-12-18T20:58:46Z</created><modified>2018-12-18T20:58:46Z</modified><revision></revision><title></title><unit meter="0.010000"/><up_axis>Y_UP</up_axis></asset>
  <library_animations>
    <animation id="Hips-anim" name="Hips"><source id="Hips-Matrix-animation-input"><float_array id="Hips-Matrix-animation-input-array" count="47">

0.000000 0.033333 0.066667 0.100000 0.133333 0.166667 0.200000 0.233333 0.266667 0.300000 0.333333 0.366667 0.400000 0.433333 0.466667 0.500000
0.533333 0.566667 0.600000 0.633333 0.666667 0.700000 0.733333 0.766667 0.800000 0.833333 0.866667 0.900000 0.933333 0.966667 1.000000 1.033333
1.066667 1.100000 1.133333 1.166667 1.200000 1.233333 1.266667 1.300000 1.333333 1.366667 1.400000 1.433333 1.466667 1.500000 1.533333</float_array><technique_common><accessor source="#Hips-Matrix-animation-input-array" count="47"><param name="TIME" type="float"/></accessor></technique_common></source><source id="Hips-Matrix-animation-output-transform"><float_array id="Hips-Matrix-animation-output-transform-array" count="752">

0.767027 0.126739 -0.628973 0.016601 0.024447 0.973812 0.226037 92.620934 0.641149 -0.188753 0.743841 -0.033855 0.000000 0.000000 0.000000 1.000000
0.766173 0.126066 -0.630147 0.004304 0.026049 0.973672 0.226462 92.617569 0.642106 -0.189923 0.742718 0.041915 0.000000 0.000000 0.000000 1.000000
0.766024 0.124236 -0.630693 0.061886 0.029030 0.973458 0.227015 92.625893 0.642157 -0.192208 0.742085 0.165511 0.000000 0.000000 0.000000 1.000000
0.766852 0.123084 -0.629912 0.207359 0.031788 0.972952 0.228812 92.610855 0.641037 -0.195488 0.742197 0.351529 0.000000 0.000000 0.000000 1.000000
0.766430 0.123326 -0.630378 0.442732 0.032977 0.972546 0.230361 92.561386 0.641481 -0.197344 0.741322 0.608610 0.000000 0.000000 0.000000 1.000000
0.763338 0.127129 -0.633367 0.744676 0.031381 0.971990 0.232918 92.477196 0.645237 -0.197670 0.737967 0.997467 0.000000 0.000000 0.000000 1.000000
0.758522 0.132893 -0.637952 1.060318 0.029438 0.970997 0.237272 92.390533 0.650982 -0.198756 0.732611 1.536676 0.000000 0.000000 0.000000 1.000000
0.753568 0.136938 -0.642948 1.362931 0.030241 0.969805 0.241998 92.321777 0.656673 -0.201806 0.726674 2.211038 0.000000 0.000000 0.000000 1.000000
0.750221 0.139107 -0.646388 1.648769 0.032999 0.968522 0.246732 92.254532 0.660363 -0.206434 0.722015 3.002580 0.000000 0.000000 0.000000 1.000000
0.747977 0.139455 -0.648908 1.908878 0.036631 0.967514 0.250149 92.175346 0.662713 -0.210876 0.718570 3.876825 0.000000 0.000000 0.000000 1.000000
0.747118 0.139091 -0.649975 2.173494 0.040977 0.966363 0.253897 92.054482 0.663427 -0.216326 0.716288 4.800115 0.000000 0.000000 0.000000 1.000000
0.746736 0.137711 -0.650709 2.415492 0.046881 0.965000 0.258025 91.882835 0.663467 -0.223182 0.714144 5.772694 0.000000 0.000000 0.000000 1.000000
0.744547 0.137778 -0.653198 2.602113 0.052287 0.963429 0.262813 91.738045 0.665520 -0.229831 0.710114 6.773107 0.000000 0.000000 0.000000 1.000000
0.740810 0.137521 -0.657487 2.707162 0.057624 0.962199 0.266182 91.584763 0.669239 -0.235077 0.704882 7.738242 0.000000 0.000000 0.000000 1.000000
0.735466 0.137070 -0.663552 2.665814 0.062694 0.961355 0.268077 91.350800 0.674655 -0.238762 0.698451 8.615863 0.000000 0.000000 0.000000 1.000000
0.729964 0.137874 -0.669435 2.402622 0.066017 0.960641 0.269835 91.094254 0.680290 -0.241164 0.692131 9.355788 0.000000 0.000000 0.000000 1.000000
0.725197 0.138422 -0.674485 1.892571 0.068649 0.960167 0.270862 90.849602 0.685111 -0.242731 0.686807 9.981176 0.000000 0.000000 0.000000 1.000000
0.719696 0.141362 -0.679745 1.222633 0.066159 0.960634 0.269825 90.804428 0.691130 -0.239164 0.682012 10.576621 0.000000 0.000000 0.000000 1.000000
0.712324 0.146276 -0.686439 0.428421 0.059839 0.961822 0.267054 90.908501 0.699296 -0.231305 0.676375 11.144027 0.000000 0.000000 0.000000 1.000000
0.704355 0.150590 -0.693691 -0.504147 0.053204 0.963290 0.263137 91.050209 0.707851 -0.222249 0.670486 11.656500 0.000000 0.000000 0.000000 1.000000
0.697048 0.154429 -0.700197 -1.539049 0.046503 0.964739 0.259068 91.232597 0.715515 -0.213144 0.665288 12.123668 0.000000 0.000000 0.000000 1.000000
0.691547 0.155771 -0.705335 -2.695586 0.041164 0.966385 0.253783 91.367050 0.721158 -0.204537 0.661888 12.523423 0.000000 0.000000 0.000000 1.000000
0.688732 0.152616 -0.708771 -3.950513 0.039068 0.968361 0.246476 91.454498 0.723962 -0.197446 0.660979 12.850723 0.000000 0.000000 0.000000 1.000000
0.687633 0.145290 -0.711373 -5.276701 0.039973 0.970712 0.236896 91.505699 0.724957 -0.191333 0.661686 13.099771 0.000000 0.000000 0.000000 1.000000
0.687725 0.135939 -0.713130 -6.655446 0.043318 0.972878 0.227228 91.547058 0.724678 -0.187162 0.663184 13.293151 0.000000 0.000000 0.000000 1.000000
0.687852 0.127011 -0.714652 -8.103232 0.047174 0.974668 0.218627 91.562965 0.724316 -0.184096 0.664435 13.435764 0.000000 0.000000 0.000000 1.000000
0.689005 0.117874 -0.715107 -9.682762 0.053126 0.975817 0.212034 91.439583 0.722807 -0.184083 0.666080 13.552464 0.000000 0.000000 0.000000 1.000000
0.690346 0.108805 -0.715251 -11.433996 0.060241 0.976549 0.206696 91.323364 0.720967 -0.185779 0.667602 13.674781 0.000000 0.000000 0.000000 1.000000
0.692848 0.097973 -0.714397 -13.376868 0.069689 0.976991 0.201572 91.221970 0.717708 -0.189444 0.670079 13.789950 0.000000 0.000000 0.000000 1.000000
0.696267 0.086462 -0.712557 -15.676457 0.079972 0.977193 0.196718 91.124710 0.713314 -0.193953 0.673472 13.843725 0.000000 0.000000 0.000000 1.000000
0.700368 0.076260 -0.709696 -18.124434 0.090191 0.976852 0.193972 90.949196 0.708061 -0.199860 0.677279 13.849242 0.000000 0.000000 0.000000 1.000000
0.700562 0.070963 -0.710055 -20.578316 0.095894 0.976656 0.192219 90.788643 0.707119 -0.202751 0.677403 13.777400 0.000000 0.000000 0.000000 1.000000
0.697026 0.074826 -0.713131 -23.014210 0.092397 0.976876 0.192810 90.632950 0.711068 -0.200285 0.673994 13.574825 0.000000 0.000000 0.000000 1.000000
0.692651 0.083962 -0.716369 -25.460241 0.084765 0.976843 0.196450 90.457520 0.716275 -0.196794 0.669494 13.250172 0.000000 0.000000 0.000000 1.000000
0.688891 0.097357 -0.718297 -27.911171 0.074677 0.976134 0.203924 90.257736 0.721008 -0.194122 0.665180 12.793345 0.000000 0.000000 0.000000 1.000000
0.681166 0.115685 -0.722931 -30.371506 0.061031 0.975028 0.213531 90.060295 0.729580 -0.189571 0.657096 12.144955 0.000000 0.000000 0.000000 1.000000
0.670092 0.137771 -0.729380 -32.849861 0.044845 0.973315 0.225047 89.899849 0.740922 -0.183511 0.646033 11.441925 0.000000 0.000000 0.000000 1.000000
0.658623 0.155126 -0.736310 -35.356117 0.031925 0.971878 0.233311 89.804466 0.751796 -0.177171 0.635148 10.705982 0.000000 0.000000 0.000000 1.000000
0.653672 0.161087 -0.739435 -37.896290 0.025576 0.971822 0.234322 89.835152 0.756345 -0.172082 0.631134 10.083420 0.000000 0.000000 0.000000 1.000000
0.643843 0.163376 -0.747512 -40.450974 0.024750 0.971981 0.233754 90.158089 0.764757 -0.169002 0.621760 9.663600 0.000000 0.000000 0.000000 1.000000
0.625950 0.164433 -0.762331 -43.011486 0.033598 0.970925 0.237014 90.554848 0.779139 -0.173971 0.602226 9.454470 0.000000 0.000000 0.000000 1.000000
0.606355 0.162031 -0.778511 -45.575100 0.042970 0.970913 0.235544 90.891991 0.794032 -0.176276 0.581756 9.393890 0.000000 0.000000 0.000000 1.000000
0.586913 0.160614 -0.793559 -48.139954 0.045943 0.971940 0.230698 91.206116 0.808346 -0.171858 0.563065 9.353848 0.000000 0.000000 0.000000 1.000000
0.571599 0.156285 -0.805512 -50.730797 0.048336 0.973575 0.223192 91.513596 0.819108 -0.166512 0.548941 9.344354 0.000000 0.000000 0.000000 1.000000
0.558300 0.151382 -0.815711 -53.329628 0.049438 0.975394 0.214854 91.823936 0.828165 -0.160280 0.537078 9.289501 0.000000 0.000000 0.000000 1.000000
0.548058 0.149595 -0.822954 -55.918961 0.046877 0.976837 0.208786 92.089493 0.835126 -0.153005 0.528351 9.277415 0.000000 0.000000 0.000000 1.000000
0.540351 0.149054 -0.828133 -58.495010 0.041247 0.978310 0.202998 92.254250 0.840428 -0.143848 0.522483 9.325722 0.000000 0.000000 0.000000 1.000000</float_array><technique_common><accessor source="#Hips-Matrix-animation-output-transform-array" count="47" stride="16"><param type="float4x4"/></accessor></technique_common></source><source id="Hips-Interpolations"><Name_array id="Hips-Interpolations-array" count="47">
 LINEAR LINEAR LINEAR LINEAR LINEAR LINEAR LINEAR LINEAR LINEAR LINEAR LINEAR
LINEAR LINEAR LINEAR LINEAR LINEAR LINEAR LINEAR LINEAR LINEAR LINEAR LINEAR LINEAR
LINEAR LINEAR LINEAR LINEAR LINEAR LINEAR LINEAR LINEAR LINEAR LINEAR LINEAR LINEAR
LINEAR LINEAR LINEAR LINEAR LINEAR LINEAR LINEAR LINEAR LINEAR LINEAR LINEAR LINEAR</Name_array><technique_common><accessor source="#Hips-Interpolations-array" count="47"><param type="name"/></accessor></technique_common></source><sampler id="Hips-Matrix-animation-transform"><input semantic="INPUT" source="#Hips-Matrix-animation-input"/><input semantic="OUTPUT" source="#Hips-Matrix-animation-output-transform"/><input semantic="INTERPOLATION" source="#Hips-Interpolations"/></sampler><channel source="#Hips-Matrix-animation-transform" target="Hips/matrix"/></animation>
    <animation id="Spine-anim" name="Spine"><source id="Spine-Matrix-animation-input"><float_array id="Spine-Matrix-animation-input-array" count="47">

0.000000 0.033333 0.066667 0.100000 0.133333 0.166667 0.200000 0.233333 0.266667 0.300000 0.333333 0.366667 0.400000 0.433333 0.466667 0.500000
0.533333 0.566667 0.600000 0.633333 0.666667 0.700000 0.733333 0.766667 0.800000 0.833333 0.866667 0.900000 0.933333 0.966667 1.000000 1.033333
1.066667 1.100000 1.133333 1.166667 1.200000 1.233333 1.266667 1.300000 1.333333 1.366667 1.400000 1.433333 1.466667 1.500000 1.533333</float_array><technique_common><accessor source="#Spine-Matrix-animation-input-array" count="47"><param name="TIME" type="float"/></accessor></technique_common></source><source id="Spine-Matrix-animation-output-transform"><float_array id="Spine-Matrix-animation-output-transform-array" count="752">

0.999996 0.002598 -0.001072 -0.000000 -0.002722 0.990285 -0.139027 9.226300 0.000701 0.139030 0.990288 1.577100 0.000000 0.000000 0.000000 1.000000
0.999992 0.004070 -0.000142 0.000000 -0.004051 0.990319 -0.138748 9.226300 -0.000424 0.138747 0.990328 1.577100 0.000000 0.000000 0.000000 1.000000
0.999975 0.007010 0.000201 0.000000 -0.006915 0.990402 -0.138042 9.226300 -0.001167 0.138037 0.990426 1.577100 0.000000 0.000000 0.000000 1.000000
0.999960 0.008964 0.000171 0.000000 -0.008852 0.990142 -0.139789 9.226300 -0.001422 0.139782 0.990181 1.577100 0.000000 0.000000 0.000000 1.000000
0.999971 0.007234 0.002302 0.000000 -0.006832 0.989736 -0.142743 9.226300 -0.003311 0.142723 0.989757 1.577100 0.000000 0.000000 0.000000 1.000000
0.999974 0.000507 0.007151 0.000000 0.000559 0.988934 -0.148353 9.226300 -0.007147 0.148353 0.988909 1.577100 0.000000 0.000000 0.000000 1.000000
0.999900 -0.007465 0.011975 0.000000 0.009235 0.987827 -0.155279 9.226300 -0.010670 0.155374 0.987798 1.577100 0.000000 0.000000 0.000000 1.000000
0.999824 -0.011874 0.014494 0.000000 0.014052 0.986872 -0.160895 9.226300 -0.012393 0.161070 0.986865 1.577100 0.000000 0.000000 0.000000 1.000000
0.999807 -0.012935 0.014789 0.000000 0.015208 0.986068 -0.165648 9.226300 -0.012440 0.165841 0.986074 1.577100 0.000000 0.000000 0.000000 1.000000
0.999826 -0.011720 0.014494 0.000000 0.014019 0.985283 -0.170352 9.226300 -0.012284 0.170526 0.985277 1.577100 0.000000 0.000000 0.000000 1.000000
0.999890 -0.009009 0.011780 -0.000000 0.010959 0.984035 -0.177638 9.226300 -0.009991 0.177748 0.984025 1.577100 0.000000 0.000000 0.000000 1.000000
0.999952 -0.004828 0.008564 0.000000 0.006338 0.982500 -0.186154 9.226300 -0.007516 0.186199 0.982483 1.577100 0.000000 0.000000 0.000000 1.000000
0.999975 -0.001541 0.006936 0.000000 0.002876 0.980421 -0.196894 9.226300 -0.006497 0.196909 0.980400 1.577100 0.000000 0.000000 0.000000 1.000000
0.999988 0.001148 0.004764 -0.000000 -0.000137 0.978334 -0.207035 9.226300 -0.004898 0.207032 0.978322 1.577100 0.000000 0.000000 0.000000 1.000000
0.999987 0.004345 0.002809 0.000000 -0.003636 0.976395 -0.215961 9.226300 -0.003681 0.215948 0.976398 1.577100 0.000000 0.000000 0.000000 1.000000
0.999965 0.008316 0.001149 0.000000 -0.007843 0.974192 -0.225587 9.226300 -0.002995 0.225570 0.974222 1.577100 0.000000 0.000000 0.000000 1.000000
0.999918 0.012757 -0.000804 0.000000 -0.012592 0.972240 -0.233647 9.226300 -0.002199 0.233638 0.972321 1.577100 0.000000 0.000000 0.000000 1.000000
0.999959 0.008815 0.001963 -0.000000 -0.008083 0.970544 -0.240789 9.226300 -0.004028 0.240763 0.970576 1.577100 0.000000 0.000000 0.000000 1.000000
0.999961 -0.001804 0.008639 -0.000000 0.003883 0.968977 -0.247122 9.226300 -0.007925 0.247146 0.968946 1.577100 0.000000 0.000000 0.000000 1.000000
0.999797 -0.012712 0.015638 0.000000 0.016239 0.967694 -0.251603 9.226300 -0.011934 0.251806 0.967704 1.577100 0.000000 0.000000 0.000000 1.000000
0.999492 -0.023766 0.021249 -0.000000 0.028430 0.966049 -0.256791 9.226300 -0.014425 0.257264 0.966233 1.577100 0.000000 0.000000 0.000000 1.000000
0.999155 -0.032091 0.025676 0.000000 0.037672 0.964868 -0.260022 9.226300 -0.016429 0.260770 0.965261 1.577100 0.000000 0.000000 0.000000 1.000000
0.998981 -0.035767 0.027536 0.000000 0.041698 0.964835 -0.259526 9.226300 -0.017285 0.260410 0.965343 1.577100 0.000000 0.000000 0.000000 1.000000
0.998948 -0.036257 0.028094 0.000000 0.042264 0.965587 -0.256624 9.226300 -0.017823 0.257542 0.966103 1.577100 0.000000 0.000000 0.000000 1.000000
0.998967 -0.035195 0.028737 -0.000000 0.041361 0.966195 -0.254475 9.226300 -0.018810 0.255400 0.966652 1.577100 0.000000 0.000000 0.000000 1.000000
0.998968 -0.033890 0.030242 -0.000000 0.040460 0.966516 -0.253397 9.226300 -0.020642 0.254360 0.966889 1.577100 0.000000 0.000000 0.000000 1.000000
0.999046 -0.030290 0.031467 0.000000 0.037284 0.966698 -0.253188 9.226300 -0.022750 0.254119 0.966905 1.577100 0.000000 0.000000 0.000000 1.000000
0.999109 -0.026675 0.032709 0.000000 0.034111 0.966721 -0.253548 9.226300 -0.024857 0.254438 0.966770 1.577100 0.000000 0.000000 0.000000 1.000000
0.999295 -0.021339 0.030887 -0.000000 0.028472 0.967024 -0.253090 9.226300 -0.024467 0.253791 0.966950 1.577100 0.000000 0.000000 0.000000 1.000000
0.999506 -0.012349 0.028917 -0.000000 0.019244 0.967544 -0.251967 9.226300 -0.024867 0.252399 0.967304 1.577100 0.000000 0.000000 0.000000 1.000000
0.999657 -0.002024 0.026105 0.000000 0.008536 0.967737 -0.251817 9.226300 -0.024753 0.251954 0.967423 1.577100 0.000000 0.000000 0.000000 1.000000
0.999663 0.002518 0.025820 0.000000 0.004061 0.967814 -0.251632 9.226300 -0.025623 0.251652 0.967479 1.577100 0.000000 0.000000 0.000000 1.000000
0.999560 -0.002484 0.029562 -0.000000 0.010008 0.966302 -0.257217 9.226300 -0.027927 0.257400 0.965901 1.577100 0.000000 0.000000 0.000000 1.000000
0.999358 -0.009923 0.034422 -0.000000 0.018706 0.964012 -0.265199 9.226300 -0.030552 0.265673 0.963579 1.577100 0.000000 0.000000 0.000000 1.000000
0.999133 -0.013746 0.039299 0.000000 0.024026 0.961258 -0.274601 9.226300 -0.034001 0.275308 0.960755 1.577100 0.000000 0.000000 0.000000 1.000000
0.998572 -0.018053 0.050277 0.000000 0.031805 0.957089 -0.288044 9.226300 -0.042919 0.289232 0.956296 1.577100 0.000000 0.000000 0.000000 1.000000
0.997673 -0.028751 0.061820 0.000000 0.046389 0.950753 -0.306459 9.226300 -0.049964 0.308614 0.949874 1.577100 0.000000 0.000000 0.000000 1.000000
0.996527 -0.036957 0.074625 0.000000 0.059358 0.943757 -0.325269 9.226300 -0.058407 0.328569 0.942672 1.577100 0.000000 0.000000 0.000000 1.000000
0.995449 -0.040405 0.086304 0.000000 0.067363 0.938952 -0.337390 9.226300 -0.067403 0.341669 0.937400 1.577100 0.000000 0.000000 0.000000 1.000000
0.994254 -0.039540 0.099476 0.000000 0.071880 0.935220 -0.346693 9.226300 -0.079324 0.351851 0.932689 1.577100 0.000000 0.000000 0.000000 1.000000
0.993095 -0.028865 0.113703 0.000000 0.068356 0.930091 -0.360914 9.226300 -0.095336 0.366194 0.925642 1.577100 0.000000 0.000000 0.000000 1.000000
0.992080 -0.019230 0.124127 0.000000 0.063837 0.928261 -0.366409 9.226300 -0.108176 0.371431 0.922137 1.577100 0.000000 0.000000 0.000000 1.000000
0.989671 -0.014972 0.142572 0.000000 0.067109 0.927217 -0.368464 9.226300 -0.126679 0.374226 0.918644 1.577100 0.000000 0.000000 0.000000 1.000000
0.987770 -0.009785 0.155612 0.000000 0.066900 0.928088 -0.366302 9.226300 -0.140838 0.372233 0.917392 1.577100 0.000000 0.000000 0.000000 1.000000
0.986251 -0.003549 0.165217 0.000000 0.064478 0.928795 -0.364942 9.226300 -0.152158 0.370578 0.916253 1.577100 0.000000 0.000000 0.000000 1.000000
0.985029 -0.001712 0.172382 0.000000 0.065476 0.928734 -0.364920 9.226300 -0.159473 0.370743 0.914941 1.577100 0.000000 0.000000 0.000000 1.000000
0.983973 -0.003133 0.178291 0.000000 0.068657 0.929420 -0.362581 9.226300 -0.164571 0.369011 0.914739 1.577100 0.000000 0.000000 0.000000 1.000000</float_array><technique_common><accessor source="#Spine-Matrix-animation-output-transform-array" count="47" stride="16"><param type="float4x4"/></accessor></technique_common></source><source id="Spine-Interpolations"><Name_array id="Spine-Interpolations-array" count="47">
 LINEAR LINEAR LINEAR LINEAR LINEAR LINEAR LINEAR LINEAR LINEAR LINEAR LINEAR
LINEAR LINEAR LINEAR LINEAR LINEAR LINEAR LINEAR LINEAR LINEAR LINEAR LINEAR LINEAR
LINEAR LINEAR LINEAR LINEAR LINEAR LINEAR LINEAR LINEAR LINEAR LINEAR LINEAR LINEAR
LINEAR LINEAR LINEAR LINEAR LINEAR LINEAR LINEAR LINEAR LINEAR LINEAR LINEAR LINEAR</Name_array><technique_common><accessor source="#Spine-Interpolations-array" count="47"><param type="name"/></accessor></technique_common></source><sampler id="Spine-Matrix-animation-transform"><input semantic="INPUT" source="#Spine-Matrix-animation-input"/><input semantic="OUTPUT" source="#Spine-Matrix-animation-output-transform"/><input semantic="INTERPOLATION" source="#Spine-Interpolations"/></sampler><channel source="#Spine-Matrix-animation-transform" target="Spine/matrix"/></animation>
    <animation id="Spine1-anim" name="Spine1"><source id="Spine1-Matrix-animation-input"><float_array id="Spine1-Matrix-animation-input-array" count="47">

0.000000 0.033333 0.066667 0.100000 0.133333 0.166667 0.200000 0.233333 0.266667 0.300000 0.333333 0.366667 0.400000 0.433333 0.466667 0.500000
0.533333 0.566667 0.600000 0.633333 0.666667 0.700000 0.733333 0.766667 0.800000 0.833333 0.866667 0.900000 0.933333 0.966667 1.000000 1.033333
1.066667 1.100000 1.133333 1.166667 1.200000 1.233333 1.266667 1.300000 1.333333 1.366667 1.400000 1.433333 1.466667 1.500000 1.533333</float_array><technique_common><accessor source="#Spine1-Matrix-animation-input-array" count="47"><param name="TIME" type="float"/></accessor></technique_common></source><source id="Spine1-Matrix-animation-output-transform"><float_array id="Spine1-Matrix-animation-output-transform-array" count="752">

0.999913 0.013020 -0.002191 0.000000 -0.013108 0.959158 -0.282566 16.254000 -0.001578 0.282570 0.959245 -0.165600 0.000000 0.000000 0.000000 1.000000
0.999910 0.013228 -0.002106 -0.000000 -0.013284 0.959122 -0.282680 16.254000 -0.001719 0.282683 0.959212 -0.165600 0.000000 0.000000 0.000000 1.000000
0.999908 0.013378 -0.002078 0.000000 -0.013419 0.959074 -0.282836 16.254000 -0.001791 0.282838 0.959166 -0.165600 0.000000 0.000000 0.000000 1.000000
0.999901 0.013915 -0.002198 0.000000 -0.013969 0.959110 -0.282688 16.254000 -0.001826 0.282690 0.959209 -0.165600 0.000000 0.000000 0.000000 1.000000
0.999881 0.015281 -0.002255 0.000000 -0.015296 0.959206 -0.282294 16.254000 -0.002151 0.282295 0.959325 -0.165600 0.000000 0.000000 0.000000 1.000000
0.999846 0.017401 -0.002159 0.000000 -0.017304 0.959310 -0.281824 16.254000 -0.002833 0.281818 0.959464 -0.165600 0.000000 0.000000 0.000000 1.000000
0.999813 0.019248 -0.002000 0.000000 -0.019033 0.959429 -0.281308 16.254000 -0.003496 0.281293 0.959615 -0.165600 0.000000 0.000000 0.000000 1.000000
0.999805 0.019666 -0.001761 -0.000000 -0.019369 0.959554 -0.280857 16.254000 -0.003834 0.280836 0.959748 -0.165600 0.000000 0.000000 0.000000 1.000000
0.999816 0.019125 -0.001551 0.000000 -0.018793 0.959713 -0.280354 16.254000 -0.003873 0.280332 0.959895 -0.165600 0.000000 0.000000 0.000000 1.000000
0.999826 0.018591 -0.001375 0.000000 -0.018235 0.960070 -0.279167 16.254000 -0.003870 0.279143 0.960242 -0.165600 0.000000 0.000000 0.000000 1.000000
0.999842 0.017744 -0.001387 0.000000 -0.017434 0.960742 -0.276894 16.254000 -0.003581 0.276874 0.960899 -0.165600 0.000000 0.000000 0.000000 1.000000
0.999856 0.016937 -0.001423 0.000000 -0.016679 0.961589 -0.273985 16.254000 -0.003272 0.273969 0.961733 -0.165600 0.000000 0.000000 0.000000 1.000000
0.999863 0.016499 -0.001309 0.000000 -0.016239 0.962648 -0.270267 16.254000 -0.003199 0.270251 0.962785 -0.165600 0.000000 0.000000 0.000000 1.000000
0.999872 0.015957 -0.001275 0.000000 -0.015721 0.963766 -0.266286 16.254000 -0.003021 0.266272 0.963893 -0.165600 0.000000 0.000000 0.000000 1.000000
0.999880 0.015468 -0.001274 0.000000 -0.015261 0.964872 -0.262277 16.254000 -0.002828 0.262265 0.964992 -0.165600 0.000000 0.000000 0.000000 1.000000
0.999883 0.015215 -0.001329 0.000000 -0.015042 0.966027 -0.258003 16.254000 -0.002642 0.257993 0.966143 -0.165600 0.000000 0.000000 0.000000 1.000000
0.999877 0.015615 -0.001603 0.000000 -0.015510 0.967111 -0.253883 16.254000 -0.002414 0.253876 0.967234 -0.165600 0.000000 0.000000 0.000000 1.000000
0.999840 0.017792 -0.001685 0.000000 -0.017652 0.968400 -0.248778 16.254000 -0.002795 0.248768 0.968559 -0.165600 0.000000 0.000000 0.000000 1.000000
0.999775 0.021159 -0.001571 0.000000 -0.020905 0.969744 -0.243227 16.254000 -0.003622 0.243205 0.969968 -0.165600 0.000000 0.000000 0.000000 1.000000
0.999707 0.024152 -0.001323 -0.000000 -0.023772 0.970957 -0.238069 16.254000 -0.004466 0.238031 0.971247 -0.165600 0.000000 0.000000 0.000000 1.000000
0.999628 0.027260 -0.001282 0.000000 -0.026812 0.972267 -0.232332 16.254000 -0.005086 0.232280 0.972636 -0.165600 0.000000 0.000000 0.000000 1.000000
0.999553 0.029861 -0.001276 0.000000 -0.029375 0.973619 -0.226280 16.254000 -0.005515 0.226216 0.974062 -0.165600 0.000000 0.000000 0.000000 1.000000
0.999486 0.032030 -0.001460 0.000000 -0.031564 0.974881 -0.220477 16.254000 -0.005638 0.220410 0.975391 -0.165600 0.000000 0.000000 0.000000 1.000000
0.999409 0.034321 -0.001798 0.000000 -0.033909 0.976206 -0.214178 16.254000 -0.005596 0.214113 0.976793 -0.165600 0.000000 0.000000 0.000000 1.000000
0.999301 0.037314 -0.002238 -0.000000 -0.036966 0.977544 -0.207465 16.254000 -0.005553 0.207403 0.978240 -0.165600 0.000000 0.000000 0.000000 1.000000
0.999181 0.040379 -0.002576 0.000000 -0.040072 0.978783 -0.200944 16.254000 -0.005593 0.200883 0.979599 -0.165600 0.000000 0.000000 0.000000 1.000000
0.999057 0.043318 -0.002907 0.000000 -0.043057 0.980009 -0.194237 16.254000 -0.005565 0.194179 0.980950 -0.165600 0.000000 0.000000 0.000000 1.000000
0.998891 0.046967 -0.003356 -0.000000 -0.046767 0.981276 -0.186842 16.254000 -0.005482 0.186791 0.982384 -0.165600 0.000000 0.000000 0.000000 1.000000
0.998718 0.050444 -0.004159 0.000000 -0.050375 0.982627 -0.178624 16.254000 -0.004924 0.178605 0.983909 -0.165600 0.000000 0.000000 0.000000 1.000000
0.998489 0.054721 -0.005011 0.000000 -0.054776 0.983950 -0.169830 16.254000 -0.004362 0.169848 0.985461 -0.165600 0.000000 0.000000 0.000000 1.000000
0.998226 0.059238 -0.005963 0.000000 -0.059423 0.985098 -0.161404 16.254000 -0.003687 0.161472 0.986870 -0.165600 0.000000 0.000000 0.000000 1.000000
0.998050 0.062089 -0.006480 0.000000 -0.062350 0.986293 -0.152773 16.254000 -0.003095 0.152879 0.988240 -0.165600 0.000000 0.000000 0.000000 1.000000
0.997844 0.065293 -0.006673 0.000000 -0.065572 0.987351 -0.144352 16.254000 -0.002837 0.144478 0.989504 -0.165600 0.000000 0.000000 0.000000 1.000000
0.997742 0.066831 -0.006611 -0.000000 -0.067105 0.988224 -0.137518 16.254000 -0.002657 0.137651 0.990477 -0.165600 0.000000 0.000000 0.000000 1.000000
0.997816 0.065763 -0.006226 0.000000 -0.066008 0.988981 -0.132513 16.254000 -0.002557 0.132634 0.991162 -0.165600 0.000000 0.000000 0.000000 1.000000
0.997964 0.063581 -0.004969 -0.000000 -0.063700 0.989950 -0.126257 16.254000 -0.003108 0.126317 0.991985 -0.165600 0.000000 0.000000 0.000000 1.000000
0.997724 0.067283 -0.004354 0.000000 -0.067325 0.990693 -0.118296 16.254000 -0.003645 0.118320 0.992969 -0.165600 0.000000 0.000000 0.000000 1.000000
0.997418 0.071732 -0.003574 0.000000 -0.071692 0.991411 -0.109382 16.254000 -0.004303 0.109356 0.993993 -0.165600 0.000000 0.000000 0.000000 1.000000
0.996991 0.077467 -0.002874 -0.000000 -0.077370 0.992063 -0.099117 16.254000 -0.004828 0.099041 0.995072 -0.165600 0.000000 0.000000 0.000000 1.000000
0.996470 0.083930 -0.001924 0.000000 -0.083761 0.992405 -0.090086 16.254000 -0.005651 0.089929 0.995932 -0.165600 0.000000 0.000000 0.000000 1.000000
0.995873 0.090760 -0.000627 0.000000 -0.090513 0.992608 -0.080845 16.254000 -0.006715 0.080568 0.996727 -0.165600 0.000000 0.000000 0.000000 1.000000
0.995029 0.099581 0.000120 0.000000 -0.099302 0.992330 -0.073625 16.254000 -0.007451 0.073247 0.997286 -0.165600 0.000000 0.000000 0.000000 1.000000
0.994279 0.106795 0.001852 -0.000000 -0.106451 0.992195 -0.064946 16.254000 -0.008773 0.064377 0.997887 -0.165600 0.000000 0.000000 0.000000 1.000000
0.993513 0.113680 0.002930 0.000000 -0.113335 0.991952 -0.056447 16.254000 -0.009323 0.055749 0.998401 -0.165600 0.000000 0.000000 0.000000 1.000000
0.992913 0.118787 0.003647 0.000000 -0.118489 0.991853 -0.046768 16.254000 -0.009173 0.046004 0.998899 -0.165600 0.000000 0.000000 0.000000 1.000000
0.992224 0.124403 0.003967 0.000000 -0.124172 0.991565 -0.037148 16.254000 -0.008555 0.036367 0.999302 -0.165600 0.000000 0.000000 0.000000 1.000000
0.991518 0.129904 0.004076 0.000000 -0.129739 0.991145 -0.028274 16.254000 -0.007713 0.027505 0.999592 -0.165600 0.000000 0.000000 0.000000 1.000000</float_array><technique_common><accessor source="#Spine1-Matrix-animation-output-transform-array" count="47" stride="16"><param type="float4x4"/></accessor></technique_common></source><source id="Spine1-Interpolations"><Name_array id="Spine1-Interpolations-array" count="47">
 LINEAR LINEAR LINEAR LINEAR LINEAR LINEAR LINEAR LINEAR LINEAR LINEAR LINEAR
LINEAR LINEAR LINEAR LINEAR LINEAR LINEAR LINEAR LINEAR LINEAR LINEAR LINEAR LINEAR
LINEAR LINEAR LINEAR LINEAR LINEAR LINEAR LINEAR LINEAR LINEAR LINEAR LINEAR LINEAR
LINEAR LINEAR LINEAR LINEAR LINEAR LINEAR LINEAR LINEAR LINEAR LINEAR LINEAR LINEAR</Name_array><technique_common><accessor source="#Spine1-Interpolations-array" count="47"><param type="name"/></accessor></technique_common></source><sampler id="Spine1-Matrix-animation-transform"><input semantic="INPUT" source="#Spine1-Matrix-animation-input"/><input semantic="OUTPUT" source="#Spine1-Matrix-animation-output-transform"/><input semantic="INTERPOLATION" source="#Spine1-Interpolations"/></sampler><channel source="#Spine1-Matrix-animation-transform" target="Spine1/matrix"/></animation>
    <animation id="Spine2-anim" name="Spine2"><source id="Spine2-Matrix-animation-input"><float_array id="Spine2-Matrix-animation-input-array" count="47">

0.000000 0.033333 0.066667 0.100000 0.133333 0.166667 0.200000 0.233333 0.266667 0.300000 0.333333 0.366667 0.400000 0.433333 0.466667 0.500000
0.533333 0.566667 0.600000 0.633333 0.666667 0.700000 0.733333 0.766667 0.800000 0.833333 0.866667 0.900000 0.933333 0.966667 1.000000 1.033333
1.066667 1.100000 1.133333 1.166667 1.200000 1.233333 1.266667 1.300000 1.333333 1.366667 1.400000 1.433333 1.466667 1.500000 1.533333</float_array><technique_common><accessor source="#Spine2-Matrix-animation-input-array" count="47"><param name="TIME" type="float"/></accessor></technique_common></source><source id="Spine2-Matrix-animation-output-transform"><float_array id="Spine2-Matrix-animation-output-transform-array" count="752">

0.999915 0.012585 -0.003367 0.000000 -0.013024 0.959159 -0.282566 13.639600 -0.000326 0.282586 0.959242 -1.292300 0.000000 0.000000 0.000000 1.000000
0.999913 0.012792 -0.003279 0.000000 -0.013197 0.959123 -0.282681 13.639600 -0.000471 0.282700 0.959208 -1.292300 0.000000 0.000000 0.000000 1.000000
0.999911 0.012941 -0.003243 0.000000 -0.013330 0.959076 -0.282836 13.639600 -0.000550 0.282854 0.959163 -1.292300 0.000000 0.000000 0.000000 1.000000
0.999903 0.013479 -0.003368 0.000000 -0.013882 0.959111 -0.282690 13.639600 -0.000581 0.282709 0.959206 -1.292300 0.000000 0.000000 0.000000 1.000000
0.999884 0.014841 -0.003446 -0.000000 -0.015210 0.959203 -0.282308 13.639600 -0.000884 0.282327 0.959318 -1.292300 0.000000 0.000000 0.000000 1.000000
0.999851 0.016951 -0.003395 -0.000000 -0.017221 0.959300 -0.281862 13.639600 -0.001521 0.281878 0.959449 -1.292300 0.000000 0.000000 0.000000 1.000000
0.999818 0.018789 -0.003285 0.000000 -0.018954 0.959411 -0.281373 13.639600 -0.002135 0.281384 0.959593 -1.292300 0.000000 0.000000 0.000000 1.000000
0.999811 0.019207 -0.003073 0.000000 -0.019297 0.959533 -0.280933 13.639600 -0.002447 0.280940 0.959722 -1.292300 0.000000 0.000000 0.000000 1.000000
0.999822 0.018672 -0.002873 0.000000 -0.018729 0.959692 -0.280428 13.639600 -0.002479 0.280432 0.959871 -1.292300 0.000000 0.000000 0.000000 1.000000
0.999834 0.018021 -0.002803 0.000000 -0.018086 0.959990 -0.279449 13.639600 -0.002345 0.279453 0.960157 -1.292300 0.000000 0.000000 0.000000 1.000000
0.999854 0.016814 -0.003118 -0.000000 -0.017019 0.960491 -0.277791 13.639600 -0.001676 0.277803 0.960636 -1.292300 0.000000 0.000000 0.000000 1.000000
0.999875 0.015409 -0.003643 0.000000 -0.015815 0.961058 -0.275895 13.639600 -0.000750 0.275918 0.961181 -1.292300 0.000000 0.000000 0.000000 1.000000
0.999891 0.014142 -0.004202 0.000000 -0.014752 0.961736 -0.273582 13.639600 0.000172 0.273614 0.961840 -1.292300 0.000000 0.000000 0.000000 1.000000
0.999909 0.012549 -0.004999 0.000000 -0.013435 0.962380 -0.271375 13.639600 0.001405 0.271417 0.962461 -1.292300 0.000000 0.000000 0.000000 1.000000
0.999924 0.010795 -0.005975 0.000000 -0.012006 0.962926 -0.269497 13.639600 0.002844 0.269549 0.962983 -1.292300 0.000000 0.000000 0.000000 1.000000
0.999933 0.009074 -0.007151 0.000000 -0.010657 0.963444 -0.267696 13.639600 0.004460 0.267755 0.963477 -1.292300 0.000000 0.000000 0.000000 1.000000
0.999932 0.007808 -0.008689 0.000000 -0.009841 0.963820 -0.266373 13.639600 0.006295 0.266440 0.963831 -1.292300 0.000000 0.000000 0.000000 1.000000
0.999915 0.008140 -0.010222 0.000000 -0.010553 0.964362 -0.264375 13.639600 0.007706 0.264461 0.964366 -1.292300 0.000000 0.000000 0.000000 1.000000
0.999886 0.009491 -0.011735 -0.000000 -0.012237 0.964930 -0.262220 13.639600 0.008835 0.262334 0.964937 -1.292300 0.000000 0.000000 0.000000 1.000000
0.999859 0.010314 -0.013218 0.000000 -0.013404 0.965320 -0.260727 13.639600 0.010071 0.260867 0.965322 -1.292300 0.000000 0.000000 0.000000 1.000000
0.999825 0.011100 -0.015027 0.000000 -0.014614 0.965793 -0.258903 13.639600 0.011639 0.259078 0.965786 -1.292300 0.000000 0.000000 0.000000 1.000000
0.999793 0.011244 -0.016942 0.000000 -0.015222 0.966291 -0.257003 13.639600 0.013481 0.257208 0.966262 -1.292300 0.000000 0.000000 0.000000 1.000000
0.999759 0.010821 -0.019102 0.000000 -0.015345 0.966670 -0.255566 13.639600 0.015700 0.255798 0.966603 -1.292300 0.000000 0.000000 0.000000 1.000000
0.999715 0.010397 -0.021489 0.000000 -0.015514 0.967123 -0.253835 13.639600 0.018144 0.254096 0.967009 -1.292300 0.000000 0.000000 0.000000 1.000000
0.999654 0.010563 -0.024088 0.000000 -0.016293 0.967624 -0.251869 13.639600 0.020648 0.252174 0.967462 -1.292300 0.000000 0.000000 0.000000 1.000000
0.999587 0.010706 -0.026653 0.000000 -0.017041 0.968029 -0.250260 13.639600 0.023122 0.250611 0.967812 -1.292300 0.000000 0.000000 0.000000 1.000000
0.999515 0.010641 -0.029254 0.000000 -0.017587 0.968442 -0.248617 13.639600 0.025686 0.249011 0.968160 -1.292300 0.000000 0.000000 0.000000 1.000000
0.999423 0.011204 -0.032068 0.000000 -0.018769 0.968983 -0.246413 13.639600 0.028312 0.246873 0.968634 -1.292300 0.000000 0.000000 0.000000 1.000000
0.999312 0.011509 -0.035258 -0.000000 -0.019760 0.969697 -0.243512 13.639600 0.031387 0.244041 0.969257 -1.292300 0.000000 0.000000 0.000000 1.000000
0.999175 0.012534 -0.038642 -0.000000 -0.021461 0.970507 -0.240117 13.639600 0.034493 0.240748 0.969975 -1.292300 0.000000 0.000000 0.000000 1.000000
0.999020 0.013771 -0.042073 0.000000 -0.023375 0.971191 -0.237154 13.639600 0.037595 0.237905 0.970561 -1.292300 0.000000 0.000000 0.000000 1.000000
0.998905 0.013372 -0.044838 0.000000 -0.023520 0.971925 -0.234114 13.639600 0.040449 0.234912 0.971175 -1.292300 0.000000 0.000000 0.000000 1.000000
0.998794 0.013349 -0.047242 -0.000000 -0.023940 0.972582 -0.231324 13.639600 0.042859 0.232176 0.971729 -1.292300 0.000000 0.000000 0.000000 1.000000
0.998725 0.011707 -0.049110 -0.000000 -0.022723 0.972880 -0.230190 13.639600 0.045083 0.231012 0.971906 -1.292300 0.000000 0.000000 0.000000 1.000000
0.998711 0.007543 -0.050200 0.000000 -0.018957 0.972774 -0.230978 13.639600 0.047091 0.231632 0.971663 -1.292300 0.000000 0.000000 0.000000 1.000000
0.998735 0.002376 -0.050221 -0.000000 -0.013910 0.972950 -0.230598 13.639600 0.048315 0.231005 0.971752 -1.292300 0.000000 0.000000 0.000000 1.000000
0.998660 0.002984 -0.051666 0.000000 -0.014718 0.973488 -0.228264 13.639600 0.049615 0.228719 0.972227 -1.292300 0.000000 0.000000 0.000000 1.000000
0.998572 0.004327 -0.053253 0.000000 -0.016216 0.974243 -0.224917 13.639600 0.050908 0.225459 0.972922 -1.292300 0.000000 0.000000 0.000000 1.000000
0.998447 0.006931 -0.055281 0.000000 -0.018958 0.975290 -0.220116 13.639600 0.052389 0.220822 0.973906 -1.292300 0.000000 0.000000 0.000000 1.000000
0.998307 0.010319 -0.057245 0.000000 -0.022497 0.976046 -0.216396 13.639600 0.053641 0.217317 0.974626 -1.292300 0.000000 0.000000 0.000000 1.000000
0.998156 0.014165 -0.059021 0.000000 -0.026418 0.976838 -0.212343 13.639600 0.054646 0.213511 0.975411 -1.292300 0.000000 0.000000 0.000000 1.000000
0.997898 0.019978 -0.061650 0.000000 -0.032539 0.977155 -0.210025 13.639600 0.056046 0.211589 0.975750 -1.292300 0.000000 0.000000 0.000000 1.000000
0.997705 0.024406 -0.063162 0.000000 -0.036975 0.977804 -0.206235 13.639600 0.056727 0.208097 0.976462 -1.292300 0.000000 0.000000 0.000000 1.000000
0.997459 0.028508 -0.065297 0.000000 -0.041218 0.978422 -0.202466 13.639600 0.058116 0.204643 0.977110 -1.292300 0.000000 0.000000 0.000000 1.000000
0.997240 0.030914 -0.067503 0.000000 -0.043725 0.979337 -0.197453 13.639600 0.060004 0.199859 0.977986 -1.292300 0.000000 0.000000 0.000000 1.000000
0.996961 0.033887 -0.070150 0.000000 -0.046846 0.980225 -0.192261 13.639600 0.062248 0.194963 0.978833 -1.292300 0.000000 0.000000 0.000000 1.000000
0.996656 0.036827 -0.072936 0.000000 -0.049975 0.980977 -0.187582 13.639600 0.064640 0.190600 0.979537 -1.292300 0.000000 0.000000 0.000000 1.000000</float_array><technique_common><accessor source="#Spine2-Matrix-animation-output-transform-array" count="47" stride="16"><param type="float4x4"/></accessor></technique_common></source><source id="Spine2-Interpolations"><Name_array id="Spine2-Interpolations-array" count="47">
 LINEAR LINEAR LINEAR LINEAR LINEAR LINEAR LINEAR LINEAR LINEAR LINEAR LINEAR
LINEAR LINEAR LINEAR LINEAR LINEAR LINEAR LINEAR LINEAR LINEAR LINEAR LINEAR LINEAR
LINEAR LINEAR LINEAR LINEAR LINEAR LINEAR LINEAR LINEAR LINEAR LINEAR LINEAR LINEAR
LINEAR LINEAR LINEAR LINEAR LINEAR LINEAR LINEAR LINEAR LINEAR LINEAR LINEAR LINEAR</Name_array><technique_common><accessor source="#Spine2-Interpolations-array" count="47"><param type="name"/></accessor></technique_common></source><sampler id="Spine2-Matrix-animation-transform"><input semantic="INPUT" source="#Spine2-Matrix-animation-input"/><input semantic="OUTPUT" source="#Spine2-Matrix-animation-output-transform"/><input semantic="INTERPOLATION" source="#Spine2-Interpolations"/></sampler><channel source="#Spine2-Matrix-animation-transform" target="Spine2/matrix"/></animation>
    <animation id="Neck-anim" name="Neck"><source id="Neck-Matrix-animation-input"><float_array id="Neck-Matrix-animation-input-array" count="47">

0.000000 0.033333 0.066667 0.100000 0.133333 0.166667 0.200000 0.233333 0.266667 0.300000 0.333333 0.366667 0.400000 0.433333 0.466667 0.500000
0.533333 0.566667 0.600000 0.633333 0.666667 0.700000 0.733333 0.766667 0.800000 0.833333 0.866667 0.900000 0.933333 0.966667 1.000000 1.033333
1.066667 1.100000 1.133333 1.166667 1.200000 1.233333 1.266667 1.300000 1.333333 1.366667 1.400000 1.433333 1.466667 1.500000 1.533333</float_array><technique_common><accessor source="#Neck-Matrix-animation-input-array" count="47"><param name="TIME" type="float"/></accessor></technique_common></source><source id="Neck-Matrix-animation-output-transform"><float_array id="Neck-Matrix-animation-output-transform-array" count="752">

0.991382 -0.014493 0.130197 0.000000 0.015452 0.999860 -0.006359 13.877400 -0.130086 0.008316 0.991468 -4.354200 0.000000 0.000000 0.000000 1.000000
0.991379 -0.014421 0.130231 0.000000 0.015380 0.999862 -0.006360 13.877400 -0.130122 0.008308 0.991463 -4.354200 0.000000 0.000000 0.000000 1.000000
0.991370 -0.014233 0.130321 0.000000 0.015192 0.999864 -0.006372 13.877400 -0.130213 0.008297 0.991451 -4.354200 0.000000 0.000000 0.000000 1.000000
0.991357 -0.013970 0.130445 -0.000000 0.014932 0.999868 -0.006395 13.877400 -0.130339 0.008287 0.991435 -4.354200 0.000000 0.000000 0.000000 1.000000
0.991343 -0.013677 0.130582 0.000000 0.014642 0.999872 -0.006434 13.877400 -0.130478 0.008291 0.991417 -4.354200 0.000000 0.000000 0.000000 1.000000
0.991330 -0.013394 0.130711 0.000000 0.014366 0.999876 -0.006494 13.877400 -0.130608 0.008315 0.991399 -4.354200 0.000000 0.000000 0.000000 1.000000
0.991320 -0.013165 0.130811 0.000000 0.014147 0.999878 -0.006581 13.877400 -0.130708 0.008374 0.991385 -4.354200 0.000000 0.000000 0.000000 1.000000
0.991315 -0.013031 0.130860 -0.000000 0.014027 0.999879 -0.006696 13.877400 -0.130757 0.008474 0.991378 -4.354200 0.000000 0.000000 0.000000 1.000000
0.991318 -0.013035 0.130838 0.000000 0.014052 0.999878 -0.006847 13.877400 -0.130733 0.008626 0.991380 -4.354200 0.000000 0.000000 0.000000 1.000000
0.991331 -0.013220 0.130723 -0.000000 0.014261 0.999874 -0.007035 13.877400 -0.130614 0.008838 0.991394 -4.354200 0.000000 0.000000 0.000000 1.000000
0.991355 -0.013627 0.130495 0.000000 0.014700 0.999866 -0.007266 13.877400 -0.130378 0.009121 0.991422 -4.354200 0.000000 0.000000 0.000000 1.000000
0.991410 -0.014392 0.130000 -0.000000 0.015524 0.999850 -0.007694 13.877400 -0.129870 0.009646 0.991484 -4.354200 0.000000 0.000000 0.000000 1.000000
0.991394 -0.012853 0.130282 0.000000 0.014049 0.999867 -0.008265 13.877400 -0.130158 0.010024 0.991443 -4.354200 0.000000 0.000000 0.000000 1.000000
0.991258 -0.007981 0.131699 0.000000 0.009248 0.999917 -0.009006 13.877400 -0.131616 0.010145 0.991249 -4.354200 0.000000 0.000000 0.000000 1.000000
0.990966 0.000077 0.134115 -0.000000 0.001236 0.999952 -0.009709 13.877400 -0.134110 0.009787 0.990918 -4.354200 0.000000 0.000000 0.000000 1.000000
0.990526 0.010009 0.136960 -0.000000 -0.008711 0.999911 -0.010079 13.877400 -0.137048 0.008791 0.990525 -4.354200 0.000000 0.000000 0.000000 1.000000
0.989962 0.020050 0.139906 0.000000 -0.018849 0.999773 -0.009905 13.877400 -0.140072 0.007168 0.990115 -4.354200 0.000000 0.000000 0.000000 1.000000
0.989363 0.028701 0.142605 0.000000 -0.027667 0.999575 -0.009233 13.877400 -0.142810 0.005189 0.989737 -4.354200 0.000000 0.000000 0.000000 1.000000
