<?xml version="1.0" encoding="utf-8"?>
<COLLADA xmlns="http://www.collada.org/2005/11/COLLADASchema" version="1.4.1">
  <asset><contributor><author>Mixamo</author><authoring_tool>COLLADA Mixamo exporter</authoring_tool><comments></comments></contributor><created>2018-12-18T20:58:57Z</created><modified>2018-12-18T20:58:57Z</modified><revision></revision><title></title><unit meter="0.010000"/><up_axis>Y_UP</up_axis></asset>
  <library_animations>
    <animation id="Hips-anim" name="Hips"><source id="Hips-Matrix-animation-input"><float_array id="Hips-Matrix-animation-input-array" count="45">

0.000000 0.033333 0.066667 0.100000 0.133333 0.166667 0.200000 0.233333 0.266667 0.300000 0.333333 0.366667 0.400000 0.433333 0.466667 0.500000
0.533333 0.566667 0.600000 0.633333 0.666667 0.700000 0.733333 0.766667 0.800000 0.833333 0.866667 0.900000 0.933333 0.966667 1.000000 1.033333
1.066667 1.100000 1.133333 1.166667 1.200000 1.233333 1.266667 1.300000 1.333333 1.366667 1.400000 1.433333 1.466667</float_array><technique_common><accessor source="#Hips-Matrix-animation-input-array" count="45"><param name="TIME" type="float"/></accessor></technique_common></source><source id="Hips-Matrix-animation-output-transform"><float_array id="Hips-Matrix-animation-output-transform-array" count="720">

0.873918 0.095548 -0.476589 -0.008245 -0.055152 0.993649 0.098077 93.218193 0.482934 -0.059426 0.873638 0.139465 0.000000 0.000000 0.000000 1.000000
0.859805 0.097574 -0.501212 -1.544575 -0.056174 0.993690 0.097085 93.098946 0.507523 -0.055319 0.859861 0.192162 0.000000 0.000000 0.000000 1.000000
0.844472 0.099776 -0.526224 -3.148837 -0.058668 0.993815 0.094285 92.920837 0.532377 -0.048749 0.845103 0.265283 0.000000 0.000000 0.000000 1.000000
0.829768 0.100811 -0.548928 -4.792308 -0.062061 0.994118 0.088759 92.701103 0.554647 -0.039582 0.831144 0.313160 0.000000 0.000000 0.000000 1.000000
0.817096 0.099577 -0.567837 -6.434465 -0.065864 0.994645 0.079646 92.469887 0.572727 -0.027679 0.819279 0.336764 0.000000 0.000000 0.000000 1.000000
0.806984 0.096198 -0.582686 -8.106119 -0.070556 0.995282 0.066600 92.197777 0.586344 -0.012633 0.809964 0.348329 0.000000 0.000000 0.000000 1.000000
0.798757 0.091443 -0.594664 -9.797472 -0.076502 0.995796 0.050369 91.865936 0.596770 0.005261 0.802395 0.348516 0.000000 0.000000 0.000000 1.000000
0.790723 0.085084 -0.606232 -11.408126 -0.081746 0.996101 0.033179 91.554741 0.606691 0.023322 0.794596 0.317415 0.000000 0.000000 0.000000 1.000000
0.781740 0.075708 -0.618991 -13.009215 -0.082071 0.996460 0.018226 91.323418 0.618180 0.036553 0.785186 0.289410 0.000000 0.000000 0.000000 1.000000
0.772758 0.062882 -0.631578 -14.725410 -0.074631 0.997179 0.007969 91.207787 0.630298 0.040977 0.775272 0.336327 0.000000 0.000000 0.000000 1.000000
0.765842 0.048492 -0.641198 -16.495522 -0.061107 0.998128 0.002500 91.216805 0.640119 0.037267 0.767372 0.477745 0.000000 0.000000 0.000000 1.000000
0.761114 0.036380 -0.647597 -18.291994 -0.047756 0.998859 -0.000014 91.327499 0.646858 0.030937 0.761983 0.659837 0.000000 0.000000 0.000000 1.000000
0.756542 0.028975 -0.653302 -20.192995 -0.039229 0.999230 -0.001112 91.507401 0.652767 0.026470 0.757096 0.883220 0.000000 0.000000 0.000000 1.000000
0.751293 0.026569 -0.659433 -22.177008 -0.035650 0.999364 -0.000351 91.792030 0.659005 0.023772 0.751763 1.175298 0.000000 0.000000 0.000000 1.000000
0.746646 0.028773 -0.664599 -24.110191 -0.034915 0.999382 0.004040 92.159286 0.664305 0.020188 0.747189 1.469614 0.000000 0.000000 0.000000 1.000000
0.742913 0.034667 -0.668490 -25.907885 -0.035406 0.999295 0.012475 92.500496 0.668451 0.014401 0.743617 1.735495 0.000000 0.000000 0.000000 1.000000
0.738964 0.041889 -0.672441 -27.504055 -0.036006 0.999094 0.022669 92.691322 0.672782 0.007461 0.739803 2.038146 0.000000 0.000000 0.000000 1.000000
0.735706 0.048735 -0.675545 -28.974754 -0.036965 0.998810 0.031799 92.798759 0.676291 0.001576 0.736633 2.374814 0.000000 0.000000 0.000000 1.000000
0.736691 0.055456 -0.673952 -30.483469 -0.039553 0.998459 0.038923 93.075455 0.675072 -0.002017 0.737749 2.690028 0.000000 0.000000 0.000000 1.000000
0.743780 0.063020 -0.665447 -31.959969 -0.044617 0.998006 0.044645 93.442749 0.666934 -0.003516 0.745109 2.953698 0.000000 0.000000 0.000000 1.000000
0.755242 0.070740 -0.651617 -33.345844 -0.050887 0.997486 0.049309 93.791191 0.653467 -0.004081 0.756944 3.132146 0.000000 0.000000 0.000000 1.000000
0.768752 0.076354 -0.634972 -34.716553 -0.056004 0.997071 0.052093 94.080330 0.637090 -0.004486 0.770777 3.202244 0.000000 0.000000 0.000000 1.000000
0.783737 0.077695 -0.616215 -36.488941 -0.058204 0.996966 0.051676 94.377747 0.618360 -0.004634 0.785881 3.191455 0.000000 0.000000 0.000000 1.000000
0.800690 0.074311 -0.594452 -38.315651 -0.057348 0.997228 0.047418 94.588707 0.596327 -0.003877 0.802732 3.173379 0.000000 0.000000 0.000000 1.000000
0.819376 0.067557 -0.569261 -40.173679 -0.054506 0.997714 0.039950 94.621307 0.570659 -0.001706 0.821186 3.121101 0.000000 0.000000 0.000000 1.000000
0.838489 0.058912 -0.541725 -42.062187 -0.050342 0.998262 0.030641 94.672569 0.542588 0.001579 0.839997 3.073219 0.000000 0.000000 0.000000 1.000000
0.856562 0.048887 -0.513723 -44.030655 -0.044608 0.998791 0.020668 94.710411 0.514112 0.005213 0.857707 3.060428 0.000000 0.000000 0.000000 1.000000
0.872487 0.037537 -0.487194 -46.169064 -0.036867 0.999260 0.010968 94.642197 0.487245 0.008392 0.873225 3.091047 0.000000 0.000000 0.000000 1.000000
0.885369 0.026081 -0.464156 -48.555603 -0.027816 0.999608 0.003110 94.423653 0.464055 0.010158 0.885748 3.066087 0.000000 0.000000 0.000000 1.000000
0.894888 0.019294 -0.445873 -51.176277 -0.021900 0.999760 -0.000693 94.183746 0.445753 0.010385 0.895096 2.915809 0.000000 0.000000 0.000000 1.000000
0.902291 0.022020 -0.430564 -53.964611 -0.024060 0.999710 0.000707 94.024895 0.430455 0.009722 0.902560 2.684068 0.000000 0.000000 0.000000 1.000000
0.909888 0.034927 -0.413382 -56.873440 -0.035637 0.999347 0.005996 93.876564 0.413321 0.009275 0.910538 2.399083 0.000000 0.000000 0.000000 1.000000
0.918703 0.055105 -0.391086 -59.851528 -0.054544 0.998432 0.012551 93.725998 0.391164 0.009801 0.920269 2.040811 0.000000 0.000000 0.000000 1.000000
0.927314 0.075916 -0.366505 -62.881943 -0.074084 0.997069 0.019085 93.579170 0.366880 0.009454 0.930220 1.647915 0.000000 0.000000 0.000000 1.000000
0.933170 0.092448 -0.347343 -65.878716 -0.088790 0.995699 0.026470 93.507812 0.348296 0.006139 0.937365 1.294326 0.000000 0.000000 0.000000 1.000000
0.934654 0.103583 -0.340136 -68.695496 -0.097257 0.994621 0.035647 93.460457 0.341998 -0.000237 0.939700 0.984844 0.000000 0.000000 0.000000 1.000000
0.931910 0.110125 -0.345568 -71.227753 -0.100379 0.993884 0.046031 93.362015 0.348523 -0.008209 0.937264 0.699565 0.000000 0.000000 0.000000 1.000000
0.926448 0.112097 -0.359344 -73.507446 -0.098201 0.993547 0.056758 93.271423 0.363387 -0.017295 0.931478 0.470566 0.000000 0.000000 0.000000 1.000000
0.919993 0.109644 -0.376286 -75.629601 -0.090690 0.993570 0.067781 93.315506 0.381299 -0.028233 0.924021 0.323211 0.000000 0.000000 0.000000 1.000000
0.913575 0.104579 -0.392992 -77.591331 -0.079940 0.993696 0.078598 93.389053 0.398735 -0.040389 0.916176 0.259196 0.000000 0.000000 0.000000 1.000000
0.907462 0.099551 -0.408169 -79.414818 -0.069641 0.993724 0.087536 93.421768 0.414321 -0.051010 0.908700 0.213984 0.000000 0.000000 0.000000 1.000000
0.901323 0.096110 -0.422349 -81.127602 -0.062195 0.993685 0.093394 93.442886 0.428658 -0.057910 0.901609 0.158524 0.000000 0.000000 0.000000 1.000000
0.894338 0.094495 -0.437299 -82.738396 -0.057796 0.993652 0.096514 93.435562 0.443643 -0.061042 0.894122 0.133114 0.000000 0.000000 0.000000 1.000000
0.885468 0.094417 -0.455007 -84.281898 -0.055658 0.993641 0.097874 93.379730 0.461354 -0.061339 0.885093 0.129159 0.000000 0.000000 0.000000 1.000000
0.873918 0.095548 -0.476589 -85.795662 -0.055152 0.993649 0.098077 93.290413 0.482934 -0.059426 0.873638 0.139462 0.000000 0.000000 0.000000 1.000000</float_array><technique_common><accessor source="#Hips-Matrix-animation-output-transform-array" count="45" stride="16"><param type="float4x4"/></accessor></technique_common></source><source id="Hips-Interpolations"><Name_array id="Hips-Interpolations-array" count="45">
 LINEAR LINEAR LINEAR LINEAR LINEAR LINEAR LINEAR LINEAR LINEAR LINEAR LINEAR
LINEAR LINEAR LINEAR LINEAR LINEAR LINEAR LINEAR LINEAR LINEAR LINEAR LINEAR LINEAR
LINEAR LINEAR LINEAR LINEAR LINEAR LINEAR LINEAR LINEAR LINEAR LINEAR LINEAR LINEAR
LINEAR LINEAR LINEAR LINEAR LINEAR LINEAR LINEAR LINEAR LINEAR LINEAR</Name_array><technique_common><accessor source="#Hips-Interpolations-array" count="45"><param type="name"/></accessor></technique_common></source><sampler id="Hips-Matrix-animation-transform"><input semantic="INPUT" source="#Hips-Matrix-animation-input"/><input semantic="OUTPUT" source="#Hips-Matrix-animation-output-transform"/><input semantic="INTERPOLATION" source="#Hips-Interpolations"/></sampler><channel source="#Hips-Matrix-animation-transform" target="Hips/matrix"/></animation>
    <animation id="Spine-anim" name="Spine"><source id="Spine-Matrix-animation-input"><float_array id="Spine-Matrix-animation-input-array" count="45">

0.000000 0.033333 0.066667 0.100000 0.133333 0.166667 0.200000 0.233333 0.266667 0.300000 0.333333 0.366667 0.400000 0.433333 0.466667 0.500000
0.533333 0.566667 0.600000 0.633333 0.666667 0.700000 0.733333 0.766667 0.800000 0.833333 0.866667 0.900000 0.933333 0.966667 1.000000 1.033333
1.066667 1.100000 1.133333 1.166667 1.200000 1.233333 1.266667 1.300000 1.333333 1.366667 1.400000 1.433333 1.466667</float_array><technique_common><accessor source="#Spine-Matrix-animation-input-array" count="45"><param name="TIME" type="float"/></accessor></technique_common></source><source id="Spine-Matrix-animation-output-transform"><float_array id="Spine-Matrix-animation-output-transform-array" count="720">

0.989662 -0.019422 0.142099 0.000000 0.047019 0.979968 -0.193526 9.226300 -0.135494 0.198207 0.970750 1.577100 0.000000 0.000000 0.000000 1.000000
0.987571 -0.014194 0.156532 0.000000 0.044302 0.980672 -0.190576 9.226300 -0.150801 0.195142 0.969112 1.577100 0.000000 0.000000 0.000000 1.000000
0.985551 -0.008252 0.169180 0.000000 0.040123 0.981759 -0.185849 9.226300 -0.164560 0.189951 0.967904 1.577100 0.000000 0.000000 0.000000 1.000000
0.984197 -0.001819 0.177070 0.000000 0.034077 0.983202 -0.179309 9.226300 -0.173769 0.182509 0.967727 1.577100 0.000000 0.000000 0.000000 1.000000
0.983916 0.004125 0.178586 0.000000 0.026872 0.984939 -0.170799 9.226300 -0.176601 0.172851 0.968986 1.577100 0.000000 0.000000 0.000000 1.000000
0.984558 0.008140 0.174867 0.000000 0.020291 0.986879 -0.160184 9.226300 -0.173876 0.161259 0.971475 1.577100 0.000000 0.000000 0.000000 1.000000
0.985545 0.010027 0.169117 0.000000 0.015364 0.988844 -0.148161 9.226300 -0.168716 0.148618 0.974396 1.577100 0.000000 0.000000 0.000000 1.000000
0.986351 0.012379 0.164193 0.000000 0.010361 0.990529 -0.136915 9.226300 -0.164333 0.136747 0.976880 1.577100 0.000000 0.000000 0.000000 1.000000
0.986792 0.019355 0.160833 0.000000 0.001647 0.991587 -0.129434 9.226300 -0.161985 0.127989 0.978458 1.577100 0.000000 0.000000 0.000000 1.000000
0.986828 0.032873 0.158399 0.000000 -0.012580 0.991765 -0.127451 9.226300 -0.161284 0.123780 0.979115 1.577100 0.000000 0.000000 0.000000 1.000000
0.986335 0.050967 0.156672 0.000000 -0.030605 0.991077 -0.129731 9.226300 -0.161886 0.123164 0.979093 1.577100 0.000000 0.000000 0.000000 1.000000
0.985368 0.068663 0.155996 0.000000 -0.048026 0.990031 -0.132406 9.226300 -0.163533 0.122977 0.978843 1.577100 0.000000 0.000000 0.000000 1.000000
0.984461 0.082463 0.155035 -0.000000 -0.062048 0.989279 -0.132198 9.226300 -0.164274 0.120524 0.979024 1.577100 0.000000 0.000000 0.000000 1.000000
0.984401 0.091729 0.150138 -0.000000 -0.072420 0.988947 -0.129377 9.226300 -0.160346 0.116486 0.980163 1.577100 0.000000 0.000000 0.000000 1.000000
0.985609 0.097351 0.138193 0.000000 -0.079817 0.988660 -0.127206 9.226300 -0.149009 0.114346 0.982202 1.577100 0.000000 0.000000 0.000000 1.000000
0.987726 0.099969 0.120019 0.000000 -0.084444 0.988156 -0.128126 9.226300 -0.131406 0.116419 0.984469 1.577100 0.000000 0.000000 0.000000 1.000000
0.989976 0.099772 0.099969 -0.000000 -0.086281 0.987591 -0.131225 9.226300 -0.111822 0.121284 0.986299 1.577100 0.000000 0.000000 0.000000 1.000000
0.991930 0.096480 0.082261 0.000000 -0.084929 0.987348 -0.133910 9.226300 -0.094140 0.125843 0.987573 1.577100 0.000000 0.000000 0.000000 1.000000
0.993592 0.090221 0.068084 0.000000 -0.080410 0.987554 -0.135171 9.226300 -0.079432 0.128830 0.988480 1.577100 0.000000 0.000000 0.000000 1.000000
0.995087 0.081498 0.056210 -0.000000 -0.073245 0.988017 -0.135862 9.226300 -0.066609 0.131077 0.989132 1.577100 0.000000 0.000000 0.000000 1.000000
0.996399 0.071702 0.045247 0.000000 -0.064920 0.988472 -0.136779 9.226300 -0.054533 0.133349 0.989568 1.577100 0.000000 0.000000 0.000000 1.000000
0.997436 0.062538 0.034777 -0.000000 -0.057190 0.988800 -0.137854 9.226300 -0.043009 0.135512 0.989842 1.577100 0.000000 0.000000 0.000000 1.000000
0.998167 0.055191 0.024833 0.000000 -0.051226 0.988974 -0.138947 9.226300 -0.032228 0.137421 0.989988 1.577100 0.000000 0.000000 0.000000 1.000000
0.998651 0.049625 0.015249 0.000000 -0.047001 0.988979 -0.140395 9.226300 -0.022048 0.139489 0.989978 1.577100 0.000000 0.000000 0.000000 1.000000
0.998970 0.044977 0.005997 0.000000 -0.043666 0.988849 -0.142376 9.226300 -0.012333 0.141968 0.989794 1.577100 0.000000 0.000000 0.000000 1.000000
0.999154 0.041065 -0.002277 0.000000 -0.040965 0.988737 -0.143948 9.226300 -0.003659 0.143920 0.989583 1.577100 0.000000 0.000000 0.000000 1.000000
0.999212 0.038906 -0.007899 -0.000000 -0.039636 0.988904 -0.143174 9.226300 0.002241 0.143374 0.989666 1.577100 0.000000 0.000000 0.000000 1.000000
0.999166 0.039877 -0.008795 0.000000 -0.040713 0.989450 -0.139036 9.226300 0.003158 0.139278 0.990248 1.577100 0.000000 0.000000 0.000000 1.000000
0.999038 0.043641 -0.004236 0.000000 -0.043816 0.990082 -0.133484 9.226300 -0.001631 0.133541 0.991042 1.577100 0.000000 0.000000 0.000000 1.000000
0.998993 0.044641 0.004439 0.000000 -0.043681 0.990495 -0.130429 9.226300 -0.010220 0.130104 0.991448 1.577100 0.000000 0.000000 0.000000 1.000000
0.999253 0.035958 0.014127 0.000000 -0.033777 0.990637 -0.132281 9.226300 -0.018751 0.131705 0.991112 1.577100 0.000000 0.000000 0.000000 1.000000
0.999653 0.015716 0.021118 0.000000 -0.012649 0.990315 -0.138262 9.226300 -0.023087 0.137947 0.990171 1.577100 0.000000 0.000000 0.000000 1.000000
0.999646 -0.012172 0.023646 0.000000 0.015493 0.989195 -0.145786 9.226300 -0.021616 0.146100 0.989034 1.577100 0.000000 0.000000 0.000000 1.000000
0.998974 -0.038829 0.023320 0.000000 0.041946 0.987357 -0.152863 9.226300 -0.017090 0.153684 0.987972 1.577100 0.000000 0.000000 0.000000 1.000000
0.998011 -0.058159 0.024334 0.000000 0.061299 0.985370 -0.159022 9.226300 -0.014729 0.160197 0.986975 1.577100 0.000000 0.000000 0.000000 1.000000
0.997139 -0.069399 0.029951 -0.000000 0.073403 0.983624 -0.164608 9.226300 -0.018037 0.166336 0.985904 1.577100 0.000000 0.000000 0.000000 1.000000
0.996428 -0.074276 0.040175 -0.000000 0.080067 0.982198 -0.169928 9.226300 -0.026838 0.172538 0.984637 1.577100 0.000000 0.000000 0.000000 1.000000
0.995906 -0.073391 0.052772 -0.000000 0.081587 0.981149 -0.175184 9.226300 -0.038920 0.178772 0.983120 1.577100 0.000000 0.000000 0.000000 1.000000
0.995603 -0.066684 0.065786 0.000000 0.077602 0.980501 -0.180543 9.226300 -0.052464 0.184854 0.981365 1.577100 0.000000 0.000000 0.000000 1.000000
0.995352 -0.055713 0.078552 0.000000 0.069524 0.980123 -0.185809 9.226300 -0.066639 0.190407 0.979441 1.577100 0.000000 0.000000 0.000000 1.000000
0.994867 -0.044140 0.091057 -0.000000 0.060890 0.979839 -0.190285 9.226300 -0.080821 0.194853 0.977497 1.577100 0.000000 0.000000 0.000000 1.000000
0.994033 -0.035050 0.103291 0.000000 0.054629 0.979615 -0.193315 9.226300 -0.094409 0.197804 0.975685 1.577100 0.000000 0.000000 0.000000 1.000000
0.992895 -0.028844 0.115446 0.000000 0.051103 0.979515 -0.194778 9.226300 -0.107463 0.199293 0.974030 1.577100 0.000000 0.000000 0.000000 1.000000
0.991457 -0.024097 0.128192 0.000000 0.049003 0.979608 -0.194851 9.226300 -0.120883 0.199468 0.972420 1.577100 0.000000 0.000000 0.000000 1.000000
0.989662 -0.019422 0.142099 -0.000000 0.047019 0.979968 -0.193526 9.226300 -0.135494 0.198207 0.970750 1.577100 0.000000 0.000000 0.000000 1.000000</float_array><technique_common><accessor source="#Spine-Matrix-animation-output-transform-array" count="45" stride="16"><param type="float4x4"/></accessor></technique_common></source><source id="Spine-Interpolations"><Name_array id="Spine-Interpolations-array" count="45">
 LINEAR LINEAR LINEAR LINEAR LINEAR LINEAR LINEAR LINEAR LINEAR LINEAR LINEAR
LINEAR LINEAR LINEAR LINEAR LINEAR LINEAR LINEAR LINEAR LINEAR LINEAR LINEAR LINEAR
LINEAR LINEAR LINEAR LINEAR LINEAR LINEAR LINEAR LINEAR LINEAR LINEAR LINEAR LINEAR
LINEAR LINEAR LINEAR LINEAR LINEAR LINEAR LINEAR LINEAR LINEAR LINEAR</Name_array><technique_common><accessor source="#Spine-Interpolations-array" count="45"><param type="name"/></accessor></technique_common></source><sampler id="Spine-Matrix-animation-transform"><input semantic="INPUT" source="#Spine-Matrix-animation-input"/><input semantic="OUTPUT" source="#Spine-Matrix-animation-output-transform"/><input semantic="INTERPOLATION" source="#Spine-Interpolations"/></sampler><channel source="#Spine-Matrix-animation-transform" target="Spine/matrix"/></animation>
    <animation id="Spine1-anim" name="Spine1"><source id="Spine1-Matrix-animation-input"><float_array id="Spine1-Matrix-animation-input-array" count="45">

0.000000 0.033333 0.066667 0.100000 0.133333 0.166667 0.200000 0.233333 0.266667 0.300000 0.333333 0.366667 0.400000 0.433333 0.466667 0.500000
0.533333 0.566667 0.600000 0.633333 0.666667 0.700000 0.733333 0.766667 0.800000 0.833333 0.866667 0.900000 0.933333 0.966667 1.000000 1.033333
1.066667 1.100000 1.133333 1.166667 1.200000 1.233333 1.266667 1.300000 1.333333 1.366667 1.400000 1.433333 1.466667</float_array><technique_common><accessor source="#Spine1-Matrix-animation-input-array" count="45"><param name="TIME" type="float"/></accessor></technique_common></source><source id="Spine1-Matrix-animation-output-transform"><float_array id="Spine1-Matrix-animation-output-transform-array" count="720">

0.999333 0.005891 0.036032 0.000000 -0.003422 0.997665 -0.068212 16.254000 -0.036350 0.068043 0.997020 -0.165600 0.000000 0.000000 0.000000 1.000000
0.999185 0.005623 0.039961 0.000000 -0.002879 0.997653 -0.068408 16.254000 -0.040252 0.068238 0.996857 -0.165600 0.000000 0.000000 0.000000 1.000000
0.999038 0.005407 0.043521 0.000000 -0.002440 0.997686 -0.067950 16.254000 -0.043787 0.067779 0.996739 -0.165600 0.000000 0.000000 0.000000 1.000000
0.998929 0.005133 0.045977 -0.000000 -0.002066 0.997783 -0.066520 16.254000 -0.046216 0.066354 0.996725 -0.165600 0.000000 0.000000 0.000000 1.000000
0.998890 0.004854 0.046856 0.000000 -0.001844 0.997945 -0.064052 16.254000 -0.047071 0.063894 0.996846 -0.165600 0.000000 0.000000 0.000000 1.000000
0.998916 0.004749 0.046303 0.000000 -0.001932 0.998155 -0.060686 16.254000 -0.046506 0.060530 0.997082 -0.165600 0.000000 0.000000 0.000000 1.000000
0.998973 0.005057 0.045017 0.000000 -0.002499 0.998388 -0.056703 16.254000 -0.045231 0.056532 0.997376 -0.165600 0.000000 0.000000 0.000000 1.000000
0.999023 0.005986 0.043780 -0.000000 -0.003677 0.998607 -0.052633 16.254000 -0.044034 0.052421 0.997654 -0.165600 0.000000 0.000000 0.000000 1.000000
0.999046 0.007710 0.042980 -0.000000 -0.005585 0.998765 -0.049364 16.254000 -0.043307 0.049077 0.997856 -0.165600 0.000000 0.000000 0.000000 1.000000
0.999040 0.010393 0.042563 0.000000 -0.008353 0.998820 -0.047839 16.254000 -0.043010 0.047437 0.997948 -0.165600 0.000000 0.000000 0.000000 1.000000
0.999003 0.013986 0.042389 0.000000 -0.011933 0.998762 -0.048301 16.254000 -0.043012 0.047747 0.997933 -0.165600 0.000000 0.000000 0.000000 1.000000
0.998940 0.017937 0.042386 0.000000 -0.015818 0.998633 -0.049818 16.254000 -0.043221 0.049095 0.997859 -0.165600 0.000000 0.000000 0.000000 1.000000
0.998882 0.021278 0.042218 -0.000000 -0.019123 0.998525 -0.050808 16.254000 -0.043237 0.049944 0.997816 -0.165600 0.000000 0.000000 0.000000 1.000000
0.998888 0.023139 0.041077 -0.000000 -0.021064 0.998515 -0.050244 16.254000 -0.042178 0.049323 0.997892 -0.165600 0.000000 0.000000 0.000000 1.000000
0.999000 0.023174 0.038233 0.000000 -0.021315 0.998604 -0.048329 16.254000 -0.039300 0.047466 0.998099 -0.165600 0.000000 0.000000 0.000000 1.000000
0.999195 0.021536 0.033847 0.000000 -0.019966 0.998739 -0.046052 16.254000 -0.034796 0.045340 0.998365 -0.165600 0.000000 0.000000 0.000000 1.000000
0.999406 0.018681 0.028948 0.000000 -0.017388 0.998867 -0.044300 16.254000 -0.029743 0.043771 0.998599 -0.165600 0.000000 0.000000 0.000000 1.000000
0.999582 0.015238 0.024553 0.000000 -0.014162 0.998956 -0.043425 16.254000 -0.025189 0.043059 0.998755 -0.165600 0.000000 0.000000 0.000000 1.000000
0.999711 0.011791 0.020941 0.000000 -0.010875 0.999001 -0.043335 16.254000 -0.021431 0.043094 0.998841 -0.165600 0.000000 0.000000 0.000000 1.000000
0.999804 0.008612 0.017802 0.000000 -0.007826 0.999013 -0.043725 16.254000 -0.018161 0.043577 0.998885 -0.165600 0.000000 0.000000 0.000000 1.000000
0.999874 0.005691 0.014827 0.000000 -0.005030 0.999008 -0.044245 16.254000 -0.015064 0.044165 0.998911 -0.165600 0.000000 0.000000 0.000000 1.000000
0.999924 0.003000 0.011963 0.000000 -0.002464 0.999003 -0.044579 16.254000 -0.012085 0.044546 0.998934 -0.165600 0.000000 0.000000 0.000000 1.000000
0.999957 0.000584 0.009237 0.000000 -0.000172 0.999009 -0.044515 16.254000 -0.009254 0.044512 0.998966 -0.165600 0.000000 0.000000 0.000000 1.000000
0.999977 -0.001516 0.006594 0.000000 0.001804 0.999029 -0.044022 16.254000 -0.006521 0.044033 0.999009 -0.165600 0.000000 0.000000 0.000000 1.000000
0.999987 -0.003310 0.003988 0.000000 0.003479 0.999060 -0.043207 16.254000 -0.003841 0.043220 0.999058 -0.165600 0.000000 0.000000 0.000000 1.000000
0.999987 -0.004838 0.001594 -0.000000 0.004901 0.999099 -0.042150 16.254000 -0.001389 0.042158 0.999110 -0.165600 0.000000 0.000000 0.000000 1.000000
0.999981 -0.006084 -0.000098 0.000000 0.006075 0.999147 -0.040844 16.254000 0.000346 0.040843 0.999166 -0.165600 0.000000 0.000000 0.000000 1.000000
0.999976 -0.006859 -0.000500 -0.000000 0.006834 0.999201 -0.039389 16.254000 0.000769 0.039385 0.999224 -0.165600 0.000000 0.000000 0.000000 1.000000
0.999977 -0.006722 0.000535 0.000000 0.006737 0.999246 -0.038230 16.254000 -0.000277 0.038232 0.999269 -0.165600 0.000000 0.000000 0.000000 1.000000
0.999984 -0.005192 0.002433 0.000000 0.005281 0.999264 -0.037991 16.254000 -0.002234 0.038003 0.999275 -0.165600 0.000000 0.000000 0.000000 1.000000
0.999988 -0.002378 0.004207 0.000000 0.002540 0.999236 -0.038999 16.254000 -0.004111 0.039009 0.999230 -0.165600 0.000000 0.000000 0.000000 1.000000
0.999987 0.000683 0.005001 -0.000000 -0.000478 0.999159 -0.041008 16.254000 -0.005025 0.041005 0.999146 -0.165600 0.000000 0.000000 0.000000 1.000000
0.999985 0.002780 0.004642 0.000000 -0.002576 0.999055 -0.043377 16.254000 -0.004758 0.043365 0.999048 -0.165600 0.000000 0.000000 0.000000 1.000000
0.999986 0.003736 0.003832 -0.000000 -0.003557 0.998954 -0.045580 16.254000 -0.003998 0.045565 0.998953 -0.165600 0.000000 0.000000 0.000000 1.000000
0.999983 0.004555 0.003673 -0.000000 -0.004375 0.998856 -0.047628 16.254000 -0.003885 0.047611 0.998858 -0.165600 0.000000 0.000000 0.000000 1.000000
0.999969 0.006245 0.004853 0.000000 -0.005995 0.998732 -0.049986 16.254000 -0.005159 0.049956 0.998738 -0.165600 0.000000 0.000000 0.000000 1.000000
0.999936 0.008690 0.007292 0.000000 -0.008291 0.998559 -0.053021 16.254000 -0.007742 0.052957 0.998567 -0.165600 0.000000 0.000000 0.000000 1.000000
0.999886 0.010833 0.010509 0.000000 -0.010221 0.998346 -0.056577 16.254000 -0.011105 0.056463 0.998343 -0.165600 0.000000 0.000000 0.000000 1.000000
0.999831 0.011779 0.014114 0.000000 -0.010911 0.998133 -0.060090 16.254000 -0.014795 0.059926 0.998093 -0.165600 0.000000 0.000000 0.000000 1.000000
0.999774 0.011452 0.017894 0.000000 -0.010303 0.997959 -0.063018 16.254000 -0.018579 0.062820 0.997852 -0.165600 0.000000 0.000000 0.000000 1.000000
0.999712 0.010305 0.021669 0.000000 -0.008874 0.997839 -0.065111 16.254000 -0.022293 0.064900 0.997643 -0.165600 0.000000 0.000000 0.000000 1.000000
0.999641 0.008836 0.025282 0.000000 -0.007140 0.997766 -0.066420 16.254000 -0.025812 0.066215 0.997471 -0.165600 0.000000 0.000000 0.000000 1.000000
0.999559 0.007450 0.028744 0.000000 -0.005504 0.997725 -0.067197 16.254000 -0.029179 0.067009 0.997326 -0.165600 0.000000 0.000000 0.000000 1.000000
0.999459 0.006443 0.032260 -0.000000 -0.004245 0.997693 -0.067748 16.254000 -0.032622 0.067575 0.997181 -0.165600 0.000000 0.000000 0.000000 1.000000
0.999333 0.005891 0.036032 0.000000 -0.003422 0.997665 -0.068212 16.254000 -0.036350 0.068043 0.997020 -0.165600 0.000000 0.000000 0.000000 1.000000</float_array><technique_common><accessor source="#Spine1-Matrix-animation-output-transform-array" count="45" stride="16"><param type="float4x4"/></accessor></technique_common></source><source id="Spine1-Interpolations"><Name_array id="Spine1-Interpolations-array" count="45">
 LINEAR LINEAR LINEAR LINEAR LINEAR LINEAR LINEAR LINEAR LINEAR LINEAR LINEAR
LINEAR LINEAR LINEAR LINEAR LINEAR LINEAR LINEAR LINEAR LINEAR LINEAR LINEAR LINEAR
LINEAR LINEAR LINEAR LINEAR LINEAR LINEAR LINEAR LINEAR LINEAR LINEAR LINEAR LINEAR
LINEAR LINEAR LINEAR LINEAR LINEAR LINEAR LINEAR LINEAR LINEAR LINEAR</Name_array><technique_common><accessor source="#Spine1-Interpolations-array" count="45"><param type="name"/></accessor></technique_common></source><sampler id="Spine1-Matrix-animation-transform"><input semantic="INPUT" source="#Spine1-Matrix-animation-input"/><input semantic="OUTPUT" source="#Spine1-Matrix-animation-output-transform"/><input semantic="INTERPOLATION" source="#Spine1-Interpolations"/></sampler><channel source="#Spine1-Matrix-animation-transform" target="Spine1/matrix"/></animation>
    <animation id="Spine2-anim" name="Spine2"><source id="Spine2-Matrix-animation-input"><float_array id="Spine2-Matrix-animation-input-array" count="45">

0.000000 0.033333 0.066667 0.100000 0.133333 0.166667 0.200000 0.233333 0.266667 0.300000 0.333333 0.366667 0.400000 0.433333 0.466667 0.500000
0.533333 0.566667 0.600000 0.633333 0.666667 0.700000 0.733333 0.766667 0.800000 0.833333 0.866667 0.900000 0.933333 0.966667 1.000000 1.033333
1.066667 1.100000 1.133333 1.166667 1.200000 1.233333 1.266667 1.300000 1.333333 1.366667 1.400000 1.433333 1.466667</float_array><technique_common><accessor source="#Spine2-Matrix-animation-input-array" count="45"><param name="TIME" type="float"/></accessor></technique_common></source><source id="Spine2-Matrix-animation-output-transform"><float_array id="Spine2-Matrix-animation-output-transform-array" count="720">

0.999336 0.006027 0.035922 0.000000 -0.003565 0.997665 -0.068207 13.639600 -0.036249 0.068034 0.997024 -1.292300 0.000000 0.000000 0.000000 1.000000
0.999188 0.005752 0.039887 -0.000000 -0.003013 0.997655 -0.068379 13.639600 -0.040187 0.068203 0.996862 -1.292300 0.000000 0.000000 0.000000 1.000000
0.999039 0.005518 0.043484 0.000000 -0.002556 0.997690 -0.067887 13.639600 -0.043758 0.067711 0.996745 -1.292300 0.000000 0.000000 0.000000 1.000000
0.998929 0.005221 0.045974 0.000000 -0.002158 0.997789 -0.066420 13.639600 -0.046219 0.066250 0.996732 -1.292300 0.000000 0.000000 0.000000 1.000000
0.998888 0.004915 0.046880 -0.000000 -0.001910 0.997953 -0.063920 13.639600 -0.047098 0.063760 0.996853 -1.292300 0.000000 0.000000 0.000000 1.000000
0.998914 0.004782 0.046342 0.000000 -0.001969 0.998164 -0.060543 13.639600 -0.046546 0.060386 0.997089 -1.292300 0.000000 0.000000 0.000000 1.000000
0.998971 0.005065 0.045061 0.000000 -0.002510 0.998395 -0.056579 13.639600 -0.045276 0.056408 0.997381 -1.292300 0.000000 0.000000 0.000000 1.000000
0.999021 0.005983 0.043826 0.000000 -0.003675 0.998612 -0.052543 13.639600 -0.044080 0.052330 0.997657 -1.292300 0.000000 0.000000 0.000000 1.000000
0.999044 0.007712 0.043029 0.000000 -0.005587 0.998769 -0.049291 13.639600 -0.043357 0.049004 0.997857 -1.292300 0.000000 0.000000 0.000000 1.000000
0.999037 0.010403 0.042626 0.000000 -0.008363 0.998824 -0.047747 13.639600 -0.043073 0.047345 0.997949 -1.292300 0.000000 0.000000 0.000000 1.000000
0.998999 0.013989 0.042480 -0.000000 -0.011937 0.998768 -0.048164 13.639600 -0.043101 0.047609 0.997936 -1.292300 0.000000 0.000000 0.000000 1.000000
0.998935 0.017909 0.042516 -0.000000 -0.015791 0.998643 -0.049634 13.639600 -0.043347 0.048909 0.997862 -1.292300 0.000000 0.000000 0.000000 1.000000
0.998876 0.021209 0.042390 0.000000 -0.019055 0.998538 -0.050589 13.639600 -0.043401 0.049724 0.997820 -1.292300 0.000000 0.000000 0.000000 1.000000
0.998882 0.023054 0.041281 0.000000 -0.020980 0.998529 -0.050005 13.639600 -0.042373 0.049083 0.997895 -1.292300 0.000000 0.000000 0.000000 1.000000
0.998993 0.023122 0.038452 0.000000 -0.021262 0.998617 -0.048088 13.639600 -0.039511 0.047222 0.998103 -1.292300 0.000000 0.000000 0.000000 1.000000
0.999187 0.021553 0.034065 0.000000 -0.019981 0.998750 -0.045825 13.639600 -0.035010 0.045108 0.998368 -1.292300 0.000000 0.000000 0.000000 1.000000
0.999399 0.018766 0.029162 -0.000000 -0.017470 0.998874 -0.044100 13.639600 -0.029957 0.043564 0.998601 -1.292300 0.000000 0.000000 0.000000 1.000000
0.999575 0.015359 0.024766 0.000000 -0.014278 0.998962 -0.043250 13.639600 -0.025404 0.042878 0.998757 -1.292300 0.000000 0.000000 0.000000 1.000000
0.999705 0.011912 0.021153 0.000000 -0.010990 0.999007 -0.043179 13.639600 -0.021646 0.042934 0.998843 -1.292300 0.000000 0.000000 0.000000 1.000000
0.999800 0.008717 0.018005 0.000000 -0.007925 0.999018 -0.043590 13.639600 -0.018367 0.043438 0.998887 -1.292300 0.000000 0.000000 0.000000 1.000000
0.999871 0.005778 0.015014 0.000000 -0.005111 0.999013 -0.044133 13.639600 -0.015254 0.044051 0.998913 -1.292300 0.000000 0.000000 0.000000 1.000000
0.999922 0.003072 0.012133 0.000000 -0.002530 0.999007 -0.044492 13.639600 -0.012257 0.044457 0.998936 -1.292300 0.000000 0.000000 0.000000 1.000000
0.999956 0.000642 0.009393 0.000000 -0.000224 0.999012 -0.044451 13.639600 -0.009412 0.044447 0.998967 -1.292300 0.000000 0.000000 0.000000 1.000000
0.999976 -0.001472 0.006739 0.000000 0.001767 0.999031 -0.043979 13.639600 -0.006668 0.043990 0.999010 -1.292300 0.000000 0.000000 0.000000 1.000000
0.999986 -0.003281 0.004123 0.000000 0.003456 0.999061 -0.043184 13.639600 -0.003978 0.043198 0.999059 -1.292300 0.000000 0.000000 0.000000 1.000000
0.999987 -0.004823 0.001720 0.000000 0.004891 0.999099 -0.042147 13.639600 -0.001516 0.042155 0.999110 -1.292300 0.000000 0.000000 0.000000 1.000000
0.999982 -0.006079 0.000026 0.000000 0.006075 0.999147 -0.040855 13.639600 0.000223 0.040854 0.999165 -1.292300 0.000000 0.000000 0.000000 1.000000
0.999976 -0.006854 -0.000368 -0.000000 0.006834 0.999200 -0.039402 13.639600 0.000638 0.039398 0.999223 -1.292300 0.000000 0.000000 0.000000 1.000000
0.999977 -0.006707 0.000679 0.000000 0.006728 0.999246 -0.038231 13.639600 -0.000422 0.038235 0.999269 -1.292300 0.000000 0.000000 0.000000 1.000000
0.999983 -0.005163 0.002577 0.000000 0.005257 0.999265 -0.037978 13.639600 -0.002379 0.037991 0.999275 -1.292300 0.000000 0.000000 0.000000 1.000000
0.999988 -0.002339 0.004314 0.000000 0.002506 0.999237 -0.038982 13.639600 -0.004220 0.038993 0.999231 -1.292300 0.000000 0.000000 0.000000 1.000000
0.999987 0.000720 0.005037 0.000000 -0.000513 0.999159 -0.041004 13.639600 -0.005062 0.041001 0.999146 -1.292300 0.000000 0.000000 0.000000 1.000000
0.999986 0.002803 0.004589 0.000000 -0.002601 0.999055 -0.043393 13.639600 -0.004706 0.043380 0.999048 -1.292300 0.000000 0.000000 0.000000 1.000000
0.999986 0.003742 0.003696 -0.000000 -0.003570 0.998953 -0.045612 13.639600 -0.003863 0.045598 0.998952 -1.292300 0.000000 0.000000 0.000000 1.000000
0.999984 0.004552 0.003467 0.000000 -0.004381 0.998853 -0.047674 13.639600 -0.003680 0.047658 0.998857 -1.292300 0.000000 0.000000 0.000000 1.000000
0.999970 0.006242 0.004582 0.000000 -0.006005 0.998729 -0.050053 13.639600 -0.004888 0.050024 0.998736 -1.292300 0.000000 0.000000 0.000000 1.000000
0.999938 0.008691 0.006956 0.000000 -0.008309 0.998554 -0.053120 13.639600 -0.007408 0.053059 0.998564 -1.292300 0.000000 0.000000 0.000000 1.000000
0.999890 0.010840 0.010127 0.000000 -0.010249 0.998338 -0.056709 13.639600 -0.010725 0.056599 0.998339 -1.292300 0.000000 0.000000 0.000000 1.000000
0.999836 0.011798 0.013728 -0.000000 -0.010951 0.998124 -0.060239 13.639600 -0.014413 0.060078 0.998090 -1.292300 0.000000 0.000000 0.000000 1.000000
0.999780 0.011489 0.017549 0.000000 -0.010359 0.997950 -0.063156 13.639600 -0.018238 0.062961 0.997849 -1.292300 0.000000 0.000000 0.000000 1.000000
0.999718 0.010366 0.021383 0.000000 -0.008951 0.997831 -0.065219 13.639600 -0.022013 0.065010 0.997642 -1.292300 0.000000 0.000000 0.000000 1.000000
0.999646 0.008924 0.025053 0.000000 -0.007240 0.997761 -0.066491 13.639600 -0.025590 0.066286 0.997472 -1.292300 0.000000 0.000000 0.000000 1.000000
0.999563 0.007562 0.028561 0.000000 -0.005627 0.997721 -0.067236 13.639600 -0.029004 0.067046 0.997328 -1.292300 0.000000 0.000000 0.000000 1.000000
0.999463 0.006573 0.032115 -0.000000 -0.004384 0.997692 -0.067764 13.639600 -0.032486 0.067587 0.997184 -1.292300 0.000000 0.000000 0.000000 1.000000
0.999336 0.006027 0.035922 -0.000000 -0.003565 0.997665 -0.068207 13.639600 -0.036249 0.068034 0.997024 -1.292300 0.000000 0.000000 0.000000 1.000000</float_array><technique_common><accessor source="#Spine2-Matrix-animation-output-transform-array" count="45" stride="16"><param type="float4x4"/></accessor></technique_common></source><source id="Spine2-Interpolations"><Name_array id="Spine2-Interpolations-array" count="45">
 LINEAR LINEAR LINEAR LINEAR LINEAR LINEAR LINEAR LINEAR LINEAR LINEAR LINEAR
LINEAR LINEAR LINEAR LINEAR LINEAR LINEAR LINEAR LINEAR LINEAR LINEAR LINEAR LINEAR
LINEAR LINEAR LINEAR LINEAR LINEAR LINEAR LINEAR LINEAR LINEAR LINEAR LINEAR LINEAR
LINEAR LINEAR LINEAR LINEAR LINEAR LINEAR LINEAR LINEAR LINEAR LINEAR</Name_array><technique_common><accessor source="#Spine2-Interpolations-array" count="45"><param type="name"/></accessor></technique_common></source><sampler id="Spine2-Matrix-animation-transform"><input semantic="INPUT" source="#Spine2-Matrix-animation-input"/><input semantic="OUTPUT" source="#Spine2-Matrix-animation-output-transform"/><input semantic="INTERPOLATION" source="#Spine2-Interpolations"/></sampler><channel source="#Spine2-Matrix-animation-transform" target="Spine2/matrix"/></animation>
    <animation id="Neck-anim" name="Neck"><source id="Neck-Matrix-animation-input"><float_array id="Neck-Matrix-animation-input-array" count="45">

0.000000 0.033333 0.066667 0.100000 0.133333 0.166667 0.200000 0.233333 0.266667 0.300000 0.333333 0.366667 0.400000 0.433333 0.466667 0.500000
0.533333 0.566667 0.600000 0.633333 0.666667 0.700000 0.733333 0.766667 0.800000 0.833333 0.866667 0.900000 0.933333 0.966667 1.000000 1.033333
1.066667 1.100000 1.133333 1.166667 1.200000 1.233333 1.266667 1.300000 1.333333 1.366667 1.400000 1.433333 1.466667</float_array><technique_common><accessor source="#Neck-Matrix-animation-input-array" count="45"><param name="TIME" type="float"/></accessor></technique_common></source><source id="Neck-Matrix-animation-output-transform"><float_array id="Neck-Matrix-animation-output-transform-array" count="720">

0.999009 -0.004244 0.044303 0.000000 0.001882 0.998580 0.053237 13.877400 -0.044466 -0.053101 0.997599 -4.354200 0.000000 0.000000 0.000000 1.000000
0.998981 -0.007031 0.044582 0.000000 0.004611 0.998522 0.054153 13.877400 -0.044896 -0.053893 0.997537 -4.354200 0.000000 0.000000 0.000000 1.000000
0.998937 -0.009948 0.045018 -0.000000 0.007443 0.998432 0.055473 13.877400 -0.045499 -0.055079 0.997445 -4.354200 0.000000 0.000000 0.000000 1.000000
0.998870 -0.012432 0.045866 0.000000 0.009791 0.998305 0.057364 13.877400 -0.046501 -0.056850 0.997299 -4.354200 0.000000 0.000000 0.000000 1.000000
0.998786 -0.013767 0.047305 -0.000000 0.010930 0.998155 0.059718 13.877400 -0.048040 -0.059128 0.997094 -4.354200 0.000000 0.000000 0.000000 1.000000
0.998702 -0.013438 0.049123 -0.000000 0.010360 0.997999 0.062379 13.877400 -0.049863 -0.061790 0.996843 -4.354200 0.000000 0.000000 0.000000 1.000000
0.998640 -0.011345 0.050885 -0.000000 0.007998 0.997820 0.065501 13.877400 -0.051517 -0.065005 0.996554 -4.354200 0.000000 0.000000 0.000000 1.000000
0.998594 -0.007605 0.052453 0.000000 0.003946 0.997573 0.069523 13.877400 -0.052854 -0.069218 0.996200 -4.354200 0.000000 0.000000 0.000000 1.000000
0.998535 -0.002238 0.054066 -0.000000 -0.001809 0.997205 0.074687 13.877400 -0.054082 -0.074675 0.995740 -4.354200 0.000000 0.000000 0.000000 1.000000
0.998430 0.004743 0.055817 0.000000 -0.009234 0.996713 0.080486 13.877400 -0.055252 -0.080875 0.995192 -4.354200 0.000000 0.000000 0.000000 1.000000
0.998273 0.012790 0.057328 -0.000000 -0.017672 0.996182 0.085495 13.877400 -0.056016 -0.086361 0.994688 -4.354200 0.000000 0.000000 0.000000 1.000000
0.998088 0.020588 0.058281 -0.000000 -0.025676 0.995796 0.087932 13.877400 -0.056225 -0.089260 0.994420 -4.354200 0.000000 0.000000 0.000000 1.000000
0.997890 0.026774 0.059147 0.000000 -0.031858 0.995720 0.086757 13.877400 -0.056571 -0.088458 0.994472 -4.354200 0.000000 0.000000 0.000000 1.000000
0.997653 0.031085 0.061004 -0.000000 -0.036073 0.995942 0.082448 13.877400 -0.058194 -0.084456 0.994726 -4.354200 0.000000 0.000000 0.000000 1.000000
0.997320 0.034580 0.064475 0.000000 -0.039497 0.996277 0.076625 13.877400 -0.061586 -0.078966 0.994973 -4.354200 0.000000 0.000000 0.000000 1.000000
0.996874 0.038438 0.069023 0.000000 -0.043330 0.996546 0.070837 13.877400 -0.066062 -0.073607 0.995097 -4.354200 0.000000 0.000000 0.000000 1.000000
0.996396 0.042611 0.073338 0.000000 -0.047464 0.996706 0.065764 13.877400 -0.070294 -0.069008 0.995136 -4.354200 0.000000 0.000000 0.000000 1.000000
0.996035 0.045825 0.076253 0.000000 -0.050567 0.996828 0.061464 13.877400 -0.073194 -0.065076 0.995192 -4.354200 0.000000 0.000000 0.000000 1.000000
0.995898 0.046913 0.077375 -0.000000 -0.051470 0.996990 0.057983 13.877400 -0.074422 -0.061728 0.995315 -4.354200 0.000000 0.000000 0.000000 1.000000
0.995962 0.045957 0.077120 0.000000 -0.050302 0.997197 0.055381 13.877400 -0.074358 -0.059037 0.995483 -4.354200 0.000000 0.000000 0.000000 1.000000
0.996121 0.044024 0.076194 0.000000 -0.048178 0.997401 0.053573 13.877400 -0.073638 -0.057036 0.995653 -4.354200 0.000000 0.000000 0.000000 1.000000
0.996285 0.042148 0.075093 0.000000 -0.046166 0.997548 0.052598 13.877400 -0.072692 -0.055869 0.995788 -4.354200 0.000000 0.000000 0.000000 1.000000
0.996424 0.040750 0.074017 0.000000 -0.044725 0.997599 0.052870 13.877400 -0.071685 -0.055991 0.995855 -4.354200 0.000000 0.000000 0.000000 1.000000
0.996542 0.039695 0.072999 0.000000 -0.043756 0.997533 0.054891 13.877400 -0.070640 -0.057895 0.995820 -4.354200 0.000000 0.000000 0.000000 1.000000
0.996653 0.038766 0.071978 0.000000 -0.043021 0.997358 0.058541 13.877400 -0.069519 -0.061441 0.995687 -4.354200 0.000000 0.000000 0.000000 1.000000
0.996763 0.038116 0.070781 -0.000000 -0.042579 0.997126 0.062661 13.877400 -0.068190 -0.065472 0.995522 -4.354200 0.000000 0.000000 0.000000 1.000000
0.996877 0.038224 0.069099 0.000000 -0.042769 0.996933 0.065535 13.877400 -0.066382 -0.068286 0.995455 -4.354200 0.000000 0.000000 0.000000 1.000000
