<?xml version="1.0" encoding="utf-8"?>
<COLLADA xmlns="http://www.collada.org/2005/11/COLLADASchema" version="1.4.1">
  <asset><contributor><author>Mixamo</author><authoring_tool>COLLADA Mixamo exporter</authoring_tool><comments></comments></contributor><created>2018-12-18T20:46:16Z</created><modified>2018-12-18T20:46:16Z</modified><revision></revision><title></title><unit meter="0.010000"/><up_axis>Y_UP</up_axis></asset>
  <library_animations>
    <animation id="Hips-anim" name="Hips"><source id="Hips-Matrix-animation-input"><float_array id="Hips-Matrix-animation-input-array" count="211">

0.000000 0.033333 0.066667 0.100000 0.133333 0.166667 0.200000 0.233333 0.266667 0.300000 0.333333 0.366667 0.400000 0.433333 0.466667 0.500000
0.533333 0.566667 0.600000 0.633333 0.666667 0.700000 0.733333 0.766667 0.800000 0.833333 0.866667 0.900000 0.933333 0.966667 1.000000 1.033333
1.066667 1.100000 1.133333 1.166667 1.200000 1.233333 1.266667 1.300000 1.333333 1.366667 1.400000 1.433333 1.466667 1.500000 1.533333 1.566667
1.600000 1.633333 1.666667 1.700000 1.733333 1.766667 1.800000 1.833333 1.866667 1.900000 1.933333 1.966667 2.000000 2.033333 2.066667 2.100000
2.133333 2.166667 2.200000 2.233333 2.266667 2.300000 2.333333 2.366667 2.400000 2.433333 2.466667 2.500000 2.533333 2.566667 2.600000 2.633333
2.666667 2.700000 2.733333 2.766667 2.800000 2.833333 2.866667 2.900000 2.933333 2.966667 3.000000 3.033333 3.066667 3.100000 3.133333 3.166667
3.200000 3.233333 3.266667 3.300000 3.333333 3.366667 3.400000 3.433333 3.466667 3.500000 3.533333 3.566667 3.600000 3.633333 3.666667 3.700000
3.733333 3.766667 3.800000 3.833333 3.866667 3.900000 3.933333 3.966667 4.000000 4.033333 4.066667 4.100000 4.133333 4.166667 4.200000 4.233333
4.266667 4.300000 4.333333 4.366667 4.400000 4.433333 4.466667 4.500000 4.533333 4.566667 4.600000 4.633333 4.666667 4.700000 4.733333 4.766667
4.800000 4.833333 4.866667 4.900000 4.933333 4.966667 5.000000 5.033333 5.066667 5.100000 5.133333 5.166667 5.200000 5.233333 5.266667 5.300000
5.333333 5.366667 5.400000 5.433333 5.466667 5.500000 5.533333 5.566667 5.600000 5.633333 5.666667 5.700000 5.733333 5.766667 5.800000 5.833333
5.866667 5.900000 5.933333 5.966667 6.000000 6.033333 6.066667 6.100000 6.133333 6.166667 6.200000 6.233333 6.266667 6.300000 6.333333 6.366667
6.400000 6.433333 6.466667 6.500000 6.533333 6.566667 6.600000 6.633333 6.666667 6.700000 6.733333 6.766667 6.800000 6.833333 6.866667 6.900000
6.933333 6.966667 7.000000</float_array><technique_common><accessor source="#Hips-Matrix-animation-input-array" count="211"><param name="TIME" type="float"/></accessor></technique_common></source><source id="Hips-Matrix-animation-output-transform"><float_array id="Hips-Matrix-animation-output-transform-array" count="3376">

0.766534 0.011780 -0.642096 0.088292 -0.036725 0.999000 -0.025515 90.661545 0.641153 0.043139 0.766199 -0.233196 0.000000 0.000000 0.000000 1.000000
0.764543 0.012246 -0.644456 0.126140 -0.037127 0.998996 -0.025061 90.604202 0.643502 0.043087 0.764230 -0.154860 0.000000 0.000000 0.000000 1.000000
0.762040 0.013191 -0.647395 0.164651 -0.038120 0.998972 -0.024516 90.538254 0.646407 0.043361 0.761760 -0.048029 0.000000 0.000000 0.000000 1.000000
0.759609 0.014477 -0.650219 0.199110 -0.039819 0.998912 -0.024279 90.470322 0.649160 0.044334 0.759359 0.085830 0.000000 0.000000 0.000000 1.000000
0.757894 0.015906 -0.652183 0.225084 -0.042018 0.998817 -0.024469 90.407295 0.651023 0.045948 0.757666 0.239434 0.000000 0.000000 0.000000 1.000000
0.757187 0.017423 -0.652965 0.238237 -0.044396 0.998705 -0.024835 90.351913 0.651687 0.047794 0.756981 0.405742 0.000000 0.000000 0.000000 1.000000
0.757488 0.019058 -0.652570 0.241727 -0.046793 0.998588 -0.025154 90.296288 0.651169 0.049590 0.757310 0.579936 0.000000 0.000000 0.000000 1.000000
0.758745 0.020909 -0.651052 0.246952 -0.049327 0.998459 -0.025421 90.227776 0.649517 0.051402 0.758607 0.763416 0.000000 0.000000 0.000000 1.000000
0.760648 0.022960 -0.648759 0.265421 -0.052094 0.998310 -0.025747 90.139023 0.647071 0.053381 0.760559 0.967517 0.000000 0.000000 0.000000 1.000000
0.762417 0.024944 -0.646605 0.305325 -0.054848 0.998152 -0.026165 90.033485 0.644758 0.055414 0.762376 1.209599 0.000000 0.000000 0.000000 1.000000
0.763171 0.026535 -0.645651 0.377277 -0.057038 0.998023 -0.026403 89.918091 0.643674 0.056977 0.763176 1.508357 0.000000 0.000000 0.000000 1.000000
0.762644 0.027629 -0.646228 0.494686 -0.058288 0.997958 -0.026122 89.789253 0.644187 0.057589 0.762697 1.880775 0.000000 0.000000 0.000000 1.000000
0.761591 0.028538 -0.647430 0.662768 -0.059087 0.997927 -0.025518 89.639389 0.645359 0.057689 0.761698 2.331076 0.000000 0.000000 0.000000 1.000000
0.761098 0.029567 -0.647963 0.880718 -0.060171 0.997871 -0.025143 89.470810 0.645840 0.058125 0.761257 2.857687 0.000000 0.000000 0.000000 1.000000
0.761436 0.030485 -0.647523 1.154012 -0.061286 0.997805 -0.025091 89.295822 0.645337 0.058789 0.761633 3.472322 0.000000 0.000000 0.000000 1.000000
0.762041 0.030818 -0.646795 1.496413 -0.061580 0.997789 -0.025010 89.130653 0.644594 0.058889 0.762254 4.195148 0.000000 0.000000 0.000000 1.000000
0.762331 0.030177 -0.646484 1.923313 -0.060594 0.997852 -0.024875 88.989784 0.644345 0.058136 0.762522 5.033622 0.000000 0.000000 0.000000 1.000000
0.762098 0.028488 -0.646835 2.446227 -0.058606 0.997966 -0.025096 88.878067 0.644804 0.057034 0.762217 5.974264 0.000000 0.000000 0.000000 1.000000
0.761069 0.026049 -0.648147 3.067271 -0.056088 0.998094 -0.025747 88.777672 0.646241 0.055948 0.761080 6.986191 0.000000 0.000000 0.000000 1.000000
0.758790 0.023367 -0.650916 3.765156 -0.053369 0.998226 -0.026379 88.680267 0.649145 0.054755 0.758692 8.046951 0.000000 0.000000 0.000000 1.000000
0.755600 0.020348 -0.654717 4.517266 -0.050128 0.998383 -0.026823 88.571754 0.653113 0.053087 0.755398 9.149902 0.000000 0.000000 0.000000 1.000000
0.752777 0.016947 -0.658057 5.317976 -0.046323 0.998554 -0.027275 88.450394 0.656643 0.051015 0.752474 10.301593 0.000000 0.000000 0.000000 1.000000
0.750982 0.013595 -0.660182 6.163670 -0.042336 0.998722 -0.027591 88.321991 0.658964 0.048670 0.750599 11.507654 0.000000 0.000000 0.000000 1.000000
0.749496 0.010715 -0.661922 7.053616 -0.038402 0.998889 -0.027312 88.197670 0.660894 0.045890 0.749075 12.760227 0.000000 0.000000 0.000000 1.000000
0.747717 0.008355 -0.663965 7.994409 -0.034561 0.999055 -0.026349 88.093391 0.663117 0.042649 0.747299 14.037278 0.000000 0.000000 0.000000 1.000000
0.746185 0.006039 -0.665711 8.992512 -0.030501 0.999219 -0.025124 88.014694 0.665040 0.039052 0.745786 15.314555 0.000000 0.000000 0.000000 1.000000
0.745127 0.003092 -0.666916 10.035867 -0.025621 0.999384 -0.023992 87.961502 0.666431 0.034964 0.744747 16.555201 0.000000 0.000000 0.000000 1.000000
0.744039 -0.000221 -0.668136 11.088013 -0.020367 0.999528 -0.023012 87.935806 0.667825 0.030730 0.743683 17.708277 0.000000 0.000000 0.000000 1.000000
0.743891 -0.003667 -0.668291 12.073168 -0.015037 0.999640 -0.022224 87.902000 0.668132 0.026581 0.743568 18.714861 0.000000 0.000000 0.000000 1.000000
0.747376 -0.006693 -0.664367 12.906297 -0.010141 0.999718 -0.021479 87.828308 0.664324 0.022790 0.747098 19.566730 0.000000 0.000000 0.000000 1.000000
0.755558 -0.008744 -0.655024 13.547091 -0.005936 0.999778 -0.020193 87.720940 0.655055 0.019145 0.755339 20.309395 0.000000 0.000000 0.000000 1.000000
0.766235 -0.009519 -0.642490 14.016811 -0.002432 0.999840 -0.017713 87.614677 0.642556 0.015135 0.766089 21.001450 0.000000 0.000000 0.000000 1.000000
0.776674 -0.008422 -0.629846 14.368434 -0.000633 0.999900 -0.014150 87.534317 0.629902 0.011389 0.776591 21.668409 0.000000 0.000000 0.000000 1.000000
0.785440 -0.005825 -0.618910 14.658280 -0.000863 0.999944 -0.010508 87.518326 0.618937 0.008787 0.785391 22.325472 0.000000 0.000000 0.000000 1.000000
0.791979 -0.002856 -0.610542 14.925941 -0.002446 0.999966 -0.007850 87.598450 0.610544 0.007710 0.791945 22.971464 0.000000 0.000000 0.000000 1.000000
0.796341 -0.001452 -0.604846 15.146312 -0.003178 0.999973 -0.006585 87.711349 0.604839 0.007166 0.796315 23.580778 0.000000 0.000000 0.000000 1.000000
0.799127 -0.001642 -0.601159 15.292531 -0.002734 0.999976 -0.006366 87.763916 0.601155 0.006731 0.799104 24.166210 0.000000 0.000000 0.000000 1.000000
0.801436 -0.003500 -0.598070 15.353160 -0.000683 0.999977 -0.006768 87.755180 0.598080 0.005833 0.801415 24.754938 0.000000 0.000000 0.000000 1.000000
0.804460 -0.006464 -0.593972 15.342434 0.002237 0.999967 -0.007853 87.694893 0.594003 0.004989 0.804447 25.371098 0.000000 0.000000 0.000000 1.000000
0.808989 -0.010082 -0.587737 15.283087 0.005391 0.999938 -0.009732 87.600174 0.587799 0.004704 0.808994 26.022385 0.000000 0.000000 0.000000 1.000000
0.815053 -0.013812 -0.579222 15.191685 0.008338 0.999892 -0.012111 87.500298 0.579326 0.005042 0.815080 26.696623 0.000000 0.000000 0.000000 1.000000
0.822004 -0.017611 -0.569209 15.052742 0.011192 0.999828 -0.014772 87.392349 0.569371 0.005772 0.822060 27.403469 0.000000 0.000000 0.000000 1.000000
0.829284 -0.021802 -0.558402 14.867618 0.014373 0.999740 -0.017688 87.284767 0.558643 0.006643 0.829382 28.178453 0.000000 0.000000 0.000000 1.000000
0.836371 -0.026875 -0.547504 14.630117 0.018517 0.999613 -0.020780 87.162460 0.547851 0.007242 0.836545 29.069839 0.000000 0.000000 0.000000 1.000000
0.842872 -0.031629 -0.537183 14.347823 0.022340 0.999467 -0.023796 87.044724 0.537650 0.008057 0.843130 30.085562 0.000000 0.000000 0.000000 1.000000
0.849110 -0.034178 -0.527109 14.021496 0.023721 0.999365 -0.026589 86.958870 0.527683 0.010073 0.849382 31.196081 0.000000 0.000000 0.000000 1.000000
0.856289 -0.033868 -0.515385 13.637607 0.021884 0.999331 -0.029310 86.903069 0.516033 0.013820 0.856457 32.381039 0.000000 0.000000 0.000000 1.000000
0.864891 -0.031172 -0.500992 13.192230 0.017164 0.999323 -0.032547 86.877975 0.501667 0.019550 0.864840 33.626091 0.000000 0.000000 0.000000 1.000000
0.873250 -0.027446 -0.486498 12.714063 0.010949 0.999266 -0.036720 86.909561 0.487149 0.026739 0.872910 34.912281 0.000000 0.000000 0.000000 1.000000
0.878760 -0.024349 -0.476642 12.227810 0.005348 0.999137 -0.041182 87.014793 0.477234 0.033640 0.878132 36.235577 0.000000 0.000000 0.000000 1.000000
0.880516 -0.023047 -0.473455 11.738410 0.002013 0.998990 -0.044884 87.157524 0.474012 0.038568 0.879674 37.615334 0.000000 0.000000 0.000000 1.000000
0.879839 -0.022893 -0.474720 11.254682 0.000254 0.998862 -0.047697 87.297951 0.475272 0.041845 0.878843 39.058147 0.000000 0.000000 0.000000 1.000000
0.878607 -0.022110 -0.477034 10.772146 -0.002080 0.998741 -0.050122 87.429939 0.477542 0.045030 0.877454 40.518364 0.000000 0.000000 0.000000 1.000000
0.877680 -0.020448 -0.478810 10.281176 -0.005320 0.998612 -0.052398 87.554886 0.479217 0.048536 0.876353 41.975021 0.000000 0.000000 0.000000 1.000000
0.877065 -0.018832 -0.480002 9.786583 -0.008461 0.998471 -0.054634 87.645844 0.480297 0.051979 0.875564 43.406120 0.000000 0.000000 0.000000 1.000000
0.876833 -0.017233 -0.480486 9.280478 -0.011489 0.998321 -0.056773 87.672340 0.480658 0.055301 0.875163 44.813141 0.000000 0.000000 0.000000 1.000000
0.876962 -0.015630 -0.480306 8.753215 -0.014389 0.998169 -0.058755 87.662735 0.480345 0.058437 0.875131 46.231426 0.000000 0.000000 0.000000 1.000000
0.876728 -0.014316 -0.480774 8.218347 -0.016883 0.998025 -0.060504 87.639465 0.480690 0.061163 0.874755 47.649521 0.000000 0.000000 0.000000 1.000000
0.875249 -0.013534 -0.483484 7.722397 -0.018699 0.997914 -0.061784 87.618111 0.483312 0.063117 0.873170 49.067448 0.000000 0.000000 0.000000 1.000000
0.872501 -0.012800 -0.488444 7.290256 -0.020391 0.997832 -0.062574 87.609016 0.488186 0.064556 0.870349 50.503677 0.000000 0.000000 0.000000 1.000000
0.869280 -0.011260 -0.494191 6.899613 -0.022897 0.997750 -0.063010 87.599014 0.493789 0.066089 0.867067 51.955173 0.000000 0.000000 0.000000 1.000000
0.866342 -0.008997 -0.499370 6.508931 -0.025948 0.997677 -0.062992 87.559601 0.498776 0.067530 0.864096 53.391068 0.000000 0.000000 0.000000 1.000000
0.863841 -0.006944 -0.503717 6.099038 -0.028256 0.997663 -0.062211 87.464760 0.502971 0.067973 0.861626 54.778328 0.000000 0.000000 0.000000 1.000000
0.861619 -0.005641 -0.507525 5.677715 -0.029018 0.997755 -0.060353 87.320374 0.506726 0.066729 0.859521 56.088032 0.000000 0.000000 0.000000 1.000000
0.859748 -0.004922 -0.510694 5.258498 -0.028219 0.997968 -0.057125 87.153503 0.509938 0.063524 0.857862 57.297451 0.000000 0.000000 0.000000 1.000000
0.858443 -0.004263 -0.512892 4.855749 -0.026415 0.998271 -0.052509 86.981361 0.512229 0.058624 0.856846 58.402378 0.000000 0.000000 0.000000 1.000000
0.857478 -0.002824 -0.514513 4.489743 -0.025065 0.998568 -0.047254 86.788246 0.513909 0.053415 0.856180 59.406227 0.000000 0.000000 0.000000 1.000000
0.856222 -0.000214 -0.516609 4.163963 -0.025405 0.998773 -0.042519 86.596970 0.515984 0.049530 0.855165 60.336426 0.000000 0.000000 0.000000 1.000000
0.854335 0.002524 -0.519717 3.854736 -0.026470 0.998902 -0.038661 86.491737 0.519049 0.046786 0.853463 61.231018 0.000000 0.000000 0.000000 1.000000
0.852236 0.003803 -0.523144 3.552716 -0.026017 0.999044 -0.035121 86.488586 0.522510 0.043542 0.851521 62.093021 0.000000 0.000000 0.000000 1.000000
0.850648 0.003220 -0.525725 3.273619 -0.023355 0.999225 -0.031670 86.533760 0.525216 0.039218 0.850065 62.909370 0.000000 0.000000 0.000000 1.000000
0.849662 0.001457 -0.527325 3.028143 -0.019593 0.999393 -0.028810 86.601257 0.526963 0.034811 0.849175 63.686722 0.000000 0.000000 0.000000 1.000000
0.848792 -0.000895 -0.528725 2.816717 -0.015684 0.999516 -0.026870 86.688324 0.528493 0.031099 0.848368 64.434769 0.000000 0.000000 0.000000 1.000000
0.847980 -0.003749 -0.530014 2.633051 -0.011514 0.999609 -0.025492 86.785156 0.529902 0.027719 0.847605 65.162697 0.000000 0.000000 0.000000 1.000000
0.847782 -0.006579 -0.530304 2.469897 -0.007408 0.999679 -0.024246 86.870667 0.530293 0.024484 0.847461 65.885818 0.000000 0.000000 0.000000 1.000000
0.848565 -0.008342 -0.529025 2.323367 -0.004622 0.999721 -0.023177 86.921829 0.529070 0.022113 0.848290 66.623619 0.000000 0.000000 0.000000 1.000000
0.850148 -0.008460 -0.526476 2.195619 -0.004056 0.999736 -0.022614 86.919647 0.526528 0.021361 0.849889 67.393150 0.000000 0.000000 0.000000 1.000000
0.852038 -0.006709 -0.523437 2.101335 -0.006063 0.999724 -0.022683 86.841179 0.523445 0.022501 0.851763 68.218132 0.000000 0.000000 0.000000 1.000000
0.853661 -0.002557 -0.520823 2.067607 -0.011110 0.999671 -0.023118 86.687027 0.520711 0.025522 0.853351 69.111115 0.000000 0.000000 0.000000 1.000000
0.854382 0.002901 -0.519637 2.080678 -0.017624 0.999571 -0.023398 86.521622 0.519346 0.029149 0.854067 70.103477 0.000000 0.000000 0.000000 1.000000
0.853805 0.007792 -0.520534 2.129442 -0.023356 0.999454 -0.023349 86.405708 0.520068 0.032094 0.853521 71.186668 0.000000 0.000000 0.000000 1.000000
0.852012 0.012007 -0.523385 2.222628 -0.028264 0.999334 -0.023086 86.324066 0.522759 0.034463 0.851784 72.372734 0.000000 0.000000 0.000000 1.000000
0.849310 0.017609 -0.527601 2.376674 -0.034513 0.999157 -0.022210 86.202446 0.526765 0.037072 0.849202 73.733635 0.000000 0.000000 0.000000 1.000000
0.846653 0.023981 -0.531604 2.591495 -0.040991 0.998955 -0.020220 86.053391 0.530564 0.038911 0.846751 75.287636 0.000000 0.000000 0.000000 1.000000
0.843812 0.029034 -0.535852 2.887254 -0.045524 0.998809 -0.017569 85.967644 0.534704 0.039219 0.844129 76.945816 0.000000 0.000000 0.000000 1.000000
0.840059 0.030737 -0.541624 3.283147 -0.046246 0.998817 -0.015045 85.964432 0.540521 0.037687 0.840486 78.665092 0.000000 0.000000 0.000000 1.000000
0.835532 0.028251 -0.548715 3.734473 -0.042608 0.999001 -0.013446 86.003258 0.547787 0.034615 0.835901 80.448006 0.000000 0.000000 0.000000 1.000000
0.830766 0.022422 -0.556170 4.174346 -0.036010 0.999260 -0.013504 86.068626 0.555455 0.031246 0.830959 82.205910 0.000000 0.000000 0.000000 1.000000
0.826273 0.015105 -0.563067 4.594878 -0.028109 0.999501 -0.014436 86.126205 0.562568 0.027755 0.826285 83.930397 0.000000 0.000000 0.000000 1.000000
0.822109 0.007979 -0.569274 5.046303 -0.020187 0.999682 -0.015140 86.212585 0.568972 0.023939 0.822008 85.667778 0.000000 0.000000 0.000000 1.000000
0.818240 0.002979 -0.574869 5.563083 -0.014473 0.999776 -0.015418 86.323158 0.574695 0.020936 0.818100 87.438202 0.000000 0.000000 0.000000 1.000000
0.814943 0.000244 -0.579542 6.111521 -0.011455 0.999811 -0.015687 86.441818 0.579428 0.019422 0.814792 89.212372 0.000000 0.000000 0.000000 1.000000
0.812068 -0.001779 -0.583560 6.626291 -0.009351 0.999827 -0.016061 86.566116 0.583488 0.018499 0.811911 90.969032 0.000000 0.000000 0.000000 1.000000
0.808558 -0.004084 -0.588402 7.089448 -0.006737 0.999846 -0.016199 86.646591 0.588378 0.017062 0.808406 92.715950 0.000000 0.000000 0.000000 1.000000
0.803919 -0.006469 -0.594704 7.519876 -0.003769 0.999865 -0.015971 86.700081 0.594727 0.015081 0.803786 94.456093 0.000000 0.000000 0.000000 1.000000
0.799318 -0.007991 -0.600855 7.940038 -0.001754 0.999876 -0.015632 86.746956 0.600906 0.013549 0.799205 96.185196 0.000000 0.000000 0.000000 1.000000
0.796032 -0.008530 -0.605195 8.344513 -0.000988 0.999881 -0.015392 86.780098 0.605254 0.012850 0.795929 97.904480 0.000000 0.000000 0.000000 1.000000
0.793691 -0.008612 -0.608261 8.725316 -0.000840 0.999883 -0.015253 86.780136 0.608321 0.012617 0.793591 99.621361 0.000000 0.000000 0.000000 1.000000
0.791268 -0.008880 -0.611405 9.095068 -0.000512 0.999885 -0.015185 86.741180 0.611470 0.012329 0.791172 101.339966 0.000000 0.000000 0.000000 1.000000
0.788702 -0.009598 -0.614700 9.475147 0.000457 0.999887 -0.015027 86.680679 0.614775 0.011571 0.788617 103.049446 0.000000 0.000000 0.000000 1.000000
0.786629 -0.010608 -0.617335 9.863342 0.002180 0.999894 -0.014403 86.627808 0.617422 0.009984 0.786569 104.759949 0.000000 0.000000 0.000000 1.000000
0.785342 -0.011726 -0.618951 10.259686 0.004654 0.999904 -0.013038 86.598351 0.619045 0.007359 0.785321 106.490707 0.000000 0.000000 0.000000 1.000000
0.784670 -0.012492 -0.619788 10.673766 0.007324 0.999914 -0.010881 86.609871 0.619871 0.003998 0.784694 108.244705 0.000000 0.000000 0.000000 1.000000
0.784664 -0.012614 -0.619793 11.108969 0.009749 0.999920 -0.008008 86.660583 0.619845 0.000242 0.784725 109.998589 0.000000 0.000000 0.000000 1.000000
0.785659 -0.012208 -0.618539 11.561779 0.012002 0.999918 -0.004490 86.736298 0.618543 -0.003896 0.785741 111.710091 0.000000 0.000000 0.000000 1.000000
0.787877 -0.011419 -0.615726 12.018137 0.014219 0.999899 -0.000349 86.820038 0.615668 -0.008480 0.787960 113.351578 0.000000 0.000000 0.000000 1.000000
0.791498 -0.010576 -0.611080 12.437877 0.016535 0.999855 0.004112 86.791748 0.610948 -0.013358 0.791558 114.807076 0.000000 0.000000 0.000000 1.000000
0.795272 -0.009896 -0.606172 12.798232 0.019233 0.999775 0.008910 86.666214 0.605948 -0.018744 0.795284 116.115807 0.000000 0.000000 0.000000 1.000000
0.797853 -0.010116 -0.602768 13.115449 0.022981 0.999643 0.013642 86.505310 0.602415 -0.024736 0.797800 117.344879 0.000000 0.000000 0.000000 1.000000
0.799440 -0.011131 -0.600642 13.425866 0.027272 0.999470 0.017777 86.409149 0.600126 -0.030592 0.799320 118.566261 0.000000 0.000000 0.000000 1.000000
0.801871 -0.011903 -0.597379 13.699682 0.030498 0.999314 0.021026 86.390312 0.596718 -0.035079 0.801684 119.769585 0.000000 0.000000 0.000000 1.000000
0.806482 -0.011953 -0.591138 13.887658 0.031768 0.999227 0.023137 86.399712 0.590405 -0.037439 0.806239 120.882294 0.000000 0.000000 0.000000 1.000000
0.812664 -0.012188 -0.582605 14.003854 0.032110 0.999199 0.023886 86.413902 0.581847 -0.038118 0.812404 121.861977 0.000000 0.000000 0.000000 1.000000
0.818838 -0.013418 -0.573868 14.074434 0.032860 0.999183 0.023524 86.439568 0.573083 -0.038120 0.818610 122.725296 0.000000 0.000000 0.000000 1.000000
0.823970 -0.015727 -0.566415 14.081575 0.034585 0.999147 0.022568 86.448181 0.565576 -0.038185 0.823811 123.509361 0.000000 0.000000 0.000000 1.000000
0.828437 -0.018157 -0.559788 14.011971 0.036200 0.999120 0.021165 86.404350 0.558911 -0.037798 0.828366 124.257790 0.000000 0.000000 0.000000 1.000000
0.833300 -0.020600 -0.552437 13.886623 0.037325 0.999122 0.019045 86.337547 0.551559 -0.036490 0.833337 124.992485 0.000000 0.000000 0.000000 1.000000
0.839126 -0.023363 -0.543435 13.738130 0.038259 0.999138 0.016122 86.272278 0.542590 -0.034320 0.839296 125.715073 0.000000 0.000000 0.000000 1.000000
0.845875 -0.027475 -0.532673 13.566470 0.040436 0.999102 0.012678 86.200890 0.531846 -0.032263 0.846226 126.437737 0.000000 0.000000 0.000000 1.000000
0.853313 -0.033025 -0.520353 13.330364 0.044196 0.998982 0.009074 86.110054 0.519523 -0.030741 0.853903 127.174637 0.000000 0.000000 0.000000 1.000000
0.861032 -0.038381 -0.507101 13.061272 0.047699 0.998847 0.005390 86.022369 0.506309 -0.028829 0.861870 127.966576 0.000000 0.000000 0.000000 1.000000
0.868531 -0.042835 -0.493780 12.790298 0.050105 0.998743 0.001491 85.942924 0.493095 -0.026036 0.869586 128.838226 0.000000 0.000000 0.000000 1.000000
0.875550 -0.047997 -0.480737 12.505879 0.053443 0.998568 -0.002365 85.826622 0.480163 -0.023621 0.876861 129.804779 0.000000 0.000000 0.000000 1.000000
0.881676 -0.054442 -0.468703 12.205543 0.058318 0.998278 -0.006252 85.660652 0.468237 -0.021822 0.883334 130.868073 0.000000 0.000000 0.000000 1.000000
0.886850 -0.061564 -0.457938 11.912982 0.063766 0.997908 -0.010666 85.488327 0.457637 -0.019742 0.888920 132.018478 0.000000 0.000000 0.000000 1.000000
0.891596 -0.068102 -0.447681 11.614269 0.068314 0.997540 -0.015694 85.338585 0.447649 -0.016590 0.894056 133.254456 0.000000 0.000000 0.000000 1.000000
0.896353 -0.072692 -0.437341 11.338991 0.070719 0.997279 -0.020819 85.226471 0.437664 -0.012267 0.899055 134.580643 0.000000 0.000000 0.000000 1.000000
0.900482 -0.073759 -0.428592 11.091914 0.069381 0.997255 -0.025853 85.179337 0.429322 -0.006456 0.903128 135.974655 0.000000 0.000000 0.000000 1.000000
0.902444 -0.071630 -0.424810 10.861547 0.064502 0.997431 -0.031159 85.232826 0.425951 0.000718 0.904746 137.396835 0.000000 0.000000 0.000000 1.000000
0.901626 -0.067557 -0.427209 10.660545 0.057292 0.997677 -0.036853 85.392654 0.428706 0.008752 0.903402 138.813934 0.000000 0.000000 0.000000 1.000000
0.899709 -0.063759 -0.431809 10.436363 0.050497 0.997836 -0.042123 85.591759 0.433560 0.016094 0.900981 140.286484 0.000000 0.000000 0.000000 1.000000
0.899336 -0.059677 -0.433167 10.153185 0.043615 0.997945 -0.046932 85.801186 0.435078 0.023315 0.900091 141.819580 0.000000 0.000000 0.000000 1.000000
0.901615 -0.054956 -0.429033 9.805011 0.036111 0.997997 -0.051947 86.013680 0.431029 0.031344 0.901794 143.426086 0.000000 0.000000 0.000000 1.000000
0.905072 -0.050362 -0.422266 9.442726 0.028835 0.997945 -0.057218 86.209076 0.424280 0.039610 0.904664 145.066681 0.000000 0.000000 0.000000 1.000000
0.907279 -0.046487 -0.417951 9.134281 0.022688 0.997835 -0.061733 86.363258 0.419916 0.046527 0.906370 146.705917 0.000000 0.000000 0.000000 1.000000
0.906937 -0.043011 -0.419065 8.888592 0.017499 0.997762 -0.064535 86.437454 0.420903 0.051196 0.905660 148.323883 0.000000 0.000000 0.000000 1.000000
0.904781 -0.038830 -0.424103 8.661798 0.012063 0.997772 -0.065618 86.420753 0.425706 0.054254 0.903234 149.949158 0.000000 0.000000 0.000000 1.000000
0.901916 -0.034558 -0.430526 8.415964 0.006893 0.997819 -0.065654 86.396805 0.431856 0.056247 0.900187 151.616867 0.000000 0.000000 0.000000 1.000000
0.898626 -0.030960 -0.437621 8.164607 0.002681 0.997876 -0.065091 86.410316 0.438707 0.057319 0.896800 153.308136 0.000000 0.000000 0.000000 1.000000
0.894564 -0.027705 -0.446080 7.946391 -0.000910 0.997962 -0.063807 86.400749 0.446939 0.057486 0.892716 154.958527 0.000000 0.000000 0.000000 1.000000
0.889587 -0.024542 -0.456106 7.767926 -0.003904 0.998110 -0.061321 86.352028 0.456749 0.056332 0.887810 156.543457 0.000000 0.000000 0.000000 1.000000
0.884010 -0.021032 -0.466995 7.613773 -0.006594 0.998327 -0.057444 86.253349 0.467422 0.053861 0.882392 158.009155 0.000000 0.000000 0.000000 1.000000
0.878222 -0.016904 -0.477955 7.474762 -0.009396 0.998572 -0.052581 86.083961 0.478162 0.050669 0.876809 159.288574 0.000000 0.000000 0.000000 1.000000
0.872755 -0.012546 -0.487997 7.347932 -0.012160 0.998801 -0.047425 85.846298 0.488007 0.047324 0.871556 160.375244 0.000000 0.000000 0.000000 1.000000
0.868411 -0.008298 -0.495775 7.204469 -0.014694 0.998990 -0.042460 85.666412 0.495627 0.044158 0.867412 161.351486 0.000000 0.000000 0.000000 1.000000
0.865467 -0.005735 -0.500934 7.002438 -0.015218 0.999172 -0.037731 85.711182 0.500735 0.040278 0.864663 162.312820 0.000000 0.000000 0.000000 1.000000
0.863664 -0.006418 -0.504027 6.731577 -0.011953 0.999377 -0.033209 85.970581 0.503927 0.034706 0.863049 163.272568 0.000000 0.000000 0.000000 1.000000
0.863036 -0.009924 -0.505045 6.435447 -0.005481 0.999564 -0.029007 86.277939 0.505113 0.027802 0.862606 164.169647 0.000000 0.000000 0.000000 1.000000
0.863890 -0.014417 -0.503474 6.153265 0.002060 0.999683 -0.025090 86.531242 0.503676 0.020638 0.863646 164.971176 0.000000 0.000000 0.000000 1.000000
0.865676 -0.018232 -0.500273 5.895461 0.008837 0.999737 -0.021144 86.737602 0.500527 0.013883 0.865609 165.701752 0.000000 0.000000 0.000000 1.000000
0.867303 -0.020677 -0.497351 5.658196 0.014068 0.999756 -0.017033 86.913460 0.497582 0.007776 0.867382 166.406494 0.000000 0.000000 0.000000 1.000000
0.868273 -0.022549 -0.495574 5.435600 0.018524 0.999743 -0.013035 87.056763 0.495741 0.002138 0.868468 167.112595 0.000000 0.000000 0.000000 1.000000
0.868887 -0.024409 -0.494409 5.229044 0.022724 0.999697 -0.009420 87.156204 0.494489 -0.003051 0.869178 167.819717 0.000000 0.000000 0.000000 1.000000
0.869494 -0.025596 -0.493279 5.048002 0.025905 0.999645 -0.006208 87.188530 0.493263 -0.007381 0.869849 168.528824 0.000000 0.000000 0.000000 1.000000
0.869970 -0.025007 -0.492470 4.903090 0.026785 0.999635 -0.003442 87.131187 0.492376 -0.010196 0.870323 169.258224 0.000000 0.000000 0.000000 1.000000
0.869883 -0.021975 -0.492768 4.799343 0.024561 0.999698 -0.001222 86.998398 0.492646 -0.011040 0.870160 170.023682 0.000000 0.000000 0.000000 1.000000
0.868804 -0.016302 -0.494887 4.762854 0.019039 0.999819 0.000490 86.759224 0.494790 -0.009848 0.868957 170.828827 0.000000 0.000000 0.000000 1.000000
0.866785 -0.011174 -0.498556 4.747334 0.013862 0.999902 0.001690 86.539925 0.498489 -0.008376 0.866856 171.669296 0.000000 0.000000 0.000000 1.000000
0.864024 -0.007967 -0.503387 4.754478 0.010640 0.999940 0.002436 86.357674 0.503338 -0.007460 0.864058 172.524475 0.000000 0.000000 0.000000 1.000000
0.860808 -0.005705 -0.508899 4.804440 0.008488 0.999959 0.003149 86.173950 0.508860 -0.007030 0.860821 173.416672 0.000000 0.000000 0.000000 1.000000
0.857383 -0.002562 -0.514672 4.909040 0.005596 0.999975 0.004344 85.964546 0.514648 -0.006605 0.857376 174.378860 0.000000 0.000000 0.000000 1.000000
0.854266 0.000357 -0.519836 5.049015 0.003155 0.999978 0.005871 85.794083 0.519826 -0.006656 0.854246 175.376785 0.000000 0.000000 0.000000 1.000000
0.851824 0.001509 -0.523825 5.215520 0.002481 0.999973 0.006915 85.705139 0.523822 -0.007190 0.851798 176.364700 0.000000 0.000000 0.000000 1.000000
0.849531 0.003333 -0.527528 5.456041 0.000384 0.999976 0.006936 85.593636 0.527539 -0.006095 0.849509 177.405167 0.000000 0.000000 0.000000 1.000000
0.846967 0.007011 -0.531600 5.793839 -0.004735 0.999973 0.005644 85.426331 0.531625 -0.002264 0.846977 178.534943 0.000000 0.000000 0.000000 1.000000
0.843722 0.011213 -0.536664 6.215764 -0.011263 0.999932 0.003185 85.252113 0.536663 0.003357 0.843790 179.732346 0.000000 0.000000 0.000000 1.000000
0.839714 0.013256 -0.542868 6.694666 -0.015900 0.999874 -0.000178 85.132812 0.542797 0.008781 0.839818 180.942444 0.000000 0.000000 0.000000 1.000000
0.835613 0.011674 -0.549194 7.214760 -0.016799 0.999850 -0.004306 85.092316 0.549061 0.012824 0.835684 182.132401 0.000000 0.000000 0.000000 1.000000
0.832322 0.007222 -0.554245 7.772134 -0.014421 0.999859 -0.008629 85.127563 0.554105 0.015175 0.832309 183.317368 0.000000 0.000000 0.000000 1.000000
0.829698 0.001681 -0.558210 8.361332 -0.010188 0.999874 -0.012133 85.223473 0.558120 0.015754 0.829611 184.537033 0.000000 0.000000 0.000000 1.000000
0.826594 -0.003801 -0.562786 8.972689 -0.005247 0.999882 -0.014460 85.347839 0.562774 0.014905 0.826476 185.801910 0.000000 0.000000 0.000000 1.000000
0.822246 -0.008655 -0.569066 9.597989 -0.000529 0.999872 -0.015972 85.479080 0.569132 0.013434 0.822137 187.089737 0.000000 0.000000 0.000000 1.000000
0.817028 -0.012431 -0.576464 10.218782 0.003323 0.999852 -0.016850 85.601746 0.576588 0.011851 0.816949 188.372009 0.000000 0.000000 0.000000 1.000000
0.811727 -0.015447 -0.583833 10.840874 0.006811 0.999833 -0.016983 85.708717 0.583997 0.009809 0.811696 189.628601 0.000000 0.000000 0.000000 1.000000
0.806453 -0.018142 -0.591020 11.455538 0.010268 0.999808 -0.016680 85.787422 0.591209 0.007383 0.806485 190.860992 0.000000 0.000000 0.000000 1.000000
0.800824 -0.020929 -0.598534 12.053429 0.013821 0.999769 -0.016467 85.843925 0.598740 0.004914 0.800929 192.061096 0.000000 0.000000 0.000000 1.000000
0.794478 -0.023620 -0.606834 12.624330 0.017219 0.999718 -0.016369 85.883102 0.607049 0.002556 0.794660 193.225037 0.000000 0.000000 0.000000 1.000000
0.787271 -0.026242 -0.616049 13.159321 0.020595 0.999656 -0.016264 85.911118 0.616264 0.000117 0.787540 194.354233 0.000000 0.000000 0.000000 1.000000
0.779327 -0.029242 -0.625935 13.652696 0.024488 0.999569 -0.016207 85.931038 0.626139 -0.002698 0.779707 195.446320 0.000000 0.000000 0.000000 1.000000
0.771041 -0.032279 -0.635966 14.107455 0.028478 0.999463 -0.016203 85.964325 0.636148 -0.005618 0.771547 196.501282 0.000000 0.000000 0.000000 1.000000
0.762768 -0.034992 -0.645724 14.525568 0.032062 0.999353 -0.016282 86.028244 0.645876 -0.008284 0.763397 197.508759 0.000000 0.000000 0.000000 1.000000
0.754865 -0.037167 -0.654827 14.899367 0.034610 0.999259 -0.016819 86.137817 0.654967 -0.009968 0.755592 198.448792 0.000000 0.000000 0.000000 1.000000
0.747906 -0.038897 -0.662664 15.214175 0.035864 0.999191 -0.018172 86.282516 0.662835 -0.010175 0.748696 199.293900 0.000000 0.000000 0.000000 1.000000
0.742567 -0.040368 -0.668555 15.455299 0.036233 0.999142 -0.020085 86.423256 0.668791 -0.009309 0.743392 200.017868 0.000000 0.000000 0.000000 1.000000
0.739083 -0.041621 -0.672327 15.612347 0.036304 0.999100 -0.021941 86.522110 0.672635 -0.008192 0.739929 200.607620 0.000000 0.000000 0.000000 1.000000
0.737138 -0.042267 -0.674419 15.680753 0.035980 0.999081 -0.023287 86.565353 0.674783 -0.007100 0.737982 201.060654 0.000000 0.000000 0.000000 1.000000
0.736657 -0.041686 -0.674981 15.662223 0.034560 0.999115 -0.023987 86.572601 0.675383 -0.005657 0.737445 201.386383 0.000000 0.000000 0.000000 1.000000
0.737913 -0.040420 -0.673685 15.561393 0.032592 0.999175 -0.024250 86.558083 0.674109 -0.004062 0.738621 201.600739 0.000000 0.000000 0.000000 1.000000
0.740501 -0.039549 -0.670891 15.399788 0.031143 0.999214 -0.024530 86.536827 0.671333 -0.002730 0.741150 201.728577 0.000000 0.000000 0.000000 1.000000
0.743014 -0.039516 -0.668108 15.226654 0.030544 0.999217 -0.025132 86.519859 0.668578 -0.001733 0.743640 201.802673 0.000000 0.000000 0.000000 1.000000
0.744301 -0.039922 -0.666650 15.061087 0.030255 0.999202 -0.026058 86.504799 0.667158 -0.000774 0.744916 201.825806 0.000000 0.000000 0.000000 1.000000
0.744528 -0.040290 -0.666374 14.911968 0.029757 0.999188 -0.027166 86.488052 0.666928 0.000397 0.745122 201.812836 0.000000 0.000000 0.000000 1.000000
0.744731 -0.040509 -0.666135 14.773189 0.029113 0.999178 -0.028214 86.470810 0.666730 0.001619 0.745298 201.776215 0.000000 0.000000 0.000000 1.000000
0.745798 -0.040700 -0.664928 14.637485 0.028745 0.999168 -0.028917 86.458572 0.665552 0.002453 0.746348 201.722961 0.000000 0.000000 0.000000 1.000000
0.747902 -0.041009 -0.662541 14.501690 0.028857 0.999155 -0.029270 86.455811 0.663181 0.002772 0.748454 201.658096 0.000000 0.000000 0.000000 1.000000
0.750470 -0.041560 -0.659597 14.368212 0.029304 0.999132 -0.029613 86.462082 0.660255 0.002894 0.751036 201.585602 0.000000 0.000000 0.000000 1.000000
0.752680 -0.042385 -0.657021 14.243533 0.029923 0.999097 -0.030173 86.471489 0.657706 0.003050 0.753268 201.508621 0.000000 0.000000 0.000000 1.000000
0.754135 -0.043376 -0.655285 14.131992 0.030659 0.999054 -0.030848 86.476318 0.656003 0.003173 0.754752 201.431229 0.000000 0.000000 0.000000 1.000000
0.754997 -0.044304 -0.654230 14.032972 0.031390 0.999013 -0.031427 86.473991 0.654976 0.003191 0.755643 201.358383 0.000000 0.000000 0.000000 1.000000
0.755555 -0.044919 -0.653544 13.944913 0.031916 0.998986 -0.031765 86.470001 0.654307 0.003141 0.756222 201.294754 0.000000 0.000000 0.000000 1.000000
0.755841 -0.045215 -0.653192 13.868148 0.032175 0.998972 -0.031919 86.473320 0.653964 0.003109 0.756519 201.242172 0.000000 0.000000 0.000000 1.000000
0.755648 -0.045465 -0.653398 13.802965 0.032246 0.998961 -0.032218 86.490570 0.654183 0.003277 0.756329 201.197708 0.000000 0.000000 0.000000 1.000000
0.754908 -0.045857 -0.654226 13.749211 0.032202 0.998941 -0.032862 86.522743 0.655040 0.003740 0.755585 201.157837 0.000000 0.000000 0.000000 1.000000
0.753912 -0.046343 -0.655339 13.709328 0.032106 0.998916 -0.033704 86.564346 0.656191 0.004370 0.754582 201.122513 0.000000 0.000000 0.000000 1.000000
0.753024 -0.046932 -0.656317 13.687917 0.032113 0.998886 -0.034584 86.605576 0.657209 0.004967 0.753692 201.090683 0.000000 0.000000 0.000000 1.000000
0.752368 -0.047854 -0.657003 13.685199 0.032480 0.998840 -0.035557 86.638397 0.657942 0.005412 0.753049 201.060287 0.000000 0.000000 0.000000 1.000000
0.751975 -0.049279 -0.657347 13.693230 0.033356 0.998769 -0.036716 86.661858 0.658347 0.005683 0.752693 201.032516 0.000000 0.000000 0.000000 1.000000
0.751932 -0.051033 -0.657262 13.701528 0.034648 0.998681 -0.037904 86.680809 0.658329 0.005729 0.752708 201.011841 0.000000 0.000000 0.000000 1.000000
0.752161 -0.052667 -0.656871 13.705167 0.036051 0.998597 -0.038785 86.699020 0.657993 0.005492 0.753004 200.997238 0.000000 0.000000 0.000000 1.000000
0.752394 -0.053759 -0.656516 13.704947 0.037123 0.998541 -0.039221 86.717262 0.657667 0.005137 0.753291 200.980637 0.000000 0.000000 0.000000 1.000000
0.752473 -0.054274 -0.656383 13.701535 0.037618 0.998514 -0.039439 86.736595 0.657548 0.004986 0.753396 200.957367 0.000000 0.000000 0.000000 1.000000</float_array><technique_common><accessor source="#Hips-Matrix-animation-output-transform-array" count="211" stride="16"><param type="float4x4"/></accessor></technique_common></source><source id="Hips-Interpolations"><Name_array id="Hips-Interpolations-array" count="211">
 LINEAR LINEAR LINEAR LINEAR LINEAR LINEAR LINEAR LINEAR LINEAR LINEAR LINEAR
LINEAR LINEAR LINEAR LINEAR LINEAR LINEAR LINEAR LINEAR LINEAR LINEAR LINEAR LINEAR
LINEAR LINEAR LINEAR LINEAR LINEAR LINEAR LINEAR LINEAR LINEAR LINEAR LINEAR LINEAR
LINEAR LINEAR LINEAR LINEAR LINEAR LINEAR LINEAR LINEAR LINEAR LINEAR LINEAR LINEAR
LINEAR LINEAR LINEAR LINEAR LINEAR LINEAR LINEAR LINEAR LINEAR LINEAR LINEAR LINEAR
LINEAR LINEAR LINEAR LINEAR LINEAR LINEAR LINEAR LINEAR LINEAR LINEAR LINEAR LINEAR
LINEAR LINEAR LINEAR LINEAR LINEAR LINEAR LINEAR LINEAR LINEAR LINEAR LINEAR LINEAR
LINEAR LINEAR LINEAR LINEAR LINEAR LINEAR LINEAR LINEAR LINEAR LINEAR LINEAR LINEAR
LINEAR LINEAR LINEAR LINEAR LINEAR LINEAR LINEAR LINEAR LINEAR LINEAR LINEAR LINEAR
LINEAR LINEAR LINEAR LINEAR LINEAR LINEAR LINEAR LINEAR LINEAR LINEAR LINEAR LINEAR
LINEAR LINEAR LINEAR LINEAR LINEAR LINEAR LINEAR LINEAR LINEAR LINEAR LINEAR LINEAR
LINEAR LINEAR LINEAR LINEAR LINEAR LINEAR LINEAR LINEAR LINEAR LINEAR LINEAR LINEAR
LINEAR LINEAR LINEAR LINEAR LINEAR LINEAR LINEAR LINEAR LINEAR LINEAR LINEAR LINEAR
LINEAR LINEAR LINEAR LINEAR LINEAR LINEAR LINEAR LINEAR LINEAR LINEAR LINEAR LINEAR
LINEAR LINEAR LINEAR LINEAR LINEAR LINEAR LINEAR LINEAR LINEAR LINEAR LINEAR LINEAR
LINEAR LINEAR LINEAR LINEAR LINEAR LINEAR LINEAR LINEAR LINEAR LINEAR LINEAR LINEAR
LINEAR LINEAR LINEAR LINEAR LINEAR LINEAR LINEAR LINEAR LINEAR LINEAR LINEAR LINEAR
LINEAR LINEAR LINEAR LINEAR LINEAR LINEAR LINEAR LINEAR</Name_array><technique_common><accessor source="#Hips-Interpolations-array" count="211"><param type="name"/></accessor></technique_common></source><sampler id="Hips-Matrix-animation-transform"><input semantic="INPUT" source="#Hips-Matrix-animation-input"/><input semantic="OUTPUT" source="#Hips-Matrix-animation-output-transform"/><input semantic="INTERPOLATION" source="#Hips-Interpolations"/></sampler><channel source="#Hips-Matrix-animation-transform" target="Hips/matrix"/></animation>
    <animation id="Spine-anim" name="Spine"><source id="Spine-Matrix-animation-input"><float_array id="Spine-Matrix-animation-input-array" count="211">

0.000000 0.033333 0.066667 0.100000 0.133333 0.166667 0.200000 0.233333 0.266667 0.300000 0.333333 0.366667 0.400000 0.433333 0.466667 0.500000
0.533333 0.566667 0.600000 0.633333 0.666667 0.700000 0.733333 0.766667 0.800000 0.833333 0.866667 0.900000 0.933333 0.966667 1.000000 1.033333
1.066667 1.100000 1.133333 1.166667 1.200000 1.233333 1.266667 1.300000 1.333333 1.366667 1.400000 1.433333 1.466667 1.500000 1.533333 1.566667
1.600000 1.633333 1.666667 1.700000 1.733333 1.766667 1.800000 1.833333 1.866667 1.900000 1.933333 1.966667 2.000000 2.033333 2.066667 2.100000
2.133333 2.166667 2.200000 2.233333 2.266667 2.300000 2.333333 2.366667 2.400000 2.433333 2.466667 2.500000 2.533333 2.566667 2.600000 2.633333
2.666667 2.700000 2.733333 2.766667 2.800000 2.833333 2.866667 2.900000 2.933333 2.966667 3.000000 3.033333 3.066667 3.100000 3.133333 3.166667
3.200000 3.233333 3.266667 3.300000 3.333333 3.366667 3.400000 3.433333 3.466667 3.500000 3.533333 3.566667 3.600000 3.633333 3.666667 3.700000
3.733333 3.766667 3.800000 3.833333 3.866667 3.900000 3.933333 3.966667 4.000000 4.033333 4.066667 4.100000 4.133333 4.166667 4.200000 4.233333
4.266667 4.300000 4.333333 4.366667 4.400000 4.433333 4.466667 4.500000 4.533333 4.566667 4.600000 4.633333 4.666667 4.700000 4.733333 4.766667
4.800000 4.833333 4.866667 4.900000 4.933333 4.966667 5.000000 5.033333 5.066667 5.100000 5.133333 5.166667 5.200000 5.233333 5.266667 5.300000
5.333333 5.366667 5.400000 5.433333 5.466667 5.500000 5.533333 5.566667 5.600000 5.633333 5.666667 5.700000 5.733333 5.766667 5.800000 5.833333
5.866667 5.900000 5.933333 5.966667 6.000000 6.033333 6.066667 6.100000 6.133333 6.166667 6.200000 6.233333 6.266667 6.300000 6.333333 6.366667
6.400000 6.433333 6.466667 6.500000 6.533333 6.566667 6.600000 6.633333 6.666667 6.700000 6.733333 6.766667 6.800000 6.833333 6.866667 6.900000
6.933333 6.966667 7.000000</float_array><technique_common><accessor source="#Spine-Matrix-animation-input-array" count="211"><param name="TIME" type="float"/></accessor></technique_common></source><source id="Spine-Matrix-animation-output-transform"><float_array id="Spine-Matrix-animation-output-transform-array" count="3376">

0.999872 -0.015149 0.005068 0.000000 0.015368 0.998808 -0.046334 9.226300 -0.004360 0.046406 0.998913 1.577100 0.000000 0.000000 0.000000 1.000000
0.999871 -0.014778 0.006241 -0.000000 0.015053 0.998803 -0.046532 9.226300 -0.005546 0.046620 0.998897 1.577100 0.000000 0.000000 0.000000 1.000000
0.999868 -0.014519 0.007335 0.000000 0.014846 0.998798 -0.046705 9.226300 -0.006648 0.046808 0.998882 1.577100 0.000000 0.000000 0.000000 1.000000
0.999861 -0.014460 0.008294 0.000000 0.014833 0.998797 -0.046730 9.226300 -0.007608 0.046847 0.998873 1.577100 0.000000 0.000000 0.000000 1.000000
0.999854 -0.014521 0.009058 -0.000000 0.014929 0.998799 -0.046660 9.226300 -0.008369 0.046788 0.998870 1.577100 0.000000 0.000000 0.000000 1.000000
0.999848 -0.014553 0.009572 -0.000000 0.014984 0.998798 -0.046662 9.226300 -0.008881 0.046798 0.998865 1.577100 0.000000 0.000000 0.000000 1.000000
