<?xml version="1.0" encoding="utf-8"?>
<COLLADA xmlns="http://www.collada.org/2005/11/COLLADASchema" version="1.4.1">
  <asset><contributor><author>Mixamo</author><authoring_tool>COLLADA Mixamo exporter</authoring_tool><comments></comments></contributor><created>2018-12-18T20:45:51Z</created><modified>2018-12-18T20:45:51Z</modified><revision></revision><title></title><unit meter="0.010000"/><up_axis>Y_UP</up_axis></asset>
  <library_animations>
    <animation id="Hips-anim" name="Hips"><source id="Hips-Matrix-animation-input"><float_array id="Hips-Matrix-animation-input-array" count="27">

0.000000 0.033333 0.066667 0.100000 0.133333 0.166667 0.200000 0.233333 0.266667 0.300000 0.333333 0.366667 0.400000 0.433333 0.466667 0.500000
0.533333 0.566667 0.600000 0.633333 0.666667 0.700000 0.733333 0.766667 0.800000 0.833333 0.866667</float_array><technique_common><accessor source="#Hips-Matrix-animation-input-array" count="27"><param name="TIME" type="float"/></accessor></technique_common></source><source id="Hips-Matrix-animation-output-transform"><float_array id="Hips-Matrix-animation-output-transform-array" count="432">

0.995181 -0.059434 0.077994 0.478534 0.060812 0.998030 -0.015420 88.571068 -0.076923 0.020089 0.996835 -1.119384 0.000000 0.000000 0.000000 1.000000
0.995612 -0.043983 0.082597 -0.077424 0.045274 0.998879 -0.013822 88.121986 -0.081896 0.017501 0.996487 -0.715700 0.000000 0.000000 0.000000 1.000000
0.997036 -0.024395 0.072965 -0.684076 0.025208 0.999630 -0.010239 87.872749 -0.072688 0.012048 0.997282 -0.431418 0.000000 0.000000 0.000000 1.000000
0.998581 -0.000917 0.053238 -1.268780 0.001192 0.999986 -0.005137 87.957726 -0.053232 0.005193 0.998569 -0.455735 0.000000 0.000000 0.000000 1.000000
0.999216 0.016861 0.035818 -1.803129 -0.016801 0.999857 -0.001989 88.447289 -0.035846 0.001385 0.999356 -0.559464 0.000000 0.000000 0.000000 1.000000
0.999254 0.022632 0.031292 -2.242589 -0.022501 0.999737 -0.004516 89.392426 -0.031386 0.003808 0.999500 -0.568775 0.000000 0.000000 0.000000 1.000000
0.999165 0.018723 0.036302 -2.512195 -0.018292 0.999759 -0.012175 90.505386 -0.036521 0.011501 0.999267 -0.500232 0.000000 0.000000 0.000000 1.000000
0.999378 0.011955 0.033188 -2.553382 -0.011210 0.999683 -0.022541 91.411713 -0.033447 0.022154 0.999195 -0.446835 0.000000 0.000000 0.000000 1.000000
0.999965 0.005313 0.006495 -2.385871 -0.005076 0.999342 -0.035913 91.955620 -0.006681 0.035879 0.999334 -0.459884 0.000000 0.000000 0.000000 1.000000
0.999204 -0.001581 -0.039872 -2.087947 -0.000517 0.998618 -0.052547 92.182457 0.039900 0.052526 0.997822 -0.556825 0.000000 0.000000 0.000000 1.000000
0.996259 -0.005262 -0.086254 -1.732841 -0.000556 0.997733 -0.067290 91.987991 0.086412 0.067086 0.993998 -0.709205 0.000000 0.000000 0.000000 1.000000
0.992987 -0.001029 -0.118219 -1.367197 -0.007670 0.997295 -0.073106 91.275040 0.117975 0.073500 0.990293 -0.835497 0.000000 0.000000 0.000000 1.000000
0.990374 0.005368 -0.138314 -1.033405 -0.015242 0.997401 -0.070423 90.229790 0.137576 0.071853 0.987882 -0.848680 0.000000 0.000000 0.000000 1.000000
0.987762 0.002982 -0.155941 -0.752544 -0.013403 0.997742 -0.065816 89.341354 0.155392 0.067101 0.985571 -0.769623 0.000000 0.000000 0.000000 1.000000
0.985064 -0.014730 -0.171558 -0.482028 0.004150 0.998076 -0.061866 88.894806 0.172140 0.060230 0.983230 -0.565587 0.000000 0.000000 0.000000 1.000000
0.983106 -0.044926 -0.177439 -0.159117 0.035711 0.997859 -0.054788 88.717651 0.179520 0.047525 0.982606 -0.293287 0.000000 0.000000 0.000000 1.000000
0.980988 -0.086948 -0.173498 0.204227 0.080650 0.995813 -0.043042 88.366043 0.176514 0.028231 0.983893 -0.213782 0.000000 0.000000 0.000000 1.000000
0.978071 -0.120450 -0.169910 0.587898 0.116474 0.992638 -0.033212 88.205399 0.172660 0.012693 0.984900 -0.361045 0.000000 0.000000 0.000000 1.000000
0.975438 -0.134891 -0.174142 0.871733 0.131172 0.990819 -0.032743 88.576874 0.176960 0.009096 0.984176 -0.417120 0.000000 0.000000 0.000000 1.000000
0.975023 -0.130911 -0.179425 0.977432 0.125876 0.991271 -0.039217 89.413918 0.182993 0.015653 0.982990 -0.386730 0.000000 0.000000 0.000000 1.000000
0.978373 -0.116892 -0.170650 0.906834 0.110998 0.992859 -0.043716 90.383446 0.174542 0.023829 0.984361 -0.336972 0.000000 0.000000 0.000000 1.000000
0.985063 -0.100166 -0.140066 0.741774 0.095162 0.994576 -0.041996 91.115273 0.143513 0.028040 0.989251 -0.356924 0.000000 0.000000 0.000000 1.000000
0.991999 -0.083914 -0.094324 0.593314 0.080747 0.996051 -0.036908 91.392639 0.097048 0.028996 0.994857 -0.461764 0.000000 0.000000 0.000000 1.000000
0.996437 -0.070536 -0.046241 0.525422 0.069089 0.997091 -0.032178 91.119888 0.048377 0.028868 0.998412 -0.630787 0.000000 0.000000 0.000000 1.000000
0.998058 -0.062238 -0.002591 0.521964 0.062142 0.997678 -0.027886 90.368294 0.004321 0.027671 0.999608 -0.836942 0.000000 0.000000 0.000000 1.000000
0.997518 -0.059419 0.037786 0.517017 0.060292 0.997929 -0.022416 89.406242 -0.036375 0.024639 0.999034 -1.036135 0.000000 0.000000 0.000000 1.000000
0.995229 -0.058239 0.078274 0.476164 0.059618 0.998102 -0.015402 88.480469 -0.077229 0.019996 0.996813 -1.197160 0.000000 0.000000 0.000000 1.000000</float_array><technique_common><accessor source="#Hips-Matrix-animation-output-transform-array" count="27" stride="16"><param type="float4x4"/></accessor></technique_common></source><source id="Hips-Interpolations"><Name_array id="Hips-Interpolations-array" count="27">
 LINEAR LINEAR LINEAR LINEAR LINEAR LINEAR LINEAR LINEAR LINEAR LINEAR LINEAR
LINEAR LINEAR LINEAR LINEAR LINEAR LINEAR LINEAR LINEAR LINEAR LINEAR LINEAR LINEAR
LINEAR LINEAR LINEAR LINEAR</Name_array><technique_common><accessor source="#Hips-Interpolations-array" count="27"><param type="name"/></accessor></technique_common></source><sampler id="Hips-Matrix-animation-transform"><input semantic="INPUT" source="#Hips-Matrix-animation-input"/><input semantic="OUTPUT" source="#Hips-Matrix-animation-output-transform"/><input semantic="INTERPOLATION" source="#Hips-Interpolations"/></sampler><channel source="#Hips-Matrix-animation-transform" target="Hips/matrix"/></animation>
    <animation id="Spine-anim" name="Spine"><source id="Spine-Matrix-animation-input"><float_array id="Spine-Matrix-animation-input-array" count="27">

0.000000 0.033333 0.066667 0.100000 0.133333 0.166667 0.200000 0.233333 0.266667 0.300000 0.333333 0.366667 0.400000 0.433333 0.466667 0.500000
0.533333 0.566667 0.600000 0.633333 0.666667 0.700000 0.733333 0.766667 0.800000 0.833333 0.866667</float_array><technique_common><accessor source="#Spine-Matrix-animation-input-array" count="27"><param name="TIME" type="float"/></accessor></technique_common></source><source id="Spine-Matrix-animation-output-transform"><float_array id="Spine-Matrix-animation-output-transform-array" count="432">

0.999585 0.010704 -0.026763 -0.000000 -0.011477 0.999517 -0.028896 9.226300 0.026440 0.029191 0.999224 1.577100 0.000000 0.000000 0.000000 1.000000
0.999580 0.003743 -0.028745 0.000000 -0.004615 0.999529 -0.030341 9.226300 0.028618 0.030461 0.999126 1.577100 0.000000 0.000000 0.000000 1.000000
0.999546 -0.002764 -0.029993 0.000000 0.001835 0.999519 -0.030967 9.226300 0.030064 0.030898 0.999070 1.577100 0.000000 0.000000 0.000000 1.000000
0.999564 -0.006558 -0.028779 0.000000 0.005684 0.999523 -0.030344 9.226300 0.028964 0.030167 0.999125 1.577100 0.000000 0.000000 0.000000 1.000000
0.999587 -0.009259 -0.027204 0.000000 0.008422 0.999493 -0.030713 9.226300 0.027475 0.030471 0.999158 1.577100 0.000000 0.000000 0.000000 1.000000
0.999610 -0.010832 -0.025734 0.000000 0.010021 0.999455 -0.031457 9.226300 0.026060 0.031187 0.999174 1.577100 0.000000 0.000000 0.000000 1.000000
0.999633 -0.011066 -0.024712 0.000000 0.010285 0.999450 -0.031516 9.226300 0.025047 0.031250 0.999198 1.577100 0.000000 0.000000 0.000000 1.000000
0.999685 -0.011856 -0.022139 0.000000 0.011181 0.999475 -0.030397 9.226300 0.022488 0.030140 0.999293 1.577100 0.000000 0.000000 0.000000 1.000000
0.999788 -0.013828 -0.015264 0.000000 0.013401 0.999526 -0.027717 9.226300 0.015640 0.027507 0.999499 1.577100 0.000000 0.000000 0.000000 1.000000
0.999861 -0.015995 -0.004668 0.000000 0.015881 0.999598 -0.023474 9.226300 0.005042 0.023397 0.999714 1.577100 0.000000 0.000000 0.000000 1.000000
0.999777 -0.020204 0.006105 0.000000 0.020314 0.999622 -0.018521 9.226300 -0.005728 0.018641 0.999810 1.577100 0.000000 0.000000 0.000000 1.000000
0.999512 -0.027843 0.014140 0.000000 0.028041 0.999508 -0.014066 9.226300 -0.013742 0.014456 0.999801 1.577100 0.000000 0.000000 0.000000 1.000000
0.999375 -0.030323 0.018163 -0.000000 0.030535 0.999467 -0.011531 9.226300 -0.017804 0.012078 0.999769 1.577100 0.000000 0.000000 0.000000 1.000000
0.999635 -0.020309 0.017819 -0.000000 0.020519 0.999721 -0.011677 9.226300 -0.017577 0.012038 0.999773 1.577100 0.000000 0.000000 0.000000 1.000000
0.999902 -0.002224 0.013825 0.000000 0.002409 0.999907 -0.013408 9.226300 -0.013794 0.013440 0.999815 1.577100 0.000000 0.000000 0.000000 1.000000
0.999874 0.013364 0.008588 0.000000 -0.013233 0.999799 -0.015076 9.226300 -0.008788 0.014961 0.999849 1.577100 0.000000 0.000000 0.000000 1.000000
0.999424 0.033406 0.006013 0.000000 -0.033300 0.999301 -0.016972 9.226300 -0.006576 0.016762 0.999838 1.577100 0.000000 0.000000 0.000000 1.000000
0.998593 0.052526 0.007266 -0.000000 -0.052377 0.998441 -0.019308 9.226300 -0.008269 0.018900 0.999787 1.577100 0.000000 0.000000 0.000000 1.000000
0.997718 0.066722 0.010310 0.000000 -0.066493 0.997563 -0.021157 9.226300 -0.011696 0.020423 0.999723 1.577100 0.000000 0.000000 0.000000 1.000000
0.997374 0.071369 0.012294 0.000000 -0.071090 0.997233 -0.021756 9.226300 -0.013812 0.020825 0.999688 1.577100 0.000000 0.000000 0.000000 1.000000
0.997611 0.068195 0.011028 0.000000 -0.067945 0.997455 -0.021626 9.226300 -0.012475 0.020825 0.999705 1.577100 0.000000 0.000000 0.000000 1.000000
0.998058 0.062033 0.005700 0.000000 -0.061898 0.997853 -0.021379 9.226300 -0.007014 0.020985 0.999755 1.577100 0.000000 0.000000 0.000000 1.000000
0.998512 0.054484 -0.002454 0.000000 -0.054524 0.998286 -0.021267 9.226300 0.001291 0.021369 0.999771 1.577100 0.000000 0.000000 0.000000 1.000000
0.998941 0.044631 -0.011185 0.000000 -0.044870 0.998749 -0.022076 9.226300 0.010186 0.022555 0.999694 1.577100 0.000000 0.000000 0.000000 1.000000
0.999270 0.032961 -0.019291 0.000000 -0.033430 0.999140 -0.024517 9.226300 0.018467 0.025144 0.999513 1.577100 0.000000 0.000000 0.000000 1.000000
0.999485 0.021299 -0.023988 0.000000 -0.021940 0.999400 -0.026812 9.226300 0.023403 0.027324 0.999353 1.577100 0.000000 0.000000 0.000000 1.000000
0.999590 0.009496 -0.027010 0.000000 -0.010277 0.999529 -0.028929 9.226300 0.026723 0.029195 0.999216 1.577100 0.000000 0.000000 0.000000 1.000000</float_array><technique_common><accessor source="#Spine-Matrix-animation-output-transform-array" count="27" stride="16"><param type="float4x4"/></accessor></technique_common></source><source id="Spine-Interpolations"><Name_array id="Spine-Interpolations-array" count="27">
 LINEAR LINEAR LINEAR LINEAR LINEAR LINEAR LINEAR LINEAR LINEAR LINEAR LINEAR
LINEAR LINEAR LINEAR LINEAR LINEAR LINEAR LINEAR LINEAR LINEAR LINEAR LINEAR LINEAR
LINEAR LINEAR LINEAR LINEAR</Name_array><technique_common><accessor source="#Spine-Interpolations-array" count="27"><param type="name"/></accessor></technique_common></source><sampler id="Spine-Matrix-animation-transform"><input semantic="INPUT" source="#Spine-Matrix-animation-input"/><input semantic="OUTPUT" source="#Spine-Matrix-animation-output-transform"/><input semantic="INTERPOLATION" source="#Spine-Interpolations"/></sampler><channel source="#Spine-Matrix-animation-transform" target="Spine/matrix"/></animation>
    <animation id="Spine1-anim" name="Spine1"><source id="Spine1-Matrix-animation-input"><float_array id="Spine1-Matrix-animation-input-array" count="27">

0.000000 0.033333 0.066667 0.100000 0.133333 0.166667 0.200000 0.233333 0.266667 0.300000 0.333333 0.366667 0.400000 0.433333 0.466667 0.500000
0.533333 0.566667 0.600000 0.633333 0.666667 0.700000 0.733333 0.766667 0.800000 0.833333 0.866667</float_array><technique_common><accessor source="#Spine1-Matrix-animation-input-array" count="27"><param name="TIME" type="float"/></accessor></technique_common></source><source id="Spine1-Matrix-animation-output-transform"><float_array id="Spine1-Matrix-animation-output-transform-array" count="432">

0.996790 0.021277 -0.077183 0.000000 -0.025657 0.998089 -0.056214 16.254000 0.075839 0.058014 0.995431 -0.165600 0.000000 0.000000 0.000000 1.000000
0.996187 0.012810 -0.086295 0.000000 -0.017922 0.998113 -0.058722 16.254000 0.085380 0.060045 0.994538 -0.165600 0.000000 0.000000 0.000000 1.000000
0.995895 0.005020 -0.090374 0.000000 -0.010518 0.998116 -0.060453 16.254000 0.089900 0.061155 0.994071 -0.165600 0.000000 0.000000 0.000000 1.000000
0.996472 -0.000869 -0.083924 0.000000 -0.004303 0.998103 -0.061419 16.254000 0.083818 0.061564 0.994578 -0.165600 0.000000 0.000000 0.000000 1.000000
0.997196 -0.002946 -0.074774 -0.000000 -0.001807 0.997986 -0.063411 16.254000 0.074811 0.063368 0.995182 -0.165600 0.000000 0.000000 0.000000 1.000000
0.997721 -0.000286 -0.067468 0.000000 -0.004066 0.997919 -0.064355 16.254000 0.067346 0.064483 0.995644 -0.165600 0.000000 0.000000 0.000000 1.000000
0.998106 0.005509 -0.061271 0.000000 -0.009378 0.997967 -0.063047 16.254000 0.060799 0.063502 0.996128 -0.165600 0.000000 0.000000 0.000000 1.000000
0.998632 0.012550 -0.050770 0.000000 -0.015571 0.998104 -0.059550 16.254000 0.049926 0.060259 0.996933 -0.165600 0.000000 0.000000 0.000000 1.000000
0.999286 0.020383 -0.031825 -0.000000 -0.022079 0.998304 -0.053862 16.254000 0.030673 0.054526 0.998041 -0.165600 0.000000 0.000000 0.000000 1.000000
0.999564 0.028522 -0.007585 0.000000 -0.028845 0.998497 -0.046611 16.254000 0.006244 0.046809 0.998884 -0.165600 0.000000 0.000000 0.000000 1.000000
0.999292 0.035096 0.013524 -0.000000 -0.034532 0.998606 -0.039913 16.254000 -0.014906 0.039418 0.999112 -0.165600 0.000000 0.000000 0.000000 1.000000
0.998911 0.038373 0.026548 -0.000000 -0.037417 0.998664 -0.035636 16.254000 -0.027880 0.034604 0.999012 -0.165600 0.000000 0.000000 0.000000 1.000000
0.998630 0.039471 0.034357 0.000000 -0.038309 0.998692 -0.033849 16.254000 -0.035648 0.032486 0.998836 -0.165600 0.000000 0.000000 0.000000 1.000000
0.998238 0.041991 0.041916 -0.000000 -0.040604 0.998616 -0.033421 16.254000 -0.043261 0.031660 0.998562 -0.165600 0.000000 0.000000 0.000000 1.000000
0.997577 0.049536 0.048851 0.000000 -0.047919 0.998282 -0.033727 16.254000 -0.050438 0.031305 0.998236 -0.165600 0.000000 0.000000 0.000000 1.000000
0.996726 0.062976 0.050705 0.000000 -0.061229 0.997499 -0.035313 16.254000 -0.052802 0.032093 0.998089 -0.165600 0.000000 0.000000 0.000000 1.000000
0.995769 0.079369 0.046310 -0.000000 -0.077600 0.996228 -0.038821 16.254000 -0.049217 0.035063 0.998172 -0.165600 0.000000 0.000000 0.000000 1.000000
0.994933 0.092188 0.040127 -0.000000 -0.090474 0.994986 -0.042626 16.254000 -0.043856 0.038780 0.998285 -0.165600 0.000000 0.000000 0.000000 1.000000
0.994699 0.096212 0.036292 0.000000 -0.094580 0.994531 -0.044300 16.254000 -0.040356 0.040633 0.998359 -0.165600 0.000000 0.000000 0.000000 1.000000
0.995225 0.091773 0.033242 0.000000 -0.090289 0.994956 -0.043704 16.254000 -0.037085 0.040494 0.998491 -0.165600 0.000000 0.000000 0.000000 1.000000
0.996208 0.083072 0.025864 0.000000 -0.081920 0.995719 -0.042807 16.254000 -0.029309 0.040526 0.998749 -0.165600 0.000000 0.000000 0.000000 1.000000
0.997260 0.073090 0.011408 0.000000 -0.072544 0.996456 -0.042584 16.254000 -0.014480 0.041639 0.999028 -0.165600 0.000000 0.000000 0.000000 1.000000
0.998016 0.062426 -0.008209 0.000000 -0.062722 0.997110 -0.042873 16.254000 0.005509 0.043303 0.999047 -0.165600 0.000000 0.000000 0.000000 1.000000
0.998260 0.051214 -0.029234 0.000000 -0.052490 0.997621 -0.044689 16.254000 0.026875 0.046146 0.998573 -0.165600 0.000000 0.000000 0.000000 1.000000
0.997966 0.040015 -0.049619 0.000000 -0.042462 0.997882 -0.049287 16.254000 0.047541 0.051293 0.997551 -0.165600 0.000000 0.000000 0.000000 1.000000
0.997465 0.030390 -0.064336 0.000000 -0.033827 0.998021 -0.053014 16.254000 0.062598 0.055056 0.996519 -0.165600 0.000000 0.000000 0.000000 1.000000
0.996790 0.021277 -0.077183 0.000000 -0.025657 0.998089 -0.056214 16.254000 0.075839 0.058014 0.995431 -0.165600 0.000000 0.000000 0.000000 1.000000</float_array><technique_common><accessor source="#Spine1-Matrix-animation-output-transform-array" count="27" stride="16"><param type="float4x4"/></accessor></technique_common></source><source id="Spine1-Interpolations"><Name_array id="Spine1-Interpolations-array" count="27">
 LINEAR LINEAR LINEAR LINEAR LINEAR LINEAR LINEAR LINEAR LINEAR LINEAR LINEAR
LINEAR LINEAR LINEAR LINEAR LINEAR LINEAR LINEAR LINEAR LINEAR LINEAR LINEAR LINEAR
LINEAR LINEAR LINEAR LINEAR</Name_array><technique_common><accessor source="#Spine1-Interpolations-array" count="27"><param type="name"/></accessor></technique_common></source><sampler id="Spine1-Matrix-animation-transform"><input semantic="INPUT" source="#Spine1-Matrix-animation-input"/><input semantic="OUTPUT" source="#Spine1-Matrix-animation-output-transform"/><input semantic="INTERPOLATION" source="#Spine1-Interpolations"/></sampler><channel source="#Spine1-Matrix-animation-transform" target="Spine1/matrix"/></animation>
    <animation id="Spine2-anim" name="Spine2"><source id="Spine2-Matrix-animation-input"><float_array id="Spine2-Matrix-animation-input-array" count="27">

0.000000 0.033333 0.066667 0.100000 0.133333 0.166667 0.200000 0.233333 0.266667 0.300000 0.333333 0.366667 0.400000 0.433333 0.466667 0.500000
0.533333 0.566667 0.600000 0.633333 0.666667 0.700000 0.733333 0.766667 0.800000 0.833333 0.866667</float_array><technique_common><accessor source="#Spine2-Matrix-animation-input-array" count="27"><param name="TIME" type="float"/></accessor></technique_common></source><source id="Spine2-Matrix-animation-output-transform"><float_array id="Spine2-Matrix-animation-output-transform-array" count="432">

0.996790 0.021366 -0.077155 0.000000 -0.025749 0.998083 -0.056273 13.639600 0.075805 0.058079 0.995430 -1.292300 0.000000 0.000000 0.000000 1.000000
0.996193 0.012922 -0.086215 0.000000 -0.018038 0.998105 -0.058834 13.639600 0.085292 0.060165 0.994538 -1.292300 0.000000 0.000000 0.000000 1.000000
0.995903 0.005094 -0.090281 0.000000 -0.010596 0.998107 -0.060574 13.639600 0.089802 0.061282 0.994072 -1.292300 0.000000 0.000000 0.000000 1.000000
0.996474 -0.000949 -0.083900 -0.000000 -0.004224 0.998101 -0.061453 13.639600 0.083799 0.061591 0.994577 -1.292300 0.000000 0.000000 0.000000 1.000000
0.997193 -0.003110 -0.074811 -0.000000 -0.001641 0.997989 -0.063367 13.639600 0.074858 0.063312 0.995182 -1.292300 0.000000 0.000000 0.000000 1.000000
0.997717 -0.000415 -0.067525 0.000000 -0.003936 0.997923 -0.064297 13.639600 0.067411 0.064416 0.995644 -1.292300 0.000000 0.000000 0.000000 1.000000
0.998104 0.005461 -0.061304 0.000000 -0.009331 0.997968 -0.063024 13.639600 0.060835 0.063476 0.996127 -1.292300 0.000000 0.000000 0.000000 1.000000
0.998634 0.012561 -0.050727 -0.000000 -0.015581 0.998102 -0.059583 13.639600 0.049883 0.060292 0.996934 -1.292300 0.000000 0.000000 0.000000 1.000000
0.999290 0.020402 -0.031679 0.000000 -0.022092 0.998300 -0.053933 13.639600 0.030525 0.054595 0.998042 -1.292300 0.000000 0.000000 0.000000 1.000000
0.999566 0.028523 -0.007371 0.000000 -0.028837 0.998495 -0.046646 13.639600 0.006029 0.046839 0.998884 -1.292300 0.000000 0.000000 0.000000 1.000000
0.999289 0.035127 0.013723 0.000000 -0.034556 0.998609 -0.039830 13.639600 -0.015103 0.039327 0.999112 -1.292300 0.000000 0.000000 0.000000 1.000000
0.998902 0.038511 0.026666 0.000000 -0.037557 0.998667 -0.035405 13.639600 -0.027994 0.034365 0.999017 -1.292300 0.000000 0.000000 0.000000 1.000000
0.998619 0.039722 0.034387 0.000000 -0.038571 0.998693 -0.033528 13.639600 -0.035674 0.032156 0.998846 -1.292300 0.000000 0.000000 0.000000 1.000000
0.998228 0.042261 0.041895 0.000000 -0.040887 0.998615 -0.033118 13.639600 -0.043236 0.031346 0.998573 -1.292300 0.000000 0.000000 0.000000 1.000000
0.997569 0.049740 0.048802 0.000000 -0.048136 0.998279 -0.033509 13.639600 -0.050385 0.031078 0.998246 -1.292300 0.000000 0.000000 0.000000 1.000000
0.996721 0.063133 0.050606 0.000000 -0.061397 0.997494 -0.035160 13.639600 -0.052699 0.031937 0.998100 -1.292300 0.000000 0.000000 0.000000 1.000000
0.995765 0.079511 0.046148 0.000000 -0.077753 0.996221 -0.038705 13.639600 -0.049051 0.034953 0.998185 -1.292300 0.000000 0.000000 0.000000 1.000000
0.994930 0.092295 0.039944 0.000000 -0.090591 0.994978 -0.042562 13.639600 -0.043672 0.038728 0.998295 -1.292300 0.000000 0.000000 0.000000 1.000000
0.994699 0.096262 0.036153 0.000000 -0.094634 0.994526 -0.044305 13.639600 -0.040220 0.040649 0.998364 -1.292300 0.000000 0.000000 0.000000 1.000000
0.995227 0.091780 0.033164 0.000000 -0.090297 0.994953 -0.043753 13.639600 -0.037012 0.040550 0.998492 -1.292300 0.000000 0.000000 0.000000 1.000000
0.996210 0.083064 0.025802 0.000000 -0.081913 0.995718 -0.042860 13.639600 -0.029252 0.040584 0.998748 -1.292300 0.000000 0.000000 0.000000 1.000000
0.997262 0.073083 0.011310 0.000000 -0.072540 0.996455 -0.042604 13.639600 -0.014384 0.041667 0.999028 -1.292300 0.000000 0.000000 0.000000 1.000000
0.998015 0.062420 -0.008347 -0.000000 -0.062722 0.997111 -0.042847 13.639600 0.005648 0.043285 0.999047 -1.292300 0.000000 0.000000 0.000000 1.000000
0.998256 0.051209 -0.029374 0.000000 -0.052489 0.997624 -0.044631 13.639600 0.027018 0.046095 0.998572 -1.292300 0.000000 0.000000 0.000000 1.000000
0.997961 0.040015 -0.049724 0.000000 -0.042465 0.997884 -0.049227 13.639600 0.047649 0.051238 0.997549 -1.292300 0.000000 0.000000 0.000000 1.000000
0.997461 0.030430 -0.064379 -0.000000 -0.033868 0.998020 -0.053006 13.639600 0.062638 0.055052 0.996517 -1.292300 0.000000 0.000000 0.000000 1.000000
0.996790 0.021366 -0.077155 0.000000 -0.025749 0.998083 -0.056273 13.639600 0.075805 0.058079 0.995430 -1.292300 0.000000 0.000000 0.000000 1.000000</float_array><technique_common><accessor source="#Spine2-Matrix-animation-output-transform-array" count="27" stride="16"><param type="float4x4"/></accessor></technique_common></source><source id="Spine2-Interpolations"><Name_array id="Spine2-Interpolations-array" count="27">
 LINEAR LINEAR LINEAR LINEAR LINEAR LINEAR LINEAR LINEAR LINEAR LINEAR LINEAR
LINEAR LINEAR LINEAR LINEAR LINEAR LINEAR LINEAR LINEAR LINEAR LINEAR LINEAR LINEAR
LINEAR LINEAR LINEAR LINEAR</Name_array><technique_common><accessor source="#Spine2-Interpolations-array" count="27"><param type="name"/></accessor></technique_common></source><sampler id="Spine2-Matrix-animation-transform"><input semantic="INPUT" source="#Spine2-Matrix-animation-input"/><input semantic="OUTPUT" source="#Spine2-Matrix-animation-output-transform"/><input semantic="INTERPOLATION" source="#Spine2-Interpolations"/></sampler><channel source="#Spine2-Matrix-animation-transform" target="Spine2/matrix"/></animation>
    <animation id="Neck-anim" name="Neck"><source id="Neck-Matrix-animation-input"><float_array id="Neck-Matrix-animation-input-array" count="27">

0.000000 0.033333 0.066667 0.100000 0.133333 0.166667 0.200000 0.233333 0.266667 0.300000 0.333333 0.366667 0.400000 0.433333 0.466667 0.500000
0.533333 0.566667 0.600000 0.633333 0.666667 0.700000 0.733333 0.766667 0.800000 0.833333 0.866667</float_array><technique_common><accessor source="#Neck-Matrix-animation-input-array" count="27"><param name="TIME" type="float"/></accessor></technique_common></source><source id="Neck-Matrix-animation-output-transform"><float_array id="Neck-Matrix-animation-output-transform-array" count="432">

0.999952 0.003254 0.009254 0.000000 -0.003123 0.999895 -0.014167 13.877400 -0.009300 0.014137 0.999857 -4.354200 0.000000 0.000000 0.000000 1.000000
0.999918 0.006404 0.011112 -0.000000 -0.006280 0.999918 -0.011184 13.877400 -0.011183 0.011113 0.999876 -4.354200 0.000000 0.000000 0.000000 1.000000
0.999884 0.008148 0.012851 0.000000 -0.008042 0.999934 -0.008246 13.877400 -0.012918 0.008142 0.999883 -4.354200 0.000000 0.000000 0.000000 1.000000
0.999885 0.006172 0.013853 -0.000000 -0.006093 0.999965 -0.005704 13.877400 -0.013887 0.005619 0.999888 -4.354200 0.000000 0.000000 0.000000 1.000000
0.999913 0.002317 0.012951 0.000000 -0.002258 0.999987 -0.004575 13.877400 -0.012961 0.004546 0.999906 -4.354200 0.000000 0.000000 0.000000 1.000000
0.999945 0.000376 0.010493 0.000000 -0.000325 0.999988 -0.004895 13.877400 -0.010494 0.004892 0.999933 -4.354200 0.000000 0.000000 0.000000 1.000000
0.999969 0.001977 0.007681 0.000000 -0.001931 0.999980 -0.005974 13.877400 -0.007693 0.005959 0.999953 -4.354200 0.000000 0.000000 0.000000 1.000000
0.999971 0.005327 0.005366 0.000000 -0.005289 0.999961 -0.007125 13.877400 -0.005404 0.007097 0.999960 -4.354200 0.000000 0.000000 0.000000 1.000000
0.999964 0.007615 0.003631 0.000000 -0.007587 0.999941 -0.007794 13.877400 -0.003690 0.007767 0.999963 -4.354200 0.000000 0.000000 0.000000 1.000000
0.999967 0.007795 0.002344 0.000000 -0.007777 0.999940 -0.007707 13.877400 -0.002404 0.007688 0.999968 -4.354200 0.000000 0.000000 0.000000 1.000000
0.999980 0.006238 0.001371 0.000000 -0.006228 0.999953 -0.007451 13.877400 -0.001418 0.007442 0.999971 -4.354200 0.000000 0.000000 0.000000 1.000000
0.999995 0.003035 0.000370 -0.000000 -0.003032 0.999961 -0.008246 13.877400 -0.000395 0.008245 0.999966 -4.354200 0.000000 0.000000 0.000000 1.000000
0.999998 -0.001942 -0.000953 -0.000000 0.001932 0.999944 -0.010444 13.877400 0.000973 0.010442 0.999945 -4.354200 0.000000 0.000000 0.000000 1.000000
0.999966 -0.007920 -0.002356 0.000000 0.007889 0.999887 -0.012798 13.877400 0.002457 0.012779 0.999915 -4.354200 0.000000 0.000000 0.000000 1.000000
0.999908 -0.013139 -0.003311 0.000000 0.013091 0.999817 -0.013984 13.877400 0.003494 0.013940 0.999897 -4.354200 0.000000 0.000000 0.000000 1.000000
0.999868 -0.015870 -0.003611 0.000000 0.015816 0.999771 -0.014416 13.877400 0.003839 0.014356 0.999890 -4.354200 0.000000 0.000000 0.000000 1.000000
0.999876 -0.015415 -0.003296 0.000000 0.015361 0.999760 -0.015630 13.877400 0.003536 0.015578 0.999872 -4.354200 0.000000 0.000000 0.000000 1.000000
0.999919 -0.012541 -0.002250 0.000000 0.012498 0.999759 -0.018040 13.877400 0.002476 0.018011 0.999835 -4.354200 0.000000 0.000000 0.000000 1.000000
0.999957 -0.009215 -0.000455 0.000000 0.009204 0.999749 -0.020444 13.877400 0.000643 0.020439 0.999791 -4.354200 0.000000 0.000000 0.000000 1.000000
0.999971 -0.007448 0.001544 0.000000 0.007480 0.999731 -0.021949 13.877400 -0.001380 0.021960 0.999758 -4.354200 0.000000 0.000000 0.000000 1.000000
0.999965 -0.007764 0.002954 0.000000 0.007830 0.999704 -0.023054 13.877400 -0.002774 0.023076 0.999730 -4.354200 0.000000 0.000000 0.000000 1.000000
0.999955 -0.008852 0.003513 0.000000 0.008935 0.999667 -0.024209 13.877400 -0.003297 0.024240 0.999701 -4.354200 0.000000 0.000000 0.000000 1.000000
0.999953 -0.008927 0.003713 0.000000 0.009015 0.999657 -0.024582 13.877400 -0.003492 0.024615 0.999691 -4.354200 0.000000 0.000000 0.000000 1.000000
0.999965 -0.007241 0.004303 0.000000 0.007339 0.999704 -0.023180 13.877400 -0.004134 0.023211 0.999722 -4.354200 0.000000 0.000000 0.000000 1.000000
0.999975 -0.004283 0.005601 0.000000 0.004395 0.999785 -0.020267 13.877400 -0.005513 0.020291 0.999779 -4.354200 0.000000 0.000000 0.000000 1.000000
0.999973 -0.000592 0.007378 -0.000000 0.000719 0.999852 -0.017199 13.877400 -0.007367 0.017203 0.999825 -4.354200 0.000000 0.000000 0.000000 1.000000
0.999952 0.003254 0.009255 0.000000 -0.003123 0.999895 -0.014167 13.877400 -0.009300 0.014137 0.999857 -4.354200 0.000000 0.000000 0.000000 1.000000</float_array><technique_common><accessor source="#Neck-Matrix-animation-output-transform-array" count="27" stride="16"><param type="float4x4"/></accessor></technique_common></source><source id="Neck-Interpolations"><Name_array id="Neck-Interpolations-array" count="27">
 LINEAR LINEAR LINEAR LINEAR LINEAR LINEAR LINEAR LINEAR LINEAR LINEAR LINEAR
LINEAR LINEAR LINEAR LINEAR LINEAR LINEAR LINEAR LINEAR LINEAR LINEAR LINEAR LINEAR
LINEAR LINEAR LINEAR LINEAR</Name_array><technique_common><accessor source="#Neck-Interpolations-array" count="27"><param type="name"/></accessor></technique_common></source><sampler id="Neck-Matrix-animation-transform"><input semantic="INPUT" source="#Neck-Matrix-animation-input"/><input semantic="OUTPUT" source="#Neck-Matrix-animation-output-transform"/><input semantic="INTERPOLATION" source="#Neck-Interpolations"/></sampler><channel source="#Neck-Matrix-animation-transform" target="Neck/matrix"/></animation>
    <animation id="Neck1-anim" name="Neck1"><source id="Neck1-Matrix-animation-input"><float_array id="Neck1-Matrix-animation-input-array" count="27">

0.000000 0.033333 0.066667 0.100000 0.133333 0.166667 0.200000 0.233333 0.266667 0.300000 0.333333 0.366667 0.400000 0.433333 0.466667 0.500000
0.533333 0.566667 0.600000 0.633333 0.666667 0.700000 0.733333 0.766667 0.800000 0.833333 0.866667</float_array><technique_common><accessor source="#Neck1-Matrix-animation-input-array" count="27"><param name="TIME" type="float"/></accessor></technique_common></source><source id="Neck1-Matrix-animation-output-transform"><float_array id="Neck1-Matrix-animation-output-transform-array" count="432">

1.000000 0.000000 0.000000 0.000000 0.000000 1.000000 0.000000 4.340000 0.000000 0.000000 1.000000 0.926900 0.000000 0.000000 0.000000 1.000000
1.000000 -0.000000 -0.000000 0.000000 -0.000000 1.000000 0.000000 4.340000 0.000000 0.000000 1.000000 0.926900 0.000000 0.000000 0.000000 1.000000
1.000000 0.000000 0.000000 0.000000 0.000000 1.000000 -0.000000 4.340000 0.000000 -0.000000 1.000000 0.926900 0.000000 0.000000 0.000000 1.000000
1.000000 -0.000000 0.000000 -0.000000 0.000000 1.000000 0.000000 4.340000 0.000000 0.000000 1.000000 0.926900 0.000000 0.000000 0.000000 1.000000
1.000000 -0.000000 0.000000 0.000000 0.000000 1.000000 0.000000 4.340000 -0.000000 0.000000 1.000000 0.926900 0.000000 0.000000 0.000000 1.000000
1.000000 -0.000000 0.000000 0.000000 0.000000 1.000000 0.000000 4.340000 -0.000000 0.000000 1.000000 0.926900 0.000000 0.000000 0.000000 1.000000
1.000000 0.000000 0.000000 0.000000 0.000000 1.000000 0.000000 4.340000 0.000000 0.000000 1.000000 0.926900 0.000000 0.000000 0.000000 1.000000
1.000000 -0.000000 -0.000000 0.000000 -0.000000 1.000000 0.000000 4.340000 -0.000000 -0.000000 1.000000 0.926900 0.000000 0.000000 0.000000 1.000000
1.000000 0.000000 0.000000 0.000000 0.000000 1.000000 0.000000 4.340000 -0.000000 -0.000000 1.000000 0.926900 0.000000 0.000000 0.000000 1.000000
1.000000 -0.000000 0.000000 0.000000 -0.000000 1.000000 0.000000 4.340000 -0.000000 0.000000 1.000000 0.926900 0.000000 0.000000 0.000000 1.000000
1.000000 -0.000000 0.000000 0.000000 0.000000 1.000000 0.000000 4.340000 0.000000 0.000000 1.000000 0.926900 0.000000 0.000000 0.000000 1.000000
1.000000 -0.000000 0.000000 0.000000 0.000000 1.000000 0.000000 4.340000 0.000000 0.000000 1.000000 0.926900 0.000000 0.000000 0.000000 1.000000
1.000000 0.000000 -0.000000 0.000000 0.000000 1.000000 0.000000 4.340000 0.000000 0.000000 1.000000 0.926900 0.000000 0.000000 0.000000 1.000000
1.000000 -0.000000 0.000000 0.000000 -0.000000 1.000000 0.000000 4.340000 -0.000000 -0.000000 1.000000 0.926900 0.000000 0.000000 0.000000 1.000000
1.000000 0.000000 0.000000 0.000000 -0.000000 1.000000 0.000000 4.340000 -0.000000 0.000000 1.000000 0.926900 0.000000 0.000000 0.000000 1.000000
1.000000 0.000000 -0.000000 0.000000 0.000000 1.000000 0.000000 4.340000 0.000000 -0.000000 1.000000 0.926900 0.000000 0.000000 0.000000 1.000000
1.000000 -0.000000 -0.000000 0.000000 -0.000000 1.000000 -0.000000 4.340000 -0.000000 -0.000000 1.000000 0.926900 0.000000 0.000000 0.000000 1.000000
1.000000 -0.000000 0.000000 0.000000 -0.000000 1.000000 0.000000 4.340000 -0.000000 0.000000 1.000000 0.926900 0.000000 0.000000 0.000000 1.000000
1.000000 0.000000 -0.000000 0.000000 0.000000 1.000000 0.000000 4.340000 0.000000 -0.000000 1.000000 0.926900 0.000000 0.000000 0.000000 1.000000
1.000000 0.000000 -0.000000 0.000000 -0.000000 1.000000 -0.000000 4.340000 -0.000000 -0.000000 1.000000 0.926900 0.000000 0.000000 0.000000 1.000000
1.000000 -0.000000 0.000000 0.000000 -0.000000 1.000000 0.000000 4.340000 -0.000000 -0.000000 1.000000 0.926900 0.000000 0.000000 0.000000 1.000000
1.000000 -0.000000 -0.000000 0.000000 -0.000000 1.000000 -0.000000 4.340000 0.000000 0.000000 1.000000 0.926900 0.000000 0.000000 0.000000 1.000000
1.000000 -0.000000 0.000000 0.000000 0.000000 1.000000 -0.000000 4.340000 -0.000000 0.000000 1.000000 0.926900 0.000000 0.000000 0.000000 1.000000
1.000000 0.000000 0.000000 0.000000 0.000000 1.000000 0.000000 4.340000 0.000000 0.000000 1.000000 0.926900 0.000000 0.000000 0.000000 1.000000
1.000000 0.000000 -0.000000 -0.000000 -0.000000 1.000000 0.000000 4.340000 -0.000000 0.000000 1.000000 0.926900 0.000000 0.000000 0.000000 1.000000
1.000000 0.000000 -0.000000 0.000000 0.000000 1.000000 0.000000 4.340000 0.000000 0.000000 1.000000 0.926900 0.000000 0.000000 0.000000 1.000000
1.000000 0.000000 0.000000 -0.000000 -0.000000 1.000000 -0.000000 4.340000 -0.000000 -0.000000 1.000000 0.926900 0.000000 0.000000 0.000000 1.000000</float_array><technique_common><accessor source="#Neck1-Matrix-animation-output-transform-array" count="27" stride="16"><param type="float4x4"/></accessor></technique_common></source><source id="Neck1-Interpolations"><Name_array id="Neck1-Interpolations-array" count="27">
 LINEAR LINEAR LINEAR LINEAR LINEAR LINEAR LINEAR LINEAR LINEAR LINEAR LINEAR
LINEAR LINEAR LINEAR LINEAR LINEAR LINEAR LINEAR LINEAR LINEAR LINEAR LINEAR LINEAR
LINEAR LINEAR LINEAR LINEAR</Name_array><technique_common><accessor source="#Neck1-Interpolations-array" count="27"><param type="name"/></accessor></technique_common></source><sampler id="Neck1-Matrix-animation-transform"><input semantic="INPUT" source="#Neck1-Matrix-animation-input"/><input semantic="OUTPUT" source="#Neck1-Matrix-animation-output-transform"/><input semantic="INTERPOLATION" source="#Neck1-Interpolations"/></sampler><channel source="#Neck1-Matrix-animation-transform" target="Neck1/matrix"/></animation>
    <animation id="Head-anim" name="Head"><source id="Head-Matrix-animation-input"><float_array id="Head-Matrix-animation-input-array" count="27">

0.000000 0.033333 0.066667 0.100000 0.133333 0.166667 0.200000 0.233333 0.266667 0.300000 0.333333 0.366667 0.400000 0.433333 0.466667 0.500000
0.533333 0.566667 0.600000 0.633333 0.666667 0.700000 0.733333 0.766667 0.800000 0.833333 0.866667</float_array><technique_common><accessor source="#Head-Matrix-animation-input-array" count="27"><param name="TIME" type="float"/></accessor></technique_common></source><source id="Head-Matrix-animation-output-transform"><float_array id="Head-Matrix-animation-output-transform-array" count="432">

0.999113 -0.005550 0.041738 -0.000000 -0.001962 0.984058 0.177836 4.026600 -0.042060 -0.177760 0.983175 0.858500 0.000000 0.000000 0.000000 1.000000
0.998654 0.006282 0.051479 -0.000000 -0.015620 0.982977 0.183065 4.026600 -0.049452 -0.183623 0.981752 0.858500 0.000000 0.000000 0.000000 1.000000
0.997986 0.015713 0.061462 0.000000 -0.027060 0.981715 0.188422 4.026600 -0.057377 -0.189705 0.980163 0.858500 0.000000 0.000000 0.000000 1.000000
0.997415 0.017885 0.069588 -0.000000 -0.031252 0.980097 0.196045 4.026600 -0.064697 -0.197713 0.978123 0.858500 0.000000 0.000000 0.000000 1.000000
0.997737 0.009383 0.066578 0.000000 -0.022665 0.979193 0.201662 4.026600 -0.063300 -0.202715 0.977190 0.858500 0.000000 0.000000 0.000000 1.000000
0.998680 -0.006489 0.050950 0.000000 -0.003656 0.980492 0.196523 4.026600 -0.051231 -0.196450 0.979175 0.858500 0.000000 0.000000 0.000000 1.000000
0.999326 -0.021392 0.029846 0.000000 0.015620 0.983227 0.181716 4.026600 -0.033233 -0.181127 0.982898 0.858500 0.000000 0.000000 0.000000 1.000000
0.999505 -0.029240 0.011645 -0.000000 0.026931 0.986038 0.164331 4.026600 -0.016287 -0.163936 0.986337 0.858500 0.000000 0.000000 0.000000 1.000000
0.999551 -0.029962 -0.000003 0.000000 0.029619 0.988122 0.150788 4.026600 -0.004515 -0.150720 0.988566 0.858500 0.000000 0.000000 0.000000 1.000000
0.999605 -0.027473 -0.005888 0.000000 0.028039 0.988879 0.146058 4.026600 0.001810 -0.146165 0.989259 0.858500 0.000000 0.000000 0.000000 1.000000
0.999626 -0.025993 -0.008541 0.000000 0.026992 0.987941 0.152463 4.026600 0.004475 -0.152636 0.988272 0.858500 0.000000 0.000000 0.000000 1.000000
0.999575 -0.027212 -0.010420 0.000000 0.028559 0.985910 0.164822 4.026600 0.005788 -0.165050 0.986268 0.858500 0.000000 0.000000 0.000000 1.000000
0.999469 -0.030111 -0.012489 0.000000 0.031812 0.984594 0.171936 4.026600 0.007120 -0.172242 0.985029 0.858500 0.000000 0.000000 0.000000 1.000000
0.999320 -0.034119 -0.013987 0.000000 0.035982 0.985210 0.167528 4.026600 0.008065 -0.167918 0.985768 0.858500 0.000000 0.000000 0.000000 1.000000
0.999040 -0.041222 -0.014818 -0.000000 0.043043 0.986598 0.157390 4.026600 0.008131 -0.157877 0.987425 0.858500 0.000000 0.000000 0.000000 1.000000
0.998476 -0.052596 -0.016704 -0.000000 0.054530 0.986840 0.152229 4.026600 0.008478 -0.152908 0.988204 0.858500 0.000000 0.000000 0.000000 1.000000
0.997756 -0.064024 -0.019619 0.000000 0.066297 0.985685 0.155015 4.026600 0.009413 -0.155968 0.987717 0.858500 0.000000 0.000000 0.000000 1.000000
0.997471 -0.068356 -0.019463 0.000000 0.070589 0.984705 0.159292 4.026600 0.008276 -0.160263 0.987040 0.858500 0.000000 0.000000 0.000000 1.000000
0.997888 -0.063690 -0.012782 0.000000 0.064911 0.985260 0.158273 4.026600 0.002513 -0.158768 0.987313 0.858500 0.000000 0.000000 0.000000 1.000000
0.998429 -0.055992 -0.001941 0.000000 0.055642 0.986951 0.151099 4.026600 -0.006544 -0.150970 0.988517 0.858500 0.000000 0.000000 0.000000 1.000000
0.998614 -0.052139 0.007144 0.000000 0.050606 0.988642 0.141511 4.026600 -0.014441 -0.140953 0.989911 0.858500 0.000000 0.000000 0.000000 1.000000
0.998544 -0.052759 0.011208 0.000000 0.050778 0.989622 0.134426 4.026600 -0.018184 -0.133661 0.990860 0.858500 0.000000 0.000000 0.000000 1.000000
0.998536 -0.052665 0.012323 0.000000 0.050538 0.989641 0.134378 4.026600 -0.019272 -0.133558 0.990854 0.858500 0.000000 0.000000 0.000000 1.000000
0.998808 -0.046341 0.015326 -0.000000 0.043661 0.988628 0.143902 4.026600 -0.021820 -0.143061 0.989473 0.858500 0.000000 0.000000 0.000000 1.000000
0.999200 -0.032806 0.022873 0.000000 0.028696 0.986487 0.161308 4.026600 -0.027855 -0.160523 0.986639 0.858500 0.000000 0.000000 0.000000 1.000000
0.999302 -0.018953 0.032201 0.000000 0.013172 0.985166 0.171099 4.026600 -0.034966 -0.170556 0.984727 0.858500 0.000000 0.000000 0.000000 1.000000
0.999113 -0.005550 0.041738 0.000000 -0.001962 0.984058 0.177836 4.026600 -0.042060 -0.177760 0.983175 0.858500 0.000000 0.000000 0.000000 1.000000</float_array><technique_common><accessor source="#Head-Matrix-animation-output-transform-array" count="27" stride="16"><param type="float4x4"/></accessor></technique_common></source><source id="Head-Interpolations"><Name_array id="Head-Interpolations-array" count="27">
 LINEAR LINEAR LINEAR LINEAR LINEAR LINEAR LINEAR LINEAR LINEAR LINEAR LINEAR
LINEAR LINEAR LINEAR LINEAR LINEAR LINEAR LINEAR LINEAR LINEAR LINEAR LINEAR LINEAR
