<?xml version="1.0" encoding="utf-8"?>
<COLLADA xmlns="http://www.collada.org/2005/11/COLLADASchema" version="1.4.1">
  <asset><contributor><author>Mixamo</author><authoring_tool>COLLADA Mixamo exporter</authoring_tool><comments></comments></contributor><created>2018-12-18T20:47:55Z</created><modified>2018-12-18T20:47:55Z</modified><revision></revision><title></title><unit meter="0.010000"/><up_axis>Y_UP</up_axis></asset>
  <library_animations>
    <animation id="Hips-anim" name="Hips"><source id="Hips-Matrix-animation-input"><float_array id="Hips-Matrix-animation-input-array" count="88">

0.000000 0.033333 0.066667 0.100000 0.133333 0.166667 0.200000 0.233333 0.266667 0.300000 0.333333 0.366667 0.400000 0.433333 0.466667 0.500000
0.533333 0.566667 0.600000 0.633333 0.666667 0.700000 0.733333 0.766667 0.800000 0.833333 0.866667 0.900000 0.933333 0.966667 1.000000 1.033333
1.066667 1.100000 1.133333 1.166667 1.200000 1.233333 1.266667 1.300000 1.333333 1.366667 1.400000 1.433333 1.466667 1.500000 1.533333 1.566667
1.600000 1.633333 1.666667 1.700000 1.733333 1.766667 1.800000 1.833333 1.866667 1.900000 1.933333 1.966667 2.000000 2.033333 2.066667 2.100000
2.133333 2.166667 2.200000 2.233333 2.266667 2.300000 2.333333 2.366667 2.400000 2.433333 2.466667 2.500000 2.533333 2.566667 2.600000 2.633333
2.666667 2.700000 2.733333 2.766667 2.800000 2.833333 2.866667 2.900000</float_array><technique_common><accessor source="#Hips-Matrix-animation-input-array" count="88"><param name="TIME" type="float"/></accessor></technique_common></source><source id="Hips-Matrix-animation-output-transform"><float_array id="Hips-Matrix-animation-output-transform-array" count="1408">

0.843277 0.039005 -0.536062 0.012878 0.061500 0.983810 0.168330 87.897026 0.533949 -0.174917 0.827226 -0.026012 0.000000 0.000000 0.000000 1.000000
0.843310 0.038224 -0.536066 -0.273545 0.062365 0.983769 0.168255 88.359810 0.533797 -0.175323 0.827238 3.118769 0.000000 0.000000 0.000000 1.000000
0.844110 0.037169 -0.534880 -0.527458 0.063309 0.983706 0.168266 88.644646 0.532420 -0.175898 0.828003 6.083747 0.000000 0.000000 0.000000 1.000000
0.845740 0.035380 -0.532421 -0.813058 0.064786 0.983609 0.168274 88.794701 0.529648 -0.176809 0.829585 9.194526 0.000000 0.000000 0.000000 1.000000
0.848236 0.033858 -0.528535 -1.216815 0.065541 0.983573 0.168192 88.705376 0.525547 -0.177307 0.832083 12.575417 0.000000 0.000000 0.000000 1.000000
0.851554 0.032934 -0.523231 -1.521434 0.065139 0.983645 0.167926 87.976891 0.520204 -0.177081 0.835482 16.375320 0.000000 0.000000 0.000000 1.000000
0.855714 0.031993 -0.516459 -1.648457 0.064241 0.983797 0.167383 87.696518 0.513446 -0.176410 0.839793 20.367630 0.000000 0.000000 0.000000 1.000000
0.860743 0.030603 -0.508119 -1.791434 0.063291 0.984012 0.166480 87.837608 0.505090 -0.175456 0.845044 24.338072 0.000000 0.000000 0.000000 1.000000
0.866644 0.028623 -0.498105 -1.940587 0.062402 0.984295 0.165134 88.210121 0.495009 -0.174195 0.851247 28.440765 0.000000 0.000000 0.000000 1.000000
0.873397 0.025321 -0.486351 -1.841137 0.062369 0.984609 0.163266 88.926262 0.483000 -0.172930 0.858375 32.768265 0.000000 0.000000 0.000000 1.000000
0.880966 0.020222 -0.472747 -1.409391 0.063684 0.984929 0.160806 89.535774 0.468874 -0.171771 0.866402 36.676701 0.000000 0.000000 0.000000 1.000000
0.889327 0.013229 -0.457081 -0.918696 0.066395 0.985253 0.157698 89.826279 0.452427 -0.170593 0.875333 40.177124 0.000000 0.000000 0.000000 1.000000
0.898411 0.004770 -0.439130 -0.535402 0.069990 0.985605 0.153898 90.025253 0.433543 -0.168998 0.885144 43.747639 0.000000 0.000000 0.000000 1.000000
0.908152 -0.005085 -0.418609 -0.446975 0.074376 0.985979 0.149378 90.668541 0.411980 -0.166792 0.895797 47.176674 0.000000 0.000000 0.000000 1.000000
0.918365 -0.016472 -0.395391 -0.649218 0.079739 0.986343 0.144117 91.364891 0.387617 -0.163880 0.907136 50.448318 0.000000 0.000000 0.000000 1.000000
0.928827 -0.029440 -0.369341 -0.910791 0.086193 0.986659 0.138113 91.978165 0.360348 -0.160118 0.918973 53.740677 0.000000 0.000000 0.000000 1.000000
0.939268 -0.044111 -0.340339 -1.184176 0.093954 0.986869 0.131388 92.451370 0.330074 -0.155384 0.931078 56.998554 0.000000 0.000000 0.000000 1.000000
0.949364 -0.060570 -0.308284 -1.518858 0.103227 0.986900 0.123988 92.712723 0.296735 -0.149533 0.943180 60.261875 0.000000 0.000000 0.000000 1.000000
0.958733 -0.078812 -0.273165 -1.937308 0.114155 0.986669 0.115985 92.756653 0.260382 -0.142382 0.954949 63.544941 0.000000 0.000000 0.000000 1.000000
0.969608 -0.083019 -0.230148 -2.248363 0.111612 0.987177 0.114125 92.464767 0.217722 -0.136343 0.966441 66.923111 0.000000 0.000000 0.000000 1.000000
0.981711 -0.067852 -0.177876 -2.886214 0.090144 0.988625 0.120393 92.533600 0.167684 -0.134225 0.976661 71.060883 0.000000 0.000000 0.000000 1.000000
0.991548 -0.045626 -0.121451 -4.297400 0.061320 0.989773 0.128796 93.212433 0.114332 -0.135155 0.984206 75.768257 0.000000 0.000000 0.000000 1.000000
0.997621 -0.025597 -0.064008 -5.573078 0.034211 0.989934 0.137330 93.787201 0.059849 -0.139193 0.988455 79.670616 0.000000 0.000000 0.000000 1.000000
0.999630 -0.027209 -0.000704 -6.957815 0.026926 0.984793 0.171632 94.552338 -0.003977 -0.171587 0.985161 83.911484 0.000000 0.000000 0.000000 1.000000
0.997975 -0.046379 0.043535 -7.963065 0.036518 0.978106 0.204880 95.051590 -0.052084 -0.202875 0.977818 86.990814 0.000000 0.000000 0.000000 1.000000
0.994589 -0.057459 0.086553 -8.607618 0.034403 0.968283 0.247475 95.179199 -0.098027 -0.243158 0.965021 90.112099 0.000000 0.000000 0.000000 1.000000
0.990468 -0.068629 0.119432 -9.161873 0.037725 0.969045 0.243986 95.237038 -0.132480 -0.237155 0.962396 92.969742 0.000000 0.000000 0.000000 1.000000
0.983704 -0.081797 0.160110 -9.905359 0.043398 0.972211 0.230047 95.401451 -0.174478 -0.219350 0.959918 95.975792 0.000000 0.000000 0.000000 1.000000
0.976694 -0.081819 0.198430 -10.914511 0.039291 0.977027 0.209464 95.728683 -0.211010 -0.196786 0.957471 99.548271 0.000000 0.000000 0.000000 1.000000
0.972428 -0.078245 0.219686 -11.450541 0.037844 0.982492 0.182419 95.869972 -0.230113 -0.169076 0.958364 102.588348 0.000000 0.000000 0.000000 1.000000
0.968194 -0.078501 0.237567 -11.704487 0.046531 0.989435 0.137308 95.783424 -0.245836 -0.121887 0.961617 106.117432 0.000000 0.000000 0.000000 1.000000
0.960387 -0.079930 0.266959 -11.444085 0.059467 0.994699 0.083887 95.648132 -0.272249 -0.064689 0.960050 108.842133 0.000000 0.000000 0.000000 1.000000
0.951002 -0.081399 0.298278 -10.775013 0.069329 0.996297 0.050843 95.329941 -0.301312 -0.027672 0.953124 111.882065 0.000000 0.000000 0.000000 1.000000
0.943874 -0.083087 0.319686 -10.170328 0.076293 0.996514 0.033739 95.010262 -0.321375 -0.007456 0.946923 114.132347 0.000000 0.000000 0.000000 1.000000
0.934850 -0.084965 0.344727 -8.849051 0.091557 0.995796 -0.002856 94.153191 -0.343035 0.034232 0.938698 118.429024 0.000000 0.000000 0.000000 1.000000
0.925635 -0.083601 0.369066 -8.730558 0.103222 0.994087 -0.033705 93.156898 -0.364066 0.069294 0.928792 121.841026 0.000000 0.000000 0.000000 1.000000
0.912747 -0.078034 0.401004 -9.099172 0.114412 0.991134 -0.067549 92.353462 -0.392178 0.107535 0.913582 124.939621 0.000000 0.000000 0.000000 1.000000
0.898172 -0.067863 0.434375 -9.504706 0.123058 0.987328 -0.100201 91.598511 -0.422071 0.143451 0.895141 128.097931 0.000000 0.000000 0.000000 1.000000
0.875817 -0.042885 0.480734 -10.063400 0.125053 0.982193 -0.140207 90.401543 -0.466161 0.182913 0.865585 132.858139 0.000000 0.000000 0.000000 1.000000
0.855067 -0.021719 0.518062 -10.567195 0.124807 0.978369 -0.164979 89.036118 -0.503272 0.205726 0.839282 136.965546 0.000000 0.000000 0.000000 1.000000
0.835936 -0.013540 0.548660 -11.064546 0.134478 0.974274 -0.180847 87.231606 -0.532097 0.224960 0.816251 140.905579 0.000000 0.000000 0.000000 1.000000
0.817109 -0.012312 0.576352 -11.463778 0.147875 0.970797 -0.188908 84.641556 -0.557195 0.239586 0.795068 144.575058 0.000000 0.000000 0.000000 1.000000
0.803905 -0.022283 0.594341 -11.747596 0.163660 0.969008 -0.185035 81.233856 -0.571798 0.246020 0.782637 148.216904 0.000000 0.000000 0.000000 1.000000
0.794788 -0.040417 0.605540 -11.953075 0.181763 0.967831 -0.173972 76.730186 -0.579028 0.248335 0.776566 152.039108 0.000000 0.000000 0.000000 1.000000
0.789976 -0.058251 0.610365 -12.140576 0.203398 0.964004 -0.171250 71.586983 -0.578419 0.259430 0.773387 155.751556 0.000000 0.000000 0.000000 1.000000
0.782286 -0.079632 0.617808 -12.312769 0.235933 0.955781 -0.175549 64.231041 -0.576510 0.283091 0.766482 159.999634 0.000000 0.000000 0.000000 1.000000
0.767715 -0.085825 0.635018 -12.501118 0.249126 0.953006 -0.172383 58.009224 -0.590381 0.290540 0.753019 162.637238 0.000000 0.000000 0.000000 1.000000
0.744753 -0.074146 0.663208 -13.332923 0.256303 0.949369 -0.181679 51.463661 -0.616159 0.305288 0.726049 164.992981 0.000000 0.000000 0.000000 1.000000
0.710390 -0.070061 0.700312 -15.423867 0.303031 0.928527 -0.214500 46.496983 -0.635231 0.364595 0.680847 167.447662 0.000000 0.000000 0.000000 1.000000
0.703331 -0.057590 0.708526 -18.899124 0.356019 0.891240 -0.280966 44.480476 -0.615286 0.449861 0.647340 169.692734 0.000000 0.000000 0.000000 1.000000
0.678718 -0.091485 0.728679 -21.949768 0.472625 0.813850 -0.338043 44.199905 -0.562109 0.573828 0.595613 172.294235 0.000000 0.000000 0.000000 1.000000
0.662728 -0.099046 0.742281 -24.668724 0.555441 0.729837 -0.398526 43.567871 -0.502272 0.676408 0.538698 176.400436 0.000000 0.000000 0.000000 1.000000
0.638899 -0.072357 0.765880 -26.379166 0.614703 0.646615 -0.451697 42.080978 -0.462546 0.759377 0.457599 181.393417 0.000000 0.000000 0.000000 1.000000
0.598826 -0.066158 0.798142 -27.469257 0.693166 0.541999 -0.475139 39.466995 -0.401158 0.837771 0.370422 186.704285 0.000000 0.000000 0.000000 1.000000
0.540119 -0.049819 0.840113 -27.926079 0.768965 0.434875 -0.468589 35.692459 -0.341999 0.899112 0.273193 192.040588 0.000000 0.000000 0.000000 1.000000
0.447137 -0.035353 0.893767 -27.676064 0.850925 0.324770 -0.412858 30.998711 -0.275673 0.945132 0.175300 197.633911 0.000000 0.000000 0.000000 1.000000
0.356269 -0.022822 0.934105 -26.963018 0.914600 0.213144 -0.343622 25.911819 -0.191257 0.976754 0.096809 203.066849 0.000000 0.000000 0.000000 1.000000
0.333689 -0.011638 0.942611 -27.087317 0.941006 0.063731 -0.332334 23.170574 -0.056206 0.997899 0.032218 208.020416 0.000000 0.000000 0.000000 1.000000
0.350889 0.020897 0.936184 -27.264881 0.934756 -0.067338 -0.348851 23.208225 0.055751 0.997511 -0.043162 212.513138 0.000000 0.000000 0.000000 1.000000
0.376644 0.034772 0.925705 -27.063910 0.921941 -0.111539 -0.370922 24.439529 0.090355 0.993152 -0.074068 216.155960 0.000000 0.000000 0.000000 1.000000
0.404364 0.020050 0.914378 -27.590714 0.912003 -0.084096 -0.401470 25.664608 0.068846 0.996256 -0.052291 219.841843 0.000000 0.000000 0.000000 1.000000
0.445776 -0.006126 0.895124 -28.330936 0.894213 -0.042559 -0.445614 26.579651 0.040825 0.999075 -0.013494 223.572586 0.000000 0.000000 0.000000 1.000000
0.489630 -0.014506 0.871810 -29.057068 0.871839 -0.006371 -0.489752 27.348501 0.012659 0.999874 0.009528 226.660507 0.000000 0.000000 0.000000 1.000000
0.511486 0.047152 0.857997 -29.609360 0.859138 -0.009195 -0.511661 27.929983 -0.016237 0.998845 -0.045213 229.072418 0.000000 0.000000 0.000000 1.000000
0.500852 0.065873 0.863022 -29.384834 0.864953 -0.001602 -0.501850 27.822384 -0.031676 0.997827 -0.057779 230.920227 0.000000 0.000000 0.000000 1.000000
0.470017 0.087898 0.878270 -29.172705 0.881412 0.006100 -0.472309 27.235277 -0.046873 0.996111 -0.074607 232.395370 0.000000 0.000000 0.000000 1.000000
0.443863 0.101494 0.890328 -29.082094 0.894428 0.010385 -0.447091 26.517334 -0.054624 0.994782 -0.086170 233.309967 0.000000 0.000000 0.000000 1.000000
0.426719 0.111913 0.897433 -28.873159 0.903160 -0.001124 -0.429302 26.118292 -0.047036 0.993717 -0.101555 233.845352 0.000000 0.000000 0.000000 1.000000
0.435313 0.121249 0.892077 -28.453451 0.899865 -0.028558 -0.435232 26.252874 -0.027295 0.992211 -0.121539 234.151108 0.000000 0.000000 0.000000 1.000000
0.457695 0.115051 0.881634 -27.937595 0.889016 -0.044879 -0.455670 26.656143 -0.012858 0.992345 -0.122823 234.240433 0.000000 0.000000 0.000000 1.000000
0.486418 0.100323 0.867947 -27.293301 0.873606 -0.039387 -0.485037 26.953323 -0.014475 0.994175 -0.106801 233.787659 0.000000 0.000000 0.000000 1.000000
0.516424 0.085290 0.852075 -26.651285 0.855952 -0.021742 -0.516598 27.043283 -0.025536 0.996119 -0.084232 233.213562 0.000000 0.000000 0.000000 1.000000
0.541724 0.077520 0.836974 -26.074793 0.839719 -0.005487 -0.542993 26.980204 -0.037501 0.996976 -0.068068 232.573669 0.000000 0.000000 0.000000 1.000000
0.562497 0.066191 0.824146 -25.542255 0.825761 0.004977 -0.563999 26.846737 -0.041433 0.997795 -0.051858 231.902405 0.000000 0.000000 0.000000 1.000000
0.577372 0.055172 0.814615 -25.133373 0.815467 0.010761 -0.578704 26.750540 -0.040694 0.998419 -0.038778 231.322281 0.000000 0.000000 0.000000 1.000000
0.585588 0.052893 0.808881 -24.848200 0.809586 0.011942 -0.586879 26.752153 -0.040701 0.998529 -0.035828 230.931625 0.000000 0.000000 0.000000 1.000000
0.587635 0.056407 0.807157 -24.643639 0.808179 0.007319 -0.588891 26.849594 -0.039125 0.998381 -0.041286 230.733200 0.000000 0.000000 0.000000 1.000000
0.585565 0.061334 0.808302 -24.514967 0.809854 -0.000766 -0.586631 26.974077 -0.035361 0.998117 -0.050120 230.751358 0.000000 0.000000 0.000000 1.000000
0.582385 0.065020 0.810309 -24.429520 0.812256 -0.006482 -0.583264 27.000832 -0.032672 0.997863 -0.056588 230.792603 0.000000 0.000000 0.000000 1.000000
0.580178 0.066320 0.811785 -24.356844 0.813881 -0.008683 -0.580967 26.899401 -0.031481 0.997761 -0.059014 230.842850 0.000000 0.000000 0.000000 1.000000
0.579683 0.066827 0.812097 -24.301764 0.814253 -0.009632 -0.580430 26.731153 -0.030966 0.997718 -0.059997 230.894623 0.000000 0.000000 0.000000 1.000000
0.580346 0.065716 0.811714 -24.263449 0.813850 -0.011198 -0.580967 26.589788 -0.029090 0.997776 -0.059981 230.941864 0.000000 0.000000 0.000000 1.000000
0.581912 0.062990 0.810809 -24.228985 0.812813 -0.012294 -0.582395 26.513988 -0.026717 0.997938 -0.058353 230.959213 0.000000 0.000000 0.000000 1.000000
0.583295 0.059855 0.810052 -24.200993 0.811855 -0.011437 -0.583748 26.526751 -0.025676 0.998142 -0.055265 230.972565 0.000000 0.000000 0.000000 1.000000
0.584226 0.057893 0.809523 -24.184368 0.811156 -0.009019 -0.584760 26.546206 -0.026552 0.998282 -0.052229 230.934387 0.000000 0.000000 0.000000 1.000000
0.583954 0.057172 0.809771 -24.187901 0.811311 -0.006929 -0.584574 26.554581 -0.027810 0.998340 -0.050431 230.887466 0.000000 0.000000 0.000000 1.000000
0.582567 0.057168 0.810770 -24.214401 0.812262 -0.005251 -0.583269 26.542709 -0.029087 0.998351 -0.049495 230.860458 0.000000 0.000000 0.000000 1.000000
0.580513 0.057981 0.812184 -24.251923 0.813707 -0.004860 -0.581254 26.529638 -0.029754 0.998306 -0.050001 230.850204 0.000000 0.000000 0.000000 1.000000</float_array><technique_common><accessor source="#Hips-Matrix-animation-output-transform-array" count="88" stride="16"><param type="float4x4"/></accessor></technique_common></source><source id="Hips-Interpolations"><Name_array id="Hips-Interpolations-array" count="88">
 LINEAR LINEAR LINEAR LINEAR LINEAR LINEAR LINEAR LINEAR LINEAR LINEAR LINEAR
LINEAR LINEAR LINEAR LINEAR LINEAR LINEAR LINEAR LINEAR LINEAR LINEAR LINEAR LINEAR
LINEAR LINEAR LINEAR LINEAR LINEAR LINEAR LINEAR LINEAR LINEAR LINEAR LINEAR LINEAR
LINEAR LINEAR LINEAR LINEAR LINEAR LINEAR LINEAR LINEAR LINEAR LINEAR LINEAR LINEAR
LINEAR LINEAR LINEAR LINEAR LINEAR LINEAR LINEAR LINEAR LINEAR LINEAR LINEAR LINEAR
LINEAR LINEAR LINEAR LINEAR LINEAR LINEAR LINEAR LINEAR LINEAR LINEAR LINEAR LINEAR
LINEAR LINEAR LINEAR LINEAR LINEAR LINEAR LINEAR LINEAR LINEAR LINEAR LINEAR LINEAR
LINEAR LINEAR LINEAR LINEAR LINEAR</Name_array><technique_common><accessor source="#Hips-Interpolations-array" count="88"><param type="name"/></accessor></technique_common></source><sampler id="Hips-Matrix-animation-transform"><input semantic="INPUT" source="#Hips-Matrix-animation-input"/><input semantic="OUTPUT" source="#Hips-Matrix-animation-output-transform"/><input semantic="INTERPOLATION" source="#Hips-Interpolations"/></sampler><channel source="#Hips-Matrix-animation-transform" target="Hips/matrix"/></animation>
    <animation id="Spine-anim" name="Spine"><source id="Spine-Matrix-animation-input"><float_array id="Spine-Matrix-animation-input-array" count="88">

0.000000 0.033333 0.066667 0.100000 0.133333 0.166667 0.200000 0.233333 0.266667 0.300000 0.333333 0.366667 0.400000 0.433333 0.466667 0.500000
0.533333 0.566667 0.600000 0.633333 0.666667 0.700000 0.733333 0.766667 0.800000 0.833333 0.866667 0.900000 0.933333 0.966667 1.000000 1.033333
1.066667 1.100000 1.133333 1.166667 1.200000 1.233333 1.266667 1.300000 1.333333 1.366667 1.400000 1.433333 1.466667 1.500000 1.533333 1.566667
1.600000 1.633333 1.666667 1.700000 1.733333 1.766667 1.800000 1.833333 1.866667 1.900000 1.933333 1.966667 2.000000 2.033333 2.066667 2.100000
2.133333 2.166667 2.200000 2.233333 2.266667 2.300000 2.333333 2.366667 2.400000 2.433333 2.466667 2.500000 2.533333 2.566667 2.600000 2.633333
2.666667 2.700000 2.733333 2.766667 2.800000 2.833333 2.866667 2.900000</float_array><technique_common><accessor source="#Spine-Matrix-animation-input-array" count="88"><param name="TIME" type="float"/></accessor></technique_common></source><source id="Spine-Matrix-animation-output-transform"><float_array id="Spine-Matrix-animation-output-transform-array" count="1408">

0.992083 -0.096682 -0.080144 -0.000000 0.075534 0.969242 -0.234232 9.226300 0.100325 0.226324 0.968872 1.577100 0.000000 0.000000 0.000000 1.000000
0.992139 -0.096272 -0.079946 0.000000 0.075262 0.969459 -0.233421 9.226300 0.099976 0.225569 0.969084 1.577100 0.000000 0.000000 0.000000 1.000000
0.992146 -0.095978 -0.080222 0.000000 0.075151 0.970022 -0.231107 9.226300 0.099998 0.223263 0.969615 1.577100 0.000000 0.000000 0.000000 1.000000
0.992148 -0.095229 -0.081083 0.000000 0.074618 0.970958 -0.227314 9.226300 0.100375 0.219479 0.970440 1.577100 0.000000 0.000000 0.000000 1.000000
0.992054 -0.095144 -0.082322 0.000000 0.074794 0.972126 -0.222207 9.226300 0.101169 0.214284 0.971518 1.577100 0.000000 0.000000 0.000000 1.000000
0.991851 -0.096022 -0.083738 0.000000 0.076015 0.973455 -0.215885 9.226300 0.102245 0.207760 0.972821 1.577100 0.000000 0.000000 0.000000 1.000000
0.991602 -0.097083 -0.085446 0.000000 0.077501 0.974978 -0.208354 9.226300 0.103535 0.199982 0.974314 1.577100 0.000000 0.000000 0.000000 1.000000
0.991351 -0.097765 -0.087555 0.000000 0.078690 0.976706 -0.199633 9.226300 0.105033 0.191017 0.975951 1.577100 0.000000 0.000000 0.000000 1.000000
0.991116 -0.097837 -0.090094 0.000000 0.079353 0.978617 -0.189768 9.226300 0.106734 0.180933 0.977687 1.577100 0.000000 0.000000 0.000000 1.000000
0.990974 -0.096390 -0.093160 -0.000000 0.078593 0.980753 -0.178736 9.226300 0.108595 0.169801 0.979477 1.577100 0.000000 0.000000 0.000000 1.000000
0.990966 -0.092822 -0.096802 0.000000 0.075820 0.983117 -0.166531 9.226300 0.110625 0.157687 0.981273 1.577100 0.000000 0.000000 0.000000 1.000000
0.991069 -0.086981 -0.101078 0.000000 0.070883 0.985653 -0.153177 9.226300 0.112952 0.144644 0.983016 1.577100 0.000000 0.000000 0.000000 1.000000
0.991204 -0.079283 -0.105964 -0.000000 0.064212 0.988243 -0.138754 9.226300 0.115719 0.130730 0.984642 1.577100 0.000000 0.000000 0.000000 1.000000
0.991307 -0.069738 -0.111567 0.000000 0.055825 0.990798 -0.123298 9.226300 0.119139 0.115998 0.986078 1.577100 0.000000 0.000000 0.000000 1.000000
0.991330 -0.058096 -0.117850 0.000000 0.045510 0.993237 -0.106815 9.226300 0.123259 0.100526 0.987270 1.577100 0.000000 0.000000 0.000000 1.000000
0.991201 -0.044202 -0.124767 0.000000 0.033149 0.995452 -0.089313 9.226300 0.128147 0.084391 0.988158 1.577100 0.000000 0.000000 0.000000 1.000000
0.990824 -0.027819 -0.132262 0.000000 0.018553 0.997319 -0.070781 9.226300 0.133877 0.067677 0.988684 1.577100 0.000000 0.000000 0.000000 1.000000
0.990076 -0.008747 -0.140262 0.000000 0.001569 0.998687 -0.051203 9.226300 0.140526 0.050474 0.988790 1.577100 0.000000 0.000000 0.000000 1.000000
0.988809 0.013117 -0.148608 0.000000 -0.017851 0.999373 -0.030565 9.226300 0.148114 0.032876 0.988424 1.577100 0.000000 0.000000 0.000000 1.000000
0.987349 0.026923 -0.156258 0.000000 -0.029015 0.999517 -0.011124 9.226300 0.155883 0.015517 0.987654 1.577100 0.000000 0.000000 0.000000 1.000000
0.986052 0.030423 -0.163634 0.000000 -0.029697 0.999535 0.006882 9.226300 0.163767 -0.001927 0.986497 1.577100 0.000000 0.000000 0.000000 1.000000
0.984982 0.029144 -0.170181 0.000000 -0.025529 0.999400 0.023387 9.226300 0.170760 -0.018692 0.985135 1.577100 0.000000 0.000000 0.000000 1.000000
0.984292 0.025430 -0.174705 0.000000 -0.019295 0.999139 0.036727 9.226300 0.175488 -0.032779 0.983936 1.577100 0.000000 0.000000 0.000000 1.000000
0.985680 0.032502 -0.165465 -0.000000 -0.026443 0.998901 0.038692 9.226300 0.166541 -0.033762 0.985456 1.577100 0.000000 0.000000 0.000000 1.000000
0.987851 0.042245 -0.149551 0.000000 -0.037820 0.998762 0.032310 9.226300 0.150730 -0.026262 0.988226 1.577100 0.000000 0.000000 0.000000 1.000000
0.992040 0.049352 -0.115852 -0.000000 -0.047146 0.998652 0.021708 9.226300 0.116767 -0.016073 0.993029 1.577100 0.000000 0.000000 0.000000 1.000000
0.996098 0.056932 -0.067435 -0.000000 -0.054684 0.997899 0.034733 9.226300 0.069271 -0.030910 0.997119 1.577100 0.000000 0.000000 0.000000 1.000000
0.997719 0.065194 -0.017527 0.000000 -0.064453 0.997120 0.039969 9.226300 0.020082 -0.038749 0.999047 1.577100 0.000000 0.000000 0.000000 1.000000
0.997528 0.069724 0.008778 0.000000 -0.069985 0.996963 0.034166 9.226300 -0.006369 -0.034696 0.999378 1.577100 0.000000 0.000000 0.000000 1.000000
0.997282 0.073186 0.008558 -0.000000 -0.073417 0.996827 0.030757 9.226300 -0.006280 -0.031301 0.999490 1.577100 0.000000 0.000000 0.000000 1.000000
0.995578 0.092800 0.014555 -0.000000 -0.093259 0.995028 0.034958 9.226300 -0.011239 -0.036161 0.999283 1.577100 0.000000 0.000000 0.000000 1.000000
0.994370 0.104164 0.019450 0.000000 -0.104880 0.993665 0.040374 9.226300 -0.015121 -0.042187 0.998995 1.577100 0.000000 0.000000 0.000000 1.000000
0.993858 0.107884 0.024647 0.000000 -0.108852 0.993169 0.042042 9.226300 -0.019943 -0.044466 0.998812 1.577100 0.000000 0.000000 0.000000 1.000000
0.994186 0.104124 0.027426 0.000000 -0.105317 0.993355 0.046406 9.226300 -0.022412 -0.049025 0.998546 1.577100 0.000000 0.000000 0.000000 1.000000
0.995108 0.094281 0.029530 0.000000 -0.095745 0.994001 0.052864 9.226300 -0.024369 -0.055433 0.998165 1.577100 0.000000 0.000000 0.000000 1.000000
0.995703 0.087613 0.030006 0.000000 -0.089232 0.994337 0.057722 9.226300 -0.024779 -0.060152 0.997882 1.577100 0.000000 0.000000 0.000000 1.000000
0.995790 0.086766 0.029552 -0.000000 -0.088395 0.994325 0.059197 9.226300 -0.024248 -0.061560 0.997809 1.577100 0.000000 0.000000 0.000000 1.000000
0.996103 0.083526 0.028340 0.000000 -0.085074 0.994642 0.058728 9.226300 -0.023283 -0.060910 0.997872 1.577100 0.000000 0.000000 0.000000 1.000000
0.997471 0.066549 0.024972 0.000000 -0.067882 0.996062 0.057030 9.226300 -0.021079 -0.058581 0.998060 1.577100 0.000000 0.000000 0.000000 1.000000
0.998511 0.049960 0.021911 0.000000 -0.051090 0.997207 0.054481 9.226300 -0.019128 -0.055520 0.998274 1.577100 0.000000 0.000000 0.000000 1.000000
0.998632 0.047823 0.021153 -0.000000 -0.048824 0.997574 0.049630 9.226300 -0.018728 -0.050595 0.998544 1.577100 0.000000 0.000000 0.000000 1.000000
0.998571 0.049261 0.020727 0.000000 -0.050088 0.997884 0.041465 9.226300 -0.018641 -0.042444 0.998925 1.577100 0.000000 0.000000 0.000000 1.000000
0.998139 0.056056 0.024011 0.000000 -0.056768 0.997934 0.030070 9.226300 -0.022276 -0.031377 0.999259 1.577100 0.000000 0.000000 0.000000 1.000000
0.997306 0.067179 0.029474 0.000000 -0.067683 0.997571 0.016471 9.226300 -0.028296 -0.018421 0.999430 1.577100 0.000000 0.000000 0.000000 1.000000
0.996216 0.079941 0.034106 0.000000 -0.080036 0.996791 0.001415 9.226300 -0.033883 -0.004139 0.999417 1.577100 0.000000 0.000000 0.000000 1.000000
0.994655 0.095847 0.038396 -0.000000 -0.095229 0.995299 -0.017622 9.226300 -0.039904 0.013871 0.999107 1.577100 0.000000 0.000000 0.000000 1.000000
0.995560 0.085874 0.038536 -0.000000 -0.084598 0.995848 -0.033603 9.226300 -0.041262 0.030194 0.998692 1.577100 0.000000 0.000000 0.000000 1.000000
0.997385 0.061953 0.037205 0.000000 -0.060037 0.996915 -0.050566 9.226300 -0.040223 0.048200 0.998028 1.577100 0.000000 0.000000 0.000000 1.000000
0.997677 0.059305 0.033516 0.000000 -0.056816 0.995865 -0.070882 9.226300 -0.037581 0.068813 0.996921 1.577100 0.000000 0.000000 0.000000 1.000000
0.996866 0.067875 0.040638 0.000000 -0.062989 0.991781 -0.111365 9.226300 -0.047863 0.108456 0.992948 1.577100 0.000000 0.000000 0.000000 1.000000
0.995689 0.084169 0.038985 0.000000 -0.076435 0.982601 -0.169269 9.226300 -0.052554 0.165560 0.984798 1.577100 0.000000 0.000000 0.000000 1.000000
0.995659 0.083310 0.041499 0.000000 -0.072819 0.974955 -0.210145 9.226300 -0.057967 0.206211 0.976789 1.577100 0.000000 0.000000 0.000000 1.000000
0.997306 0.058189 0.044654 0.000000 -0.047868 0.977622 -0.204853 9.226300 -0.055574 0.202164 0.977774 1.577100 0.000000 0.000000 0.000000 1.000000
0.997740 0.061182 0.027778 0.000000 -0.054918 0.980724 -0.187519 9.226300 -0.038715 0.185570 0.981868 1.577100 0.000000 0.000000 0.000000 1.000000
0.998228 0.059230 0.005668 0.000000 -0.057511 0.984888 -0.163362 9.226300 -0.015258 0.162747 0.986550 1.577100 0.000000 0.000000 0.000000 1.000000
0.997913 0.062623 -0.015721 0.000000 -0.064142 0.989375 -0.130475 9.226300 0.007383 0.131211 0.991327 1.577100 0.000000 0.000000 0.000000 1.000000
0.996483 0.074042 -0.039242 0.000000 -0.077839 0.991292 -0.106211 9.226300 0.031037 0.108892 0.993569 1.577100 0.000000 0.000000 0.000000 1.000000
0.992425 0.112706 -0.048878 0.000000 -0.116700 0.989219 -0.088472 9.226300 0.038379 0.093506 0.994879 1.577100 0.000000 0.000000 0.000000 1.000000
0.993443 0.109947 -0.031357 0.000000 -0.112107 0.990597 -0.078414 9.226300 0.022441 0.081415 0.996428 1.577100 0.000000 0.000000 0.000000 1.000000
0.996892 0.075682 -0.021886 0.000000 -0.077051 0.994529 -0.070540 9.226300 0.016427 0.072007 0.997269 1.577100 0.000000 0.000000 0.000000 1.000000
0.999014 0.040755 -0.017605 0.000000 -0.042008 0.996077 -0.077887 9.226300 0.014362 0.078550 0.996807 1.577100 0.000000 0.000000 0.000000 1.000000
0.999784 0.016377 -0.012825 0.000000 -0.017576 0.994864 -0.099684 9.226300 0.011126 0.099888 0.994936 1.577100 0.000000 0.000000 0.000000 1.000000
0.999934 0.004796 -0.010427 -0.000000 -0.006006 0.992843 -0.119276 9.226300 0.009781 0.119331 0.992806 1.577100 0.000000 0.000000 0.000000 1.000000
0.999998 -0.002063 -0.000358 0.000000 0.002005 0.992727 -0.120372 9.226300 0.000603 0.120371 0.992729 1.577100 0.000000 0.000000 0.000000 1.000000
0.999997 0.002442 0.000776 -0.000000 -0.002318 0.991278 -0.131765 9.226300 -0.001091 0.131762 0.991281 1.577100 0.000000 0.000000 0.000000 1.000000
0.999989 -0.000763 -0.004633 0.000000 0.000128 0.990784 -0.135449 9.226300 0.004693 0.135447 0.990773 1.577100 0.000000 0.000000 0.000000 1.000000
0.999929 -0.002977 -0.011532 0.000000 0.001342 0.990253 -0.139275 9.226300 0.011834 0.139250 0.990187 1.577100 0.000000 0.000000 0.000000 1.000000
0.999832 -0.002361 -0.018166 0.000000 -0.000249 0.989813 -0.142370 9.226300 0.018317 0.142351 0.989647 1.577100 0.000000 0.000000 0.000000 1.000000
0.999797 0.002501 -0.020014 -0.000000 -0.005258 0.990292 -0.138900 9.226300 0.019473 0.138977 0.990104 1.577100 0.000000 0.000000 0.000000 1.000000
0.999747 0.009998 -0.020162 -0.000000 -0.012623 0.990825 -0.134560 9.226300 0.018632 0.134781 0.990700 1.577100 0.000000 0.000000 0.000000 1.000000
0.999536 0.020586 -0.022443 0.000000 -0.023409 0.990731 -0.133804 9.226300 0.019480 0.134267 0.990754 1.577100 0.000000 0.000000 0.000000 1.000000
0.999245 0.031865 -0.022236 -0.000000 -0.034568 0.990349 -0.134219 9.226300 0.017744 0.134886 0.990702 1.577100 0.000000 0.000000 0.000000 1.000000
0.998893 0.041657 -0.021860 -0.000000 -0.044215 0.990026 -0.133765 9.226300 0.016069 0.134584 0.990772 1.577100 0.000000 0.000000 0.000000 1.000000
0.998412 0.051911 -0.021870 0.000000 -0.054389 0.989427 -0.134445 9.226300 0.014660 0.135421 0.990680 1.577100 0.000000 0.000000 0.000000 1.000000
0.997909 0.060493 -0.022770 0.000000 -0.063050 0.988585 -0.136838 9.226300 0.014232 0.137987 0.990332 1.577100 0.000000 0.000000 0.000000 1.000000
0.997512 0.065720 -0.025495 0.000000 -0.068621 0.988082 -0.137785 9.226300 0.016136 0.139192 0.990134 1.577100 0.000000 0.000000 0.000000 1.000000
0.997098 0.070173 -0.029525 0.000000 -0.073605 0.987639 -0.138387 9.226300 0.019449 0.140158 0.989938 1.577100 0.000000 0.000000 0.000000 1.000000
0.996681 0.074356 -0.033136 -0.000000 -0.078233 0.987425 -0.137371 9.226300 0.022505 0.139508 0.989965 1.577100 0.000000 0.000000 0.000000 1.000000
0.996431 0.076405 -0.035888 -0.000000 -0.080643 0.987256 -0.137193 9.226300 0.024948 0.139597 0.989894 1.577100 0.000000 0.000000 0.000000 1.000000
0.996338 0.076889 -0.037398 -0.000000 -0.081359 0.987062 -0.138163 9.226300 0.026290 0.140700 0.989703 1.577100 0.000000 0.000000 0.000000 1.000000
0.996274 0.077485 -0.037882 0.000000 -0.082055 0.986810 -0.139549 9.226300 0.026570 0.142137 0.989490 1.577100 0.000000 0.000000 0.000000 1.000000
0.996192 0.078583 -0.037761 0.000000 -0.083167 0.986494 -0.141113 9.226300 0.026162 0.143716 0.989273 1.577100 0.000000 0.000000 0.000000 1.000000
0.996217 0.078547 -0.037184 0.000000 -0.083093 0.986255 -0.142819 9.226300 0.025455 0.145368 0.989050 1.577100 0.000000 0.000000 0.000000 1.000000
0.996300 0.077865 -0.036368 -0.000000 -0.082341 0.986066 -0.144546 9.226300 0.024607 0.147006 0.988829 1.577100 0.000000 0.000000 0.000000 1.000000
0.996409 0.076881 -0.035477 -0.000000 -0.081276 0.985914 -0.146177 9.226300 0.023739 0.148536 0.988622 1.577100 0.000000 0.000000 0.000000 1.000000
0.996505 0.075984 -0.034692 0.000000 -0.080305 0.985782 -0.147601 9.226300 0.022984 0.149871 0.988438 1.577100 0.000000 0.000000 0.000000 1.000000
0.996548 0.075602 -0.034289 -0.000000 -0.079887 0.985677 -0.148521 9.226300 0.022570 0.150748 0.988315 1.577100 0.000000 0.000000 0.000000 1.000000
0.996576 0.075359 -0.034014 0.000000 -0.079620 0.985600 -0.149176 9.226300 0.022283 0.151373 0.988225 1.577100 0.000000 0.000000 0.000000 1.000000</float_array><technique_common><accessor source="#Spine-Matrix-animation-output-transform-array" count="88" stride="16"><param type="float4x4"/></accessor></technique_common></source><source id="Spine-Interpolations"><Name_array id="Spine-Interpolations-array" count="88">
 LINEAR LINEAR LINEAR LINEAR LINEAR LINEAR LINEAR LINEAR LINEAR LINEAR LINEAR
LINEAR LINEAR LINEAR LINEAR LINEAR LINEAR LINEAR LINEAR LINEAR LINEAR LINEAR LINEAR
LINEAR LINEAR LINEAR LINEAR LINEAR LINEAR LINEAR LINEAR LINEAR LINEAR LINEAR LINEAR
LINEAR LINEAR LINEAR LINEAR LINEAR LINEAR LINEAR LINEAR LINEAR LINEAR LINEAR LINEAR
LINEAR LINEAR LINEAR LINEAR LINEAR LINEAR LINEAR LINEAR LINEAR LINEAR LINEAR LINEAR
LINEAR LINEAR LINEAR LINEAR LINEAR LINEAR LINEAR LINEAR LINEAR LINEAR LINEAR LINEAR
LINEAR LINEAR LINEAR LINEAR LINEAR LINEAR LINEAR LINEAR LINEAR LINEAR LINEAR LINEAR
LINEAR LINEAR LINEAR LINEAR LINEAR</Name_array><technique_common><accessor source="#Spine-Interpolations-array" count="88"><param type="name"/></accessor></technique_common></source><sampler id="Spine-Matrix-animation-transform"><input semantic="INPUT" source="#Spine-Matrix-animation-input"/><input semantic="OUTPUT" source="#Spine-Matrix-animation-output-transform"/><input semantic="INTERPOLATION" source="#Spine-Interpolations"/></sampler><channel source="#Spine-Matrix-animation-transform" target="Spine/matrix"/></animation>
    <animation id="Spine1-anim" name="Spine1"><source id="Spine1-Matrix-animation-input"><float_array id="Spine1-Matrix-animation-input-array" count="88">

0.000000 0.033333 0.066667 0.100000 0.133333 0.166667 0.200000 0.233333 0.266667 0.300000 0.333333 0.366667 0.400000 0.433333 0.466667 0.500000
0.533333 0.566667 0.600000 0.633333 0.666667 0.700000 0.733333 0.766667 0.800000 0.833333 0.866667 0.900000 0.933333 0.966667 1.000000 1.033333
1.066667 1.100000 1.133333 1.166667 1.200000 1.233333 1.266667 1.300000 1.333333 1.366667 1.400000 1.433333 1.466667 1.500000 1.533333 1.566667
1.600000 1.633333 1.666667 1.700000 1.733333 1.766667 1.800000 1.833333 1.866667 1.900000 1.933333 1.966667 2.000000 2.033333 2.066667 2.100000
2.133333 2.166667 2.200000 2.233333 2.266667 2.300000 2.333333 2.366667 2.400000 2.433333 2.466667 2.500000 2.533333 2.566667 2.600000 2.633333
2.666667 2.700000 2.733333 2.766667 2.800000 2.833333 2.866667 2.900000</float_array><technique_common><accessor source="#Spine1-Matrix-animation-input-array" count="88"><param name="TIME" type="float"/></accessor></technique_common></source><source id="Spine1-Matrix-animation-output-transform"><float_array id="Spine1-Matrix-animation-output-transform-array" count="1408">

0.999060 -0.014423 -0.040870 0.000000 0.012981 0.999292 -0.035327 16.254000 0.041351 0.034763 0.998540 -0.165600 0.000000 0.000000 0.000000 1.000000
0.999073 -0.014756 -0.040442 0.000000 0.013281 0.999245 -0.036508 16.254000 0.040950 0.035937 0.998515 -0.165600 0.000000 0.000000 0.000000 1.000000
0.999107 -0.015665 -0.039243 0.000000 0.014102 0.999108 -0.039806 16.254000 0.039832 0.039217 0.998437 -0.165600 0.000000 0.000000 0.000000 1.000000
0.999156 -0.017021 -0.037396 0.000000 0.015337 0.998875 -0.044874 16.254000 0.038118 0.044263 0.998292 -0.165600 0.000000 0.000000 0.000000 1.000000
0.999212 -0.018695 -0.035021 0.000000 0.016882 0.998537 -0.051366 16.254000 0.035930 0.050735 0.998066 -0.165600 0.000000 0.000000 0.000000 1.000000
0.999269 -0.020558 -0.032238 0.000000 0.018632 0.998088 -0.058938 16.254000 0.033388 0.058294 0.997741 -0.165600 0.000000 0.000000 0.000000 1.000000
0.999322 -0.022480 -0.029169 -0.000000 0.020477 0.997526 -0.067244 16.254000 0.030609 0.066601 0.997310 -0.165600 0.000000 0.000000 0.000000 1.000000
0.999367 -0.024333 -0.025936 0.000000 0.022301 0.996863 -0.075942 16.254000 0.027702 0.075315 0.996775 -0.165600 0.000000 0.000000 0.000000 1.000000
0.999405 -0.025986 -0.022658 -0.000000 0.023981 0.996119 -0.084688 16.254000 0.024771 0.084094 0.996150 -0.165600 0.000000 0.000000 0.000000 1.000000
0.999438 -0.027312 -0.019457 0.000000 0.025386 0.995329 -0.093140 16.254000 0.021910 0.092594 0.995463 -0.165600 0.000000 0.000000 0.000000 1.000000
0.999467 -0.028179 -0.016455 -0.000000 0.026378 0.994541 -0.100959 16.254000 0.019210 0.100471 0.994755 -0.165600 0.000000 0.000000 0.000000 1.000000
0.999500 -0.028460 -0.013773 0.000000 0.026813 0.993811 -0.107803 16.254000 0.016756 0.107379 0.994077 -0.165600 0.000000 0.000000 0.000000 1.000000
0.999541 -0.028025 -0.011531 0.000000 0.026540 0.993203 -0.113331 16.254000 0.014629 0.112973 0.993490 -0.165600 0.000000 0.000000 0.000000 1.000000
0.999594 -0.026744 -0.009852 -0.000000 0.025407 0.992783 -0.117202 16.254000 0.012915 0.116904 0.993059 -0.165600 0.000000 0.000000 0.000000 1.000000
0.999661 -0.024489 -0.008856 0.000000 0.023261 0.992613 -0.119069 16.254000 0.011706 0.118822 0.992847 -0.165600 0.000000 0.000000 0.000000 1.000000
0.999739 -0.021129 -0.008664 0.000000 0.019953 0.992744 -0.118580 16.254000 0.011107 0.118376 0.992907 -0.165600 0.000000 0.000000 0.000000 1.000000
0.999819 -0.016535 -0.009399 0.000000 0.015341 0.993203 -0.115376 16.254000 0.011242 0.115211 0.993277 -0.165600 0.000000 0.000000 0.000000 1.000000
0.999882 -0.010578 -0.011179 0.000000 0.009296 0.993989 -0.109086 16.254000 0.012266 0.108969 0.993969 -0.165600 0.000000 0.000000 0.000000 1.000000
0.999895 -0.003129 -0.014126 0.000000 0.001710 0.995053 -0.099328 16.254000 0.014367 0.099293 0.994955 -0.165600 0.000000 0.000000 0.000000 1.000000
0.999842 0.001018 -0.017750 0.000000 -0.002451 0.996722 -0.080865 16.254000 0.017610 0.080896 0.996567 -0.165600 0.000000 0.000000 0.000000 1.000000
0.999771 -0.001995 -0.021299 0.000000 0.000877 0.998627 -0.052370 16.254000 0.021374 0.052339 0.998401 -0.165600 0.000000 0.000000 0.000000 1.000000
0.999670 -0.006899 -0.024757 0.000000 0.006385 0.999764 -0.020751 16.254000 0.024895 0.020586 0.999478 -0.165600 0.000000 0.000000 0.000000 1.000000
0.999574 -0.008255 -0.027992 0.000000 0.008483 0.999932 0.008018 16.254000 0.027924 -0.008252 0.999576 -0.165600 0.000000 0.000000 0.000000 1.000000
0.999585 0.010823 -0.026680 0.000000 -0.010382 0.999808 0.016642 16.254000 0.026855 -0.016358 0.999505 -0.165600 0.000000 0.000000 0.000000 1.000000
0.999089 0.035874 -0.023123 -0.000000 -0.035693 0.999329 0.008210 16.254000 0.023402 -0.007377 0.999699 -0.165600 0.000000 0.000000 0.000000 1.000000
0.998247 0.058729 -0.007338 0.000000 -0.058786 0.998240 -0.007757 16.254000 0.006869 0.008175 0.999943 -0.165600 0.000000 0.000000 0.000000 1.000000
0.996976 0.075530 0.018281 0.000000 -0.075579 0.997138 0.001984 16.254000 -0.018078 -0.003360 0.999831 -0.165600 0.000000 0.000000 0.000000 1.000000
0.995190 0.088954 0.041042 0.000000 -0.089271 0.995990 0.005962 16.254000 -0.040347 -0.009597 0.999140 -0.165600 0.000000 0.000000 0.000000 1.000000
0.993969 0.093872 0.056698 0.000000 -0.093880 0.995580 -0.002532 16.254000 -0.056685 -0.002806 0.998388 -0.165600 0.000000 0.000000 0.000000 1.000000
0.994237 0.092942 0.053420 0.000000 -0.092776 0.995671 -0.005597 16.254000 -0.053709 0.000609 0.998556 -0.165600 0.000000 0.000000 0.000000 1.000000
0.993779 0.095564 0.057195 0.000000 -0.095875 0.995390 0.002718 16.254000 -0.056672 -0.008184 0.998359 -0.165600 0.000000 0.000000 0.000000 1.000000
0.992240 0.105727 0.065427 -0.000000 -0.106727 0.994216 0.011968 16.254000 -0.063783 -0.018858 0.997786 -0.165600 0.000000 0.000000 0.000000 1.000000
0.991258 0.108986 0.074362 0.000000 -0.110225 0.993825 0.012747 16.254000 -0.072514 -0.020833 0.997150 -0.165600 0.000000 0.000000 0.000000 1.000000
0.990767 0.109655 0.079734 0.000000 -0.111327 0.993641 0.016822 16.254000 -0.077382 -0.025543 0.996674 -0.165600 0.000000 0.000000 0.000000 1.000000
0.990237 0.110653 0.084773 0.000000 -0.113097 0.993280 0.024569 16.254000 -0.081485 -0.033917 0.996097 -0.165600 0.000000 0.000000 0.000000 1.000000
0.989815 0.112709 0.086966 0.000000 -0.115721 0.992817 0.030390 16.254000 -0.082916 -0.040145 0.995748 -0.165600 0.000000 0.000000 0.000000 1.000000
0.989240 0.117596 0.087035 0.000000 -0.120694 0.992199 0.031216 16.254000 -0.082685 -0.041385 0.995716 -0.165600 0.000000 0.000000 0.000000 1.000000
0.988964 0.120421 0.086304 -0.000000 -0.123335 0.991934 0.029258 16.254000 -0.082084 -0.039579 0.995839 -0.165600 0.000000 0.000000 0.000000 1.000000
0.988812 0.122616 0.084952 0.000000 -0.125150 0.991819 0.025151 16.254000 -0.081173 -0.035501 0.996068 -0.165600 0.000000 0.000000 0.000000 1.000000
0.988832 0.123756 0.083044 0.000000 -0.125863 0.991834 0.020607 16.254000 -0.079815 -0.030829 0.996333 -0.165600 0.000000 0.000000 0.000000 1.000000
0.988681 0.125635 0.082016 0.000000 -0.126994 0.991836 0.011548 16.254000 -0.079896 -0.021833 0.996564 -0.165600 0.000000 0.000000 0.000000 1.000000
0.988974 0.124410 0.080325 0.000000 -0.124388 0.992220 -0.005287 16.254000 -0.080358 -0.004762 0.996755 -0.165600 0.000000 0.000000 0.000000 1.000000
0.988583 0.124744 0.084514 0.000000 -0.122875 0.992055 -0.026982 16.254000 -0.087208 0.016290 0.996057 -0.165600 0.000000 0.000000 0.000000 1.000000
0.987925 0.124839 0.091754 0.000000 -0.120411 0.991344 -0.052327 16.254000 -0.097492 0.040647 0.994406 -0.165600 0.000000 0.000000 0.000000 1.000000
0.987962 0.120623 0.096858 0.000000 -0.113369 0.990548 -0.077214 16.254000 -0.105257 0.065304 0.992299 -0.165600 0.000000 0.000000 0.000000 1.000000
