<?xml version="1.0" encoding="utf-8"?>
<COLLADA xmlns="http://www.collada.org/2005/11/COLLADASchema" version="1.4.1">
  <asset><contributor><author>Mixamo</author><authoring_tool>COLLADA Mixamo exporter</authoring_tool><comments></comments></contributor><created>2018-12-19T14:20:41Z</created><modified>2018-12-19T14:20:41Z</modified><revision></revision><title></title><unit meter="0.010000"/><up_axis>Y_UP</up_axis></asset>
  <library_animations>
    <animation id="Hips-anim" name="Hips"><source id="Hips-Matrix-animation-input"><float_array id="Hips-Matrix-animation-input-array" count="41">

0.000000 0.033333 0.066667 0.100000 0.133333 0.166667 0.200000 0.233333 0.266667 0.300000 0.333333 0.366667 0.400000 0.433333 0.466667 0.500000
0.533333 0.566667 0.600000 0.633333 0.666667 0.700000 0.733333 0.766667 0.800000 0.833333 0.866667 0.900000 0.933333 0.966667 1.000000 1.033333
1.066667 1.100000 1.133333 1.166667 1.200000 1.233333 1.266667 1.300000 1.333333</float_array><technique_common><accessor source="#Hips-Matrix-animation-input-array" count="41"><param name="TIME" type="float"/></accessor></technique_common></source><source id="Hips-Matrix-animation-output-transform"><float_array id="Hips-Matrix-animation-output-transform-array" count="656">

0.843277 0.039007 -0.536062 0.012881 0.061497 0.983810 0.168330 87.897545 0.533949 -0.174915 0.827226 -0.026025 0.000000 0.000000 0.000000 1.000000
0.839557 0.037470 -0.541978 -0.216384 0.066690 0.982965 0.171264 88.839111 0.539163 -0.179931 0.822756 3.137739 0.000000 0.000000 0.000000 1.000000
0.836030 0.035940 -0.547506 -0.454133 0.070877 0.982418 0.172718 89.796974 0.544087 -0.183203 0.818783 6.389847 0.000000 0.000000 0.000000 1.000000
0.833094 0.034977 -0.552024 -0.696705 0.072905 0.982348 0.172269 90.681465 0.548305 -0.183762 0.815839 9.502446 0.000000 0.000000 0.000000 1.000000
0.829729 0.034189 -0.557118 -0.890365 0.073397 0.982772 0.169621 91.385780 0.553320 -0.181630 0.812925 12.322707 0.000000 0.000000 0.000000 1.000000
0.824120 0.036051 -0.565266 -1.009211 0.072043 0.983195 0.167739 91.913254 0.561815 -0.178961 0.807674 15.028775 0.000000 0.000000 0.000000 1.000000
0.816229 0.042530 -0.576161 -1.074670 0.067815 0.983339 0.168658 92.231461 0.573735 -0.176736 0.799745 17.932072 0.000000 0.000000 0.000000 1.000000
0.808340 0.050138 -0.586578 -1.039146 0.062884 0.983313 0.170707 92.293633 0.585348 -0.174876 0.791698 21.094013 0.000000 0.000000 0.000000 1.000000
0.801364 0.052832 -0.595839 -0.841054 0.062942 0.983115 0.171824 92.336533 0.594856 -0.175197 0.784508 24.397179 0.000000 0.000000 0.000000 1.000000
0.794138 0.053783 -0.605353 -0.461396 0.064769 0.982914 0.172296 92.398842 0.604277 -0.176035 0.777085 27.887043 0.000000 0.000000 0.000000 1.000000
0.784660 0.053508 -0.617613 0.090835 0.067159 0.983068 0.170493 92.313728 0.616278 -0.175257 0.767780 31.598553 0.000000 0.000000 0.000000 1.000000
0.773368 0.050135 -0.631972 0.605840 0.072903 0.983222 0.167214 91.906403 0.629752 -0.175391 0.756737 35.494423 0.000000 0.000000 0.000000 1.000000
0.764464 0.047184 -0.642938 1.190239 0.082788 0.981875 0.170495 91.316711 0.639329 -0.183565 0.746701 39.529766 0.000000 0.000000 0.000000 1.000000
0.760323 0.049476 -0.647658 1.877161 0.091814 0.978897 0.182566 90.538483 0.643023 -0.198273 0.739736 43.781460 0.000000 0.000000 0.000000 1.000000
0.757290 0.044199 -0.651581 2.621079 0.107663 0.975607 0.191308 89.861679 0.644143 -0.215027 0.734060 47.940666 0.000000 0.000000 0.000000 1.000000
0.752221 0.023028 -0.658509 3.247332 0.138751 0.971444 0.192468 89.404465 0.644137 -0.236148 0.727545 51.645973 0.000000 0.000000 0.000000 1.000000
0.752404 0.002088 -0.658699 3.680595 0.170521 0.965289 0.197838 89.253326 0.636248 -0.261176 0.725931 54.953156 0.000000 0.000000 0.000000 1.000000
0.766756 -0.004198 -0.641925 3.999494 0.178439 0.961964 0.206847 89.362396 0.616640 -0.273146 0.738341 58.139393 0.000000 0.000000 0.000000 1.000000
0.789005 -0.005829 -0.614359 4.211497 0.170118 0.962931 0.209342 89.676323 0.590365 -0.269685 0.760749 61.181866 0.000000 0.000000 0.000000 1.000000
0.807345 -0.012857 -0.589940 4.411307 0.164307 0.965121 0.203824 90.130821 0.566743 -0.261488 0.781298 64.097824 0.000000 0.000000 0.000000 1.000000
0.819706 -0.022228 -0.572353 4.626240 0.163837 0.966596 0.197102 90.651367 0.548853 -0.255338 0.795966 66.963821 0.000000 0.000000 0.000000 1.000000
0.830482 -0.027954 -0.556343 4.770152 0.162444 0.967483 0.193876 91.181564 0.532833 -0.251385 0.808019 69.806442 0.000000 0.000000 0.000000 1.000000
0.841751 -0.031193 -0.538963 4.804842 0.158139 0.968786 0.190910 91.670097 0.516185 -0.245930 0.820410 72.640282 0.000000 0.000000 0.000000 1.000000
0.851355 -0.035251 -0.523404 4.776670 0.152804 0.971139 0.183142 92.061417 0.501842 -0.235897 0.832170 75.453835 0.000000 0.000000 0.000000 1.000000
0.857236 -0.038593 -0.513475 4.720952 0.146779 0.974131 0.171828 92.224831 0.493560 -0.222664 0.840725 78.272812 0.000000 0.000000 0.000000 1.000000
0.859241 -0.040075 -0.509999 4.615512 0.139917 0.977325 0.158933 92.328583 0.492066 -0.207919 0.845364 81.104202 0.000000 0.000000 0.000000 1.000000
0.858823 -0.042787 -0.510482 4.425248 0.134014 0.980568 0.143274 92.342041 0.494432 -0.191459 0.847868 83.972191 0.000000 0.000000 0.000000 1.000000
0.858989 -0.048914 -0.509653 4.151355 0.130084 0.983611 0.124847 92.266647 0.495193 -0.173540 0.851274 86.956100 0.000000 0.000000 0.000000 1.000000
0.861703 -0.058457 -0.504035 3.817619 0.128444 0.986119 0.105222 92.023575 0.490888 -0.155411 0.857250 90.128998 0.000000 0.000000 0.000000 1.000000
0.866834 -0.063118 -0.494585 3.466005 0.123654 0.988180 0.090613 91.664963 0.483020 -0.139704 0.864393 93.413483 0.000000 0.000000 0.000000 1.000000
0.875790 -0.057808 -0.479218 3.104533 0.112152 0.990003 0.085538 91.257645 0.469483 -0.128658 0.873518 96.780647 0.000000 0.000000 0.000000 1.000000
0.890052 -0.045374 -0.453596 2.720042 0.093580 0.992029 0.084390 90.799393 0.446151 -0.117559 0.887203 100.358040 0.000000 0.000000 0.000000 1.000000
0.902144 -0.028741 -0.430476 2.331181 0.071876 0.993847 0.084274 90.299614 0.425405 -0.106968 0.898659 104.144989 0.000000 0.000000 0.000000 1.000000
0.901158 -0.014246 -0.433256 1.969934 0.058523 0.994308 0.089033 89.768158 0.429521 -0.105589 0.896863 107.969299 0.000000 0.000000 0.000000 1.000000
0.889249 -0.004979 -0.457397 1.622370 0.057087 0.993331 0.100174 89.293694 0.453848 -0.115191 0.883602 111.702240 0.000000 0.000000 0.000000 1.000000
0.877446 0.008860 -0.479594 1.248548 0.053299 0.991837 0.115836 88.528656 0.476706 -0.127202 0.869811 115.159500 0.000000 0.000000 0.000000 1.000000
0.868532 0.029937 -0.494729 0.921339 0.041557 0.990261 0.132878 87.544395 0.493888 -0.135968 0.858829 118.265221 0.000000 0.000000 0.000000 1.000000
0.859987 0.043556 -0.508453 0.681184 0.035779 0.988753 0.145216 87.072258 0.509059 -0.143076 0.848757 121.322380 0.000000 0.000000 0.000000 1.000000
0.852999 0.042571 -0.520174 0.460066 0.043497 0.987402 0.152137 87.139252 0.520097 -0.152399 0.840401 124.351509 0.000000 0.000000 0.000000 1.000000
0.847992 0.039150 -0.528561 0.234618 0.054038 0.985685 0.159703 87.447311 0.527247 -0.163989 0.833738 127.217896 0.000000 0.000000 0.000000 1.000000
0.843277 0.039007 -0.536061 0.011623 0.061497 0.983811 0.168330 87.897560 0.533949 -0.174915 0.827226 129.944794 0.000000 0.000000 0.000000 1.000000</float_array><technique_common><accessor source="#Hips-Matrix-animation-output-transform-array" count="41" stride="16"><param type="float4x4"/></accessor></technique_common></source><source id="Hips-Interpolations"><Name_array id="Hips-Interpolations-array" count="41">
 LINEAR LINEAR LINEAR LINEAR LINEAR LINEAR LINEAR LINEAR LINEAR LINEAR LINEAR
LINEAR LINEAR LINEAR LINEAR LINEAR LINEAR LINEAR LINEAR LINEAR LINEAR LINEAR LINEAR
LINEAR LINEAR LINEAR LINEAR LINEAR LINEAR LINEAR LINEAR LINEAR LINEAR LINEAR LINEAR
LINEAR LINEAR LINEAR LINEAR LINEAR LINEAR</Name_array><technique_common><accessor source="#Hips-Interpolations-array" count="41"><param type="name"/></accessor></technique_common></source><sampler id="Hips-Matrix-animation-transform"><input semantic="INPUT" source="#Hips-Matrix-animation-input"/><input semantic="OUTPUT" source="#Hips-Matrix-animation-output-transform"/><input semantic="INTERPOLATION" source="#Hips-Interpolations"/></sampler><channel source="#Hips-Matrix-animation-transform" target="Hips/matrix"/></animation>
    <animation id="Spine-anim" name="Spine"><source id="Spine-Matrix-animation-input"><float_array id="Spine-Matrix-animation-input-array" count="41">

0.000000 0.033333 0.066667 0.100000 0.133333 0.166667 0.200000 0.233333 0.266667 0.300000 0.333333 0.366667 0.400000 0.433333 0.466667 0.500000
0.533333 0.566667 0.600000 0.633333 0.666667 0.700000 0.733333 0.766667 0.800000 0.833333 0.866667 0.900000 0.933333 0.966667 1.000000 1.033333
1.066667 1.100000 1.133333 1.166667 1.200000 1.233333 1.266667 1.300000 1.333333</float_array><technique_common><accessor source="#Spine-Matrix-animation-input-array" count="41"><param name="TIME" type="float"/></accessor></technique_common></source><source id="Spine-Matrix-animation-output-transform"><float_array id="Spine-Matrix-animation-output-transform-array" count="656">

0.992083 -0.096685 -0.080144 0.000000 0.075536 0.969242 -0.234233 9.226300 0.100326 0.226325 0.968871 1.577100 0.000000 0.000000 0.000000 1.000000
0.991645 -0.091961 -0.090462 0.000000 0.068727 0.970096 -0.232786 9.226300 0.109164 0.224624 0.968312 1.577100 0.000000 0.000000 0.000000 1.000000
0.991182 -0.087260 -0.099717 0.000000 0.062290 0.971056 -0.230588 9.226300 0.116952 0.222344 0.967929 1.577100 0.000000 0.000000 0.000000 1.000000
0.991780 -0.081502 -0.098637 0.000000 0.057164 0.971911 -0.228299 9.226300 0.114473 0.220784 0.968582 1.577100 0.000000 0.000000 0.000000 1.000000
0.993025 -0.075232 -0.090780 0.000000 0.053042 0.972707 -0.225893 9.226300 0.105296 0.219502 0.969913 1.577100 0.000000 0.000000 0.000000 1.000000
0.994518 -0.068712 -0.078826 -0.000000 0.049424 0.973164 -0.224741 9.226300 0.092153 0.219613 0.971225 1.577100 0.000000 0.000000 0.000000 1.000000
0.995769 -0.063717 -0.066215 -0.000000 0.047244 0.973020 -0.225833 9.226300 0.078818 0.221750 0.971913 1.577100 0.000000 0.000000 0.000000 1.000000
0.996642 -0.059716 -0.056031 -0.000000 0.045438 0.972536 -0.228275 9.226300 0.068124 0.224962 0.971983 1.577100 0.000000 0.000000 0.000000 1.000000
0.997399 -0.053749 -0.048021 0.000000 0.041354 0.972432 -0.229489 9.226300 0.059032 0.226906 0.972126 1.577100 0.000000 0.000000 0.000000 1.000000
0.998026 -0.049458 -0.038699 0.000000 0.039301 0.972543 -0.229383 9.226300 0.048982 0.227409 0.972567 1.577100 0.000000 0.000000 0.000000 1.000000
0.998646 -0.045427 -0.025359 0.000000 0.038484 0.973014 -0.227516 9.226300 0.035010 0.226232 0.973444 1.577100 0.000000 0.000000 0.000000 1.000000
0.999063 -0.040986 -0.013889 0.000000 0.036822 0.973721 -0.224748 9.226300 0.022736 0.224027 0.974318 1.577100 0.000000 0.000000 0.000000 1.000000
0.999178 -0.039316 -0.009857 0.000000 0.036060 0.973273 -0.226802 9.226300 0.018510 0.226260 0.973891 1.577100 0.000000 0.000000 0.000000 1.000000
0.999107 -0.041439 -0.008241 -0.000000 0.038336 0.971133 -0.235438 9.226300 0.017760 0.234912 0.971854 1.577100 0.000000 0.000000 0.000000 1.000000
0.999221 -0.038647 -0.007976 0.000000 0.035599 0.970022 -0.240394 9.226300 0.017028 0.239923 0.970643 1.577100 0.000000 0.000000 0.000000 1.000000
0.999662 -0.021689 -0.014343 -0.000000 0.017587 0.970263 -0.241413 9.226300 0.019153 0.241079 0.970316 1.577100 0.000000 0.000000 0.000000 1.000000
0.999552 0.000208 -0.029914 0.000000 -0.007620 0.968759 -0.247888 9.226300 0.028928 0.248005 0.968327 1.577100 0.000000 0.000000 0.000000 1.000000
0.998736 0.006226 -0.049884 0.000000 -0.018790 0.966612 -0.255555 9.226300 0.046627 0.256170 0.965507 1.577100 0.000000 0.000000 0.000000 1.000000
0.997611 -0.001226 -0.069065 0.000000 -0.016486 0.966725 -0.255285 9.226300 0.067080 0.255814 0.964396 1.577100 0.000000 0.000000 0.000000 1.000000
0.996218 -0.007808 -0.086532 0.000000 -0.014065 0.968324 -0.249302 9.226300 0.085738 0.249576 0.964552 1.577100 0.000000 0.000000 0.000000 1.000000
0.994837 -0.009382 -0.101047 0.000000 -0.015778 0.969309 -0.245339 9.226300 0.100247 0.245666 0.964157 1.577100 0.000000 0.000000 0.000000 1.000000
0.993517 -0.009646 -0.113274 0.000000 -0.018654 0.969055 -0.246138 9.226300 0.112143 0.246655 0.962593 1.577100 0.000000 0.000000 0.000000 1.000000
0.992058 -0.012235 -0.125181 -0.000000 -0.019200 0.968863 -0.246853 9.226300 0.124303 0.247296 0.960934 1.577100 0.000000 0.000000 0.000000 1.000000
0.990842 -0.015949 -0.134082 -0.000000 -0.017207 0.969990 -0.242536 9.226300 0.133927 0.242622 0.960832 1.577100 0.000000 0.000000 0.000000 1.000000
0.990261 -0.020154 -0.137755 0.000000 -0.012932 0.971872 -0.235153 9.226300 0.138619 0.234644 0.962147 1.577100 0.000000 0.000000 0.000000 1.000000
0.990151 -0.025411 -0.137679 0.000000 -0.006784 0.973527 -0.228469 9.226300 0.139840 0.227153 0.963767 1.577100 0.000000 0.000000 0.000000 1.000000
0.990009 -0.029392 -0.137904 0.000000 -0.001520 0.975751 -0.218876 9.226300 0.140993 0.216899 0.965958 1.577100 0.000000 0.000000 0.000000 1.000000
0.989298 -0.032383 -0.142271 -0.000000 0.003494 0.980039 -0.198774 9.226300 0.145868 0.196149 0.969664 1.577100 0.000000 0.000000 0.000000 1.000000
0.988608 -0.032068 -0.147055 0.000000 0.006207 0.984894 -0.173046 9.226300 0.150383 0.170162 0.973874 1.577100 0.000000 0.000000 0.000000 1.000000
0.988164 -0.032001 -0.150024 0.000000 0.008409 0.987828 -0.155323 9.226300 0.153168 0.152223 0.976406 1.577100 0.000000 0.000000 0.000000 1.000000
0.986452 -0.039919 -0.159121 0.000000 0.016171 0.988880 -0.147833 9.226300 0.163252 0.143257 0.976128 1.577100 0.000000 0.000000 0.000000 1.000000
0.982709 -0.057616 -0.175962 -0.000000 0.032609 0.989353 -0.141835 9.226300 0.182261 0.133645 0.974125 1.577100 0.000000 0.000000 0.000000 1.000000
0.978820 -0.079552 -0.188637 0.000000 0.054566 0.989460 -0.134133 9.226300 0.197319 0.120999 0.972843 1.577100 0.000000 0.000000 0.000000 1.000000
0.978225 -0.095661 -0.184190 -0.000000 0.071779 0.988616 -0.132234 9.226300 0.194742 0.116134 0.973955 1.577100 0.000000 0.000000 0.000000 1.000000
0.980465 -0.102511 -0.167867 0.000000 0.079168 0.986939 -0.140297 9.226300 0.180057 0.124267 0.975775 1.577100 0.000000 0.000000 0.000000 1.000000
0.982346 -0.110794 -0.150734 0.000000 0.087125 0.983993 -0.155459 9.226300 0.165545 0.139582 0.976274 1.577100 0.000000 0.000000 0.000000 1.000000
0.983212 -0.124291 -0.133591 0.000000 0.100212 0.979651 -0.173900 9.226300 0.152487 0.157593 0.975660 1.577100 0.000000 0.000000 0.000000 1.000000
0.984781 -0.129178 -0.116273 0.000000 0.105570 0.976045 -0.190241 9.226300 0.138063 0.175071 0.974828 1.577100 0.000000 0.000000 0.000000 1.000000
0.987704 -0.119117 -0.101250 -0.000000 0.096528 0.974120 -0.204381 9.226300 0.122975 0.192095 0.973641 1.577100 0.000000 0.000000 0.000000 1.000000
0.990335 -0.106074 -0.089354 0.000000 0.084248 0.971862 -0.219969 9.226300 0.110172 0.210315 0.971406 1.577100 0.000000 0.000000 0.000000 1.000000
0.992083 -0.096685 -0.080144 0.000000 0.075536 0.969242 -0.234233 9.226300 0.100326 0.226325 0.968872 1.577100 0.000000 0.000000 0.000000 1.000000</float_array><technique_common><accessor source="#Spine-Matrix-animation-output-transform-array" count="41" stride="16"><param type="float4x4"/></accessor></technique_common></source><source id="Spine-Interpolations"><Name_array id="Spine-Interpolations-array" count="41">
 LINEAR LINEAR LINEAR LINEAR LINEAR LINEAR LINEAR LINEAR LINEAR LINEAR LINEAR
LINEAR LINEAR LINEAR LINEAR LINEAR LINEAR LINEAR LINEAR LINEAR LINEAR LINEAR LINEAR
LINEAR LINEAR LINEAR LINEAR LINEAR LINEAR LINEAR LINEAR LINEAR LINEAR LINEAR LINEAR
LINEAR LINEAR LINEAR LINEAR LINEAR LINEAR</Name_array><technique_common><accessor source="#Spine-Interpolations-array" count="41"><param type="name"/></accessor></technique_common></source><sampler id="Spine-Matrix-animation-transform"><input semantic="INPUT" source="#Spine-Matrix-animation-input"/><input semantic="OUTPUT" source="#Spine-Matrix-animation-output-transform"/><input semantic="INTERPOLATION" source="#Spine-Interpolations"/></sampler><channel source="#Spine-Matrix-animation-transform" target="Spine/matrix"/></animation>
    <animation id="Spine1-anim" name="Spine1"><source id="Spine1-Matrix-animation-input"><float_array id="Spine1-Matrix-animation-input-array" count="41">

0.000000 0.033333 0.066667 0.100000 0.133333 0.166667 0.200000 0.233333 0.266667 0.300000 0.333333 0.366667 0.400000 0.433333 0.466667 0.500000
0.533333 0.566667 0.600000 0.633333 0.666667 0.700000 0.733333 0.766667 0.800000 0.833333 0.866667 0.900000 0.933333 0.966667 1.000000 1.033333
1.066667 1.100000 1.133333 1.166667 1.200000 1.233333 1.266667 1.300000 1.333333</float_array><technique_common><accessor source="#Spine1-Matrix-animation-input-array" count="41"><param name="TIME" type="float"/></accessor></technique_common></source><source id="Spine1-Matrix-animation-output-transform"><float_array id="Spine1-Matrix-animation-output-transform-array" count="656">

0.999060 -0.014423 -0.040870 -0.000000 0.012981 0.999292 -0.035327 16.254000 0.041350 0.034763 0.998540 -0.165600 0.000000 0.000000 0.000000 1.000000
0.997622 -0.021000 -0.065644 0.000000 0.018643 0.999167 -0.036314 16.254000 0.066352 0.035004 0.997182 -0.165600 0.000000 0.000000 0.000000 1.000000
0.996233 -0.025291 -0.082946 0.000000 0.022275 0.999064 -0.037090 16.254000 0.083806 0.035103 0.995864 -0.165600 0.000000 0.000000 0.000000 1.000000
0.996549 -0.023826 -0.079513 0.000000 0.020965 0.999109 -0.036625 16.254000 0.080315 0.034832 0.996161 -0.165600 0.000000 0.000000 0.000000 1.000000
0.997719 -0.019249 -0.064701 -0.000000 0.016974 0.999225 -0.035527 16.254000 0.065335 0.034347 0.997272 -0.165600 0.000000 0.000000 0.000000 1.000000
0.998756 -0.014318 -0.047764 0.000000 0.012671 0.999321 -0.034601 16.254000 0.048227 0.033953 0.998259 -0.165600 0.000000 0.000000 0.000000 1.000000
0.999194 -0.011956 -0.038308 0.000000 0.010641 0.999353 -0.034348 16.254000 0.038694 0.033913 0.998675 -0.165600 0.000000 0.000000 0.000000 1.000000
0.999282 -0.011561 -0.036089 0.000000 0.010312 0.999348 -0.034603 16.254000 0.036465 0.034206 0.998749 -0.165600 0.000000 0.000000 0.000000 1.000000
0.999357 -0.010815 -0.034186 0.000000 0.009626 0.999349 -0.034777 16.254000 0.034540 0.034425 0.998810 -0.165600 0.000000 0.000000 0.000000 1.000000
0.999432 -0.010347 -0.032088 -0.000000 0.009228 0.999351 -0.034809 16.254000 0.032427 0.034493 0.998879 -0.165600 0.000000 0.000000 0.000000 1.000000
0.999523 -0.010063 -0.029210 0.000000 0.009050 0.999360 -0.034612 16.254000 0.029539 0.034331 0.998974 -0.165600 0.000000 0.000000 0.000000 1.000000
0.999596 -0.009606 -0.026755 0.000000 0.008687 0.999375 -0.034276 16.254000 0.027067 0.034030 0.999054 -0.165600 0.000000 0.000000 0.000000 1.000000
0.999620 -0.009509 -0.025886 0.000000 0.008613 0.999368 -0.034500 16.254000 0.026197 0.034264 0.999069 -0.165600 0.000000 0.000000 0.000000 1.000000
0.999630 -0.009714 -0.025402 0.000000 0.008807 0.999328 -0.035584 16.254000 0.025730 0.035347 0.999044 -0.165600 0.000000 0.000000 0.000000 1.000000
0.999636 -0.009276 -0.025333 0.000000 0.008351 0.999304 -0.036367 16.254000 0.025652 0.036142 0.999017 -0.165600 0.000000 0.000000 0.000000 1.000000
0.999614 -0.006783 -0.026952 0.000000 0.005784 0.999299 -0.036981 16.254000 0.027184 0.036811 0.998952 -0.165600 0.000000 0.000000 0.000000 1.000000
0.999548 -0.003757 -0.029814 0.000000 0.002617 0.999267 -0.038198 16.254000 0.029935 0.038103 0.998825 -0.165600 0.000000 0.000000 0.000000 1.000000
0.999449 -0.003052 -0.033050 0.000000 0.001756 0.999231 -0.039159 16.254000 0.033144 0.039080 0.998686 -0.165600 0.000000 0.000000 0.000000 1.000000
0.999324 -0.004061 -0.036539 0.000000 0.002636 0.999237 -0.038963 16.254000 0.036670 0.038841 0.998572 -0.165600 0.000000 0.000000 0.000000 1.000000
0.999192 -0.004917 -0.039898 0.000000 0.003399 0.999271 -0.038031 16.254000 0.040055 0.037865 0.998480 -0.165600 0.000000 0.000000 0.000000 1.000000
0.999083 -0.005225 -0.042499 -0.000000 0.003633 0.999292 -0.037436 16.254000 0.042664 0.037248 0.998395 -0.165600 0.000000 0.000000 0.000000 1.000000
0.998993 -0.005338 -0.044556 0.000000 0.003664 0.999287 -0.037575 16.254000 0.044725 0.037373 0.998300 -0.165600 0.000000 0.000000 0.000000 1.000000
0.998890 -0.005607 -0.046760 0.000000 0.003845 0.999282 -0.037695 16.254000 0.046938 0.037474 0.998195 -0.165600 0.000000 0.000000 0.000000 1.000000
0.998793 -0.005984 -0.048748 0.000000 0.004170 0.999298 -0.037234 16.254000 0.048937 0.036985 0.998117 -0.165600 0.000000 0.000000 0.000000 1.000000
0.998735 -0.006353 -0.049874 0.000000 0.004542 0.999329 -0.036336 16.254000 0.050071 0.036064 0.998094 -0.165600 0.000000 0.000000 0.000000 1.000000
0.998715 -0.006764 -0.050227 0.000000 0.004986 0.999359 -0.035458 16.254000 0.050434 0.035162 0.998108 -0.165600 0.000000 0.000000 0.000000 1.000000
0.998688 -0.006905 -0.050734 -0.000000 0.005174 0.999402 -0.034184 16.254000 0.050940 0.033877 0.998127 -0.165600 0.000000 0.000000 0.000000 1.000000
0.998597 -0.006872 -0.052501 0.000000 0.005222 0.999490 -0.031505 16.254000 0.052690 0.031187 0.998124 -0.165600 0.000000 0.000000 0.000000 1.000000
0.998498 -0.006687 -0.054370 0.000000 0.005166 0.999593 -0.028072 16.254000 0.054535 0.027749 0.998126 -0.165600 0.000000 0.000000 0.000000 1.000000
0.998442 -0.006560 -0.055419 0.000000 0.005139 0.999656 -0.025734 16.254000 0.055569 0.025409 0.998131 -0.165600 0.000000 0.000000 0.000000 1.000000
0.998326 -0.007320 -0.057380 0.000000 0.005907 0.999676 -0.024752 16.254000 0.057543 0.024372 0.998045 -0.165600 0.000000 0.000000 0.000000 1.000000
0.998106 -0.009323 -0.060811 0.000000 0.007888 0.999686 -0.023787 16.254000 0.061014 0.023262 0.997866 -0.165600 0.000000 0.000000 0.000000 1.000000
0.997917 -0.012088 -0.063372 0.000000 0.010691 0.999693 -0.022336 16.254000 0.063623 0.021612 0.997740 -0.165600 0.000000 0.000000 0.000000 1.000000
0.997946 -0.014229 -0.062465 0.000000 0.012895 0.999681 -0.021705 16.254000 0.062754 0.020855 0.997811 -0.165600 0.000000 0.000000 0.000000 1.000000
0.998138 -0.014842 -0.059158 0.000000 0.013512 0.999648 -0.022815 16.254000 0.059475 0.021973 0.997988 -0.165600 0.000000 0.000000 0.000000 1.000000
0.998335 -0.014974 -0.055704 0.000000 0.013567 0.999582 -0.025547 16.254000 0.056063 0.024749 0.998120 -0.165600 0.000000 0.000000 0.000000 1.000000
0.998502 -0.015747 -0.052391 -0.000000 0.014245 0.999480 -0.028919 16.254000 0.052819 0.028130 0.998208 -0.165600 0.000000 0.000000 0.000000 1.000000
0.998672 -0.016440 -0.048822 0.000000 0.014929 0.999403 -0.031145 16.254000 0.049304 0.030375 0.998322 -0.165600 0.000000 0.000000 0.000000 1.000000
0.998835 -0.016045 -0.045520 0.000000 0.014581 0.999371 -0.032319 16.254000 0.046010 0.031617 0.998440 -0.165600 0.000000 0.000000 0.000000 1.000000
0.998967 -0.015122 -0.042849 -0.000000 0.013679 0.999336 -0.033784 16.254000 0.043331 0.033163 0.998510 -0.165600 0.000000 0.000000 0.000000 1.000000
0.999060 -0.014423 -0.040870 0.000000 0.012981 0.999292 -0.035327 16.254000 0.041351 0.034763 0.998540 -0.165600 0.000000 0.000000 0.000000 1.000000</float_array><technique_common><accessor source="#Spine1-Matrix-animation-output-transform-array" count="41" stride="16"><param type="float4x4"/></accessor></technique_common></source><source id="Spine1-Interpolations"><Name_array id="Spine1-Interpolations-array" count="41">
 LINEAR LINEAR LINEAR LINEAR LINEAR LINEAR LINEAR LINEAR LINEAR LINEAR LINEAR
LINEAR LINEAR LINEAR LINEAR LINEAR LINEAR LINEAR LINEAR LINEAR LINEAR LINEAR LINEAR
LINEAR LINEAR LINEAR LINEAR LINEAR LINEAR LINEAR LINEAR LINEAR LINEAR LINEAR LINEAR
LINEAR LINEAR LINEAR LINEAR LINEAR LINEAR</Name_array><technique_common><accessor source="#Spine1-Interpolations-array" count="41"><param type="name"/></accessor></technique_common></source><sampler id="Spine1-Matrix-animation-transform"><input semantic="INPUT" source="#Spine1-Matrix-animation-input"/><input semantic="OUTPUT" source="#Spine1-Matrix-animation-output-transform"/><input semantic="INTERPOLATION" source="#Spine1-Interpolations"/></sampler><channel source="#Spine1-Matrix-animation-transform" target="Spine1/matrix"/></animation>
    <animation id="Spine2-anim" name="Spine2"><source id="Spine2-Matrix-animation-input"><float_array id="Spine2-Matrix-animation-input-array" count="41">

0.000000 0.033333 0.066667 0.100000 0.133333 0.166667 0.200000 0.233333 0.266667 0.300000 0.333333 0.366667 0.400000 0.433333 0.466667 0.500000
0.533333 0.566667 0.600000 0.633333 0.666667 0.700000 0.733333 0.766667 0.800000 0.833333 0.866667 0.900000 0.933333 0.966667 1.000000 1.033333
1.066667 1.100000 1.133333 1.166667 1.200000 1.233333 1.266667 1.300000 1.333333</float_array><technique_common><accessor source="#Spine2-Matrix-animation-input-array" count="41"><param name="TIME" type="float"/></accessor></technique_common></source><source id="Spine2-Matrix-animation-output-transform"><float_array id="Spine2-Matrix-animation-output-transform-array" count="656">

0.999053 -0.015130 -0.040784 -0.000000 0.013699 0.999289 -0.035139 13.639600 0.041287 0.034547 0.998550 -1.292300 0.000000 0.000000 0.000000 1.000000
0.997538 -0.022823 -0.066311 0.000000 0.020450 0.999134 -0.036243 13.639600 0.067081 0.034797 0.997141 -1.292300 0.000000 0.000000 0.000000 1.000000
0.996335 -0.027001 -0.081169 0.000000 0.024073 0.999031 -0.036832 13.639600 0.082085 0.034743 0.996020 -1.292300 0.000000 0.000000 0.000000 1.000000
0.996477 -0.026005 -0.079738 -0.000000 0.023156 0.999067 -0.036448 13.639600 0.080611 0.034473 0.996149 -1.292300 0.000000 0.000000 0.000000 1.000000
0.997620 -0.021180 -0.065625 0.000000 0.018886 0.999195 -0.035389 13.639600 0.066322 0.034065 0.997217 -1.292300 0.000000 0.000000 0.000000 1.000000
0.998620 -0.016218 -0.049960 0.000000 0.014505 0.999300 -0.034480 13.639600 0.050484 0.033707 0.998156 -1.292300 0.000000 0.000000 0.000000 1.000000
0.999075 -0.013571 -0.040813 0.000000 0.012178 0.999342 -0.034175 13.639600 0.041250 0.033646 0.998582 -1.292300 0.000000 0.000000 0.000000 1.000000
0.999236 -0.012570 -0.037011 0.000000 0.011301 0.999348 -0.034279 13.639600 0.037418 0.033835 0.998727 -1.292300 0.000000 0.000000 0.000000 1.000000
0.999350 -0.011792 -0.034077 0.000000 0.010619 0.999351 -0.034417 13.639600 0.034461 0.034033 0.998826 -1.292300 0.000000 0.000000 0.000000 1.000000
0.999329 -0.012320 -0.034479 0.000000 0.011125 0.999338 -0.034639 13.639600 0.034883 0.034232 0.998805 -1.292300 0.000000 0.000000 0.000000 1.000000
0.998811 -0.016483 -0.045868 -0.000000 0.014870 0.999266 -0.035302 13.639600 0.046417 0.034578 0.998324 -1.292300 0.000000 0.000000 0.000000 1.000000
0.997489 -0.023288 -0.066876 0.000000 0.020888 0.999120 -0.036372 13.639600 0.067664 0.034883 0.997098 -1.292300 0.000000 0.000000 0.000000 1.000000
0.996143 -0.028002 -0.083155 0.000000 0.024987 0.999000 -0.037082 13.639600 0.084111 0.034861 0.995846 -1.292300 0.000000 0.000000 0.000000 1.000000
0.996203 -0.027215 -0.082700 -0.000000 0.024244 0.999031 -0.036721 13.639600 0.083619 0.034576 0.995898 -1.292300 0.000000 0.000000 0.000000 1.000000
0.997418 -0.022254 -0.068286 0.000000 0.019854 0.999168 -0.035619 13.639600 0.069022 0.034172 0.997030 -1.292300 0.000000 0.000000 0.000000 1.000000
0.998487 -0.017191 -0.052234 -0.000000 0.015390 0.999280 -0.034687 13.639600 0.052793 0.033830 0.998032 -1.292300 0.000000 0.000000 0.000000 1.000000
0.998965 -0.014564 -0.043099 -0.000000 0.013086 0.999323 -0.034383 13.639600 0.043571 0.033783 0.998479 -1.292300 0.000000 0.000000 0.000000 1.000000
0.999130 -0.013601 -0.039432 0.000000 0.012242 0.999330 -0.034490 13.639600 0.039875 0.033977 0.998627 -1.292300 0.000000 0.000000 0.000000 1.000000
0.999250 -0.012825 -0.036528 0.000000 0.011561 0.999333 -0.034626 13.639600 0.036947 0.034178 0.998733 -1.292300 0.000000 0.000000 0.000000 1.000000
0.999230 -0.013341 -0.036893 0.000000 0.012056 0.999320 -0.034847 13.639600 0.037333 0.034375 0.998711 -1.292300 0.000000 0.000000 0.000000 1.000000
0.998681 -0.017502 -0.048262 0.000000 0.015795 0.999244 -0.035519 13.639600 0.048847 0.034710 0.998203 -1.292300 0.000000 0.000000 0.000000 1.000000
0.997301 -0.024312 -0.069272 0.000000 0.021813 0.999092 -0.036604 13.639600 0.070099 0.034994 0.996926 -1.292300 0.000000 0.000000 0.000000 1.000000
0.995910 -0.029030 -0.085555 0.000000 0.025912 0.998967 -0.037324 13.639600 0.086551 0.034954 0.995634 -1.292300 0.000000 0.000000 0.000000 1.000000
0.995972 -0.028242 -0.085099 0.000000 0.025170 0.999000 -0.036961 13.639600 0.086058 0.034671 0.995687 -1.292300 0.000000 0.000000 0.000000 1.000000
0.997227 -0.023279 -0.070688 0.000000 0.020782 0.999141 -0.035849 13.639600 0.071462 0.034281 0.996854 -1.292300 0.000000 0.000000 0.000000 1.000000
0.998340 -0.018214 -0.054639 0.000000 0.016320 0.999257 -0.034906 13.639600 0.055234 0.033956 0.997896 -1.292300 0.000000 0.000000 0.000000 1.000000
0.998843 -0.015585 -0.045504 0.000000 0.014016 0.999303 -0.034597 13.639600 0.046012 0.033919 0.998365 -1.292300 0.000000 0.000000 0.000000 1.000000
0.999018 -0.014621 -0.041835 0.000000 0.013172 0.999311 -0.034702 13.639600 0.042314 0.034117 0.998522 -1.292300 0.000000 0.000000 0.000000 1.000000
0.999146 -0.013848 -0.038939 0.000000 0.012492 0.999315 -0.034837 13.639600 0.039394 0.034321 0.998634 -1.292300 0.000000 0.000000 0.000000 1.000000
0.999124 -0.014367 -0.039317 0.000000 0.012990 0.999301 -0.035059 13.639600 0.039793 0.034518 0.998612 -1.292300 0.000000 0.000000 0.000000 1.000000
0.998544 -0.018524 -0.050670 0.000000 0.016723 0.999221 -0.035739 13.639600 0.051292 0.034840 0.998076 -1.292300 0.000000 0.000000 0.000000 1.000000
0.997110 -0.025322 -0.071627 0.000000 0.022725 0.999063 -0.036836 13.639600 0.072492 0.035101 0.996751 -1.292300 0.000000 0.000000 0.000000 1.000000
0.995675 -0.030046 -0.087911 0.000000 0.026827 0.998934 -0.037567 13.639600 0.088946 0.035046 0.995420 -1.292300 0.000000 0.000000 0.000000 1.000000
0.995724 -0.029307 -0.087609 -0.000000 0.026128 0.998966 -0.037214 13.639600 0.088609 0.034766 0.995460 -1.292300 0.000000 0.000000 0.000000 1.000000
0.997012 -0.024364 -0.073300 0.000000 0.021762 0.999111 -0.036093 13.639600 0.074114 0.034390 0.996657 -1.292300 0.000000 0.000000 0.000000 1.000000
0.998198 -0.019165 -0.056864 0.000000 0.017185 0.999236 -0.035111 13.639600 0.057494 0.034070 0.997764 -1.292300 0.000000 0.000000 0.000000 1.000000
0.998753 -0.016376 -0.047155 0.000000 0.014743 0.999286 -0.034773 13.639600 0.047691 0.034034 0.998282 -1.292300 0.000000 0.000000 0.000000 1.000000
0.998896 -0.015703 -0.044271 0.000000 0.014161 0.999289 -0.034940 13.639600 0.044789 0.034274 0.998408 -1.292300 0.000000 0.000000 0.000000 1.000000
0.998929 -0.015577 -0.043564 -0.000000 0.014049 0.999282 -0.035178 13.639600 0.044081 0.034528 0.998431 -1.292300 0.000000 0.000000 0.000000 1.000000
0.999004 -0.015266 -0.041930 0.000000 0.013793 0.999285 -0.035202 13.639600 0.042437 0.034589 0.998500 -1.292300 0.000000 0.000000 0.000000 1.000000
0.999053 -0.015130 -0.040784 0.000000 0.013699 0.999289 -0.035139 13.639600 0.041287 0.034547 0.998550 -1.292300 0.000000 0.000000 0.000000 1.000000</float_array><technique_common><accessor source="#Spine2-Matrix-animation-output-transform-array" count="41" stride="16"><param type="float4x4"/></accessor></technique_common></source><source id="Spine2-Interpolations"><Name_array id="Spine2-Interpolations-array" count="41">
 LINEAR LINEAR LINEAR LINEAR LINEAR LINEAR LINEAR LINEAR LINEAR LINEAR LINEAR
LINEAR LINEAR LINEAR LINEAR LINEAR LINEAR LINEAR LINEAR LINEAR LINEAR LINEAR LINEAR
LINEAR LINEAR LINEAR LINEAR LINEAR LINEAR LINEAR LINEAR LINEAR LINEAR LINEAR LINEAR
LINEAR LINEAR LINEAR LINEAR LINEAR LINEAR</Name_array><technique_common><accessor source="#Spine2-Interpolations-array" count="41"><param type="name"/></accessor></technique_common></source><sampler id="Spine2-Matrix-animation-transform"><input semantic="INPUT" source="#Spine2-Matrix-animation-input"/><input semantic="OUTPUT" source="#Spine2-Matrix-animation-output-transform"/><input semantic="INTERPOLATION" source="#Spine2-Interpolations"/></sampler><channel source="#Spine2-Matrix-animation-transform" target="Spine2/matrix"/></animation>
    <animation id="Neck-anim" name="Neck"><source id="Neck-Matrix-animation-input"><float_array id="Neck-Matrix-animation-input-array" count="41">

0.000000 0.033333 0.066667 0.100000 0.133333 0.166667 0.200000 0.233333 0.266667 0.300000 0.333333 0.366667 0.400000 0.433333 0.466667 0.500000
0.533333 0.566667 0.600000 0.633333 0.666667 0.700000 0.733333 0.766667 0.800000 0.833333 0.866667 0.900000 0.933333 0.966667 1.000000 1.033333
1.066667 1.100000 1.133333 1.166667 1.200000 1.233333 1.266667 1.300000 1.333333</float_array><technique_common><accessor source="#Neck-Matrix-animation-input-array" count="41"><param name="TIME" type="float"/></accessor></technique_common></source><source id="Neck-Matrix-animation-output-transform"><float_array id="Neck-Matrix-animation-output-transform-array" count="656">

0.966646 0.109274 0.231635 -0.000000 -0.057011 0.973527 -0.221349 13.877400 -0.249690 0.200760 0.947286 -4.354200 0.000000 0.000000 0.000000 1.000000
0.956610 0.138553 0.256322 0.000000 -0.083064 0.972880 -0.215883 13.877400 -0.279282 0.185225 0.942175 -4.354200 0.000000 0.000000 0.000000 1.000000
0.950884 0.141542 0.275292 0.000000 -0.093435 0.979095 -0.180673 13.877400 -0.295110 0.146077 0.944231 -4.354200 0.000000 0.000000 0.000000 1.000000
0.954021 0.122051 0.273764 -0.000000 -0.082055 0.984798 -0.153101 13.877400 -0.288288 0.123598 0.949533 -4.354200 0.000000 0.000000 0.000000 1.000000
0.959314 0.105054 0.262069 0.000000 -0.070207 0.987804 -0.138979 13.877400 -0.273473 0.114925 0.954989 -4.354200 0.000000 0.000000 0.000000 1.000000
0.963747 0.096955 0.248579 0.000000 -0.060746 0.986906 -0.149419 13.877400 -0.259812 0.128902 0.957017 -4.354200 0.000000 0.000000 0.000000 1.000000
0.965975 0.094559 0.240729 0.000000 -0.054504 0.984293 -0.167921 13.877400 -0.252826 0.149087 0.955956 -4.354200 0.000000 0.000000 0.000000 1.000000
0.966391 0.096891 0.238117 0.000000 -0.053475 0.981759 -0.182452 13.877400 -0.251452 0.163587 0.953945 -4.354200 0.000000 0.000000 0.000000 1.000000
0.963239 0.131780 0.234105 0.000000 -0.070438 0.964823 -0.253289 13.877400 -0.259249 0.227488 0.938637 -4.354200 0.000000 0.000000 0.000000 1.000000
0.965101 0.107085 0.238983 0.000000 -0.057401 0.976884 -0.205921 13.877400 -0.255510 0.185016 0.948938 -4.354200 0.000000 0.000000 0.000000 1.000000
0.965284 0.096369 0.242774 0.000000 -0.046769 0.978198 -0.202337 13.877400 -0.256980 0.183959 0.948747 -4.354200 0.000000 0.000000 0.000000 1.000000
0.965214 0.075181 0.250417 0.000000 -0.035244 0.986438 -0.160306 13.877400 -0.259073 0.145904 0.954774 -4.354200 0.000000 0.000000 0.000000 1.000000
0.965295 0.052714 0.255785 -0.000000 -0.027225 0.994392 -0.102189 13.877400 -0.259737 0.091679 0.961318 -4.354200 0.000000 0.000000 0.000000 1.000000
0.967318 0.029023 0.251900 0.000000 -0.015079 0.998254 -0.057114 13.877400 -0.253118 0.051449 0.966067 -4.354200 0.000000 0.000000 0.000000 1.000000
0.969793 0.014587 0.243495 0.000000 -0.005100 0.999205 -0.039545 13.877400 -0.243878 0.037109 0.969096 -4.354200 0.000000 0.000000 0.000000 1.000000
0.970069 0.024847 0.241555 0.000000 -0.014312 0.998872 -0.045272 13.877400 -0.242407 0.040460 0.969331 -4.354200 0.000000 0.000000 0.000000 1.000000
0.968648 0.045546 0.244227 0.000000 -0.030761 0.997475 -0.064013 13.877400 -0.246526 0.054493 0.967603 -4.354200 0.000000 0.000000 0.000000 1.000000
0.968347 0.054225 0.243645 0.000000 -0.035055 0.995987 -0.082342 13.877400 -0.247132 0.071195 0.966363 -4.354200 0.000000 0.000000 0.000000 1.000000
0.968526 0.062094 0.241041 0.000000 -0.038019 0.993926 -0.103277 13.877400 -0.245990 0.090862 0.965004 -4.354200 0.000000 0.000000 0.000000 1.000000
0.967405 0.074667 0.241974 0.000000 -0.044850 0.990955 -0.126475 13.877400 -0.249229 0.111500 0.962004 -4.354200 0.000000 0.000000 0.000000 1.000000
0.965266 0.080486 0.248562 0.000000 -0.047755 0.989692 -0.135014 13.877400 -0.256867 0.118454 0.959160 -4.354200 0.000000 0.000000 0.000000 1.000000
0.963897 0.070549 0.256758 0.000000 -0.042423 0.992634 -0.113485 13.877400 -0.262873 0.098495 0.959790 -4.354200 0.000000 0.000000 0.000000 1.000000
0.963720 0.054679 0.261256 0.000000 -0.036120 0.996505 -0.075325 13.877400 -0.264462 0.063156 0.962326 -4.354200 0.000000 0.000000 0.000000 1.000000
0.964820 0.044456 0.259124 0.000000 -0.033436 0.998345 -0.046784 13.877400 -0.260775 0.036474 0.964710 -4.354200 0.000000 0.000000 0.000000 1.000000
0.967002 0.039487 0.251691 0.000000 -0.030616 0.998768 -0.039065 13.877400 -0.252924 0.030070 0.967019 -4.354200 0.000000 0.000000 0.000000 1.000000
0.968097 0.044103 0.246662 0.000000 -0.034269 0.998443 -0.044025 13.877400 -0.248220 0.034168 0.968101 -4.354200 0.000000 0.000000 0.000000 1.000000
0.967584 0.053732 0.246767 -0.000000 -0.040623 0.997495 -0.057913 13.877400 -0.249261 0.046011 0.967343 -4.354200 0.000000 0.000000 0.000000 1.000000
0.966173 0.067777 0.248829 0.000000 -0.046397 0.994787 -0.090809 13.877400 -0.253686 0.076192 0.964281 -4.354200 0.000000 0.000000 0.000000 1.000000
0.964885 0.083460 0.249062 0.000000 -0.052506 0.990326 -0.128445 13.877400 -0.257373 0.110857 0.959932 -4.354200 0.000000 0.000000 0.000000 1.000000
0.964057 0.091014 0.249622 0.000000 -0.054352 0.987188 -0.150022 13.877400 -0.260078 0.131062 0.956652 -4.354200 0.000000 0.000000 0.000000 1.000000
0.962556 0.090544 0.255513 0.000000 -0.052284 0.986881 -0.152748 13.877400 -0.265991 0.133669 0.954663 -4.354200 0.000000 0.000000 0.000000 1.000000
0.961580 0.076679 0.263598 0.000000 -0.045541 0.991451 -0.122275 13.877400 -0.270721 0.105573 0.956852 -4.354200 0.000000 0.000000 0.000000 1.000000
0.962944 0.051854 0.264671 0.000000 -0.032034 0.996387 -0.078661 13.877400 -0.267794 0.067268 0.961125 -4.354200 0.000000 0.000000 0.000000 1.000000
0.965556 0.031393 0.258294 0.000000 -0.018958 0.998544 -0.050493 13.877400 -0.259503 0.043857 0.964746 -4.354200 0.000000 0.000000 0.000000 1.000000
0.967199 0.028394 0.252429 0.000000 -0.018696 0.998995 -0.040732 13.877400 -0.253332 0.034677 0.966758 -4.354200 0.000000 0.000000 0.000000 1.000000
0.968117 0.036122 0.247879 0.000000 -0.023650 0.998309 -0.053111 13.877400 -0.249378 0.045555 0.967334 -4.354200 0.000000 0.000000 0.000000 1.000000
0.968811 0.047363 0.243234 0.000000 -0.026901 0.995865 -0.086767 13.877400 -0.246338 0.077517 0.966079 -4.354200 0.000000 0.000000 0.000000 1.000000
0.968872 0.059206 0.240377 0.000000 -0.031775 0.992690 -0.116431 13.877400 -0.245514 0.105169 0.963671 -4.354200 0.000000 0.000000 0.000000 1.000000
0.968729 0.068907 0.238363 0.000000 -0.037269 0.990174 -0.134781 13.877400 -0.245308 0.121682 0.961778 -4.354200 0.000000 0.000000 0.000000 1.000000
0.968414 0.082644 0.235253 0.000000 -0.043862 0.985225 -0.165553 13.877400 -0.245459 0.150005 0.957731 -4.354200 0.000000 0.000000 0.000000 1.000000
0.966646 0.109274 0.231635 0.000000 -0.057011 0.973527 -0.221349 13.877400 -0.249691 0.200760 0.947286 -4.354200 0.000000 0.000000 0.000000 1.000000</float_array><technique_common><accessor source="#Neck-Matrix-animation-output-transform-array" count="41" stride="16"><param type="float4x4"/></accessor></technique_common></source><source id="Neck-Interpolations"><Name_array id="Neck-Interpolations-array" count="41">
 LINEAR LINEAR LINEAR LINEAR LINEAR LINEAR LINEAR LINEAR LINEAR LINEAR LINEAR
LINEAR LINEAR LINEAR LINEAR LINEAR LINEAR LINEAR LINEAR LINEAR LINEAR LINEAR LINEAR
LINEAR LINEAR LINEAR LINEAR LINEAR LINEAR LINEAR LINEAR LINEAR LINEAR LINEAR LINEAR
