<?xml version="1.0" encoding="utf-8"?>
<COLLADA xmlns="http://www.collada.org/2005/11/COLLADASchema" version="1.4.1">
  <asset><contributor><author>Mixamo</author><authoring_tool>COLLADA Mixamo exporter</authoring_tool><comments></comments></contributor><created>2018-12-19T14:13:39Z</created><modified>2018-12-19T14:13:39Z</modified><revision></revision><title></title><unit meter="0.010000"/><up_axis>Y_UP</up_axis></asset>
  <library_animations>
    <animation id="Hips-anim" name="Hips"><source id="Hips-Matrix-animation-input"><float_array id="Hips-Matrix-animation-input-array" count="29">

0.000000 0.033333 0.066667 0.100000 0.133333 0.166667 0.200000 0.233333 0.266667 0.300000 0.333333 0.366667 0.400000 0.433333 0.466667 0.500000
0.533333 0.566667 0.600000 0.633333 0.666667 0.700000 0.733333 0.766667 0.800000 0.833333 0.866667 0.900000 0.933333</float_array><technique_common><accessor source="#Hips-Matrix-animation-input-array" count="29"><param name="TIME" type="float"/></accessor></technique_common></source><source id="Hips-Matrix-animation-output-transform"><float_array id="Hips-Matrix-animation-output-transform-array" count="464">

0.991469 0.075900 -0.105968 0.140650 -0.069254 0.995476 0.065050 94.982430 0.110426 -0.057156 0.992240 0.061938 0.000000 0.000000 0.000000 1.000000
0.996917 0.066428 -0.041762 -0.025429 -0.064248 0.996602 0.051539 94.915741 0.045044 -0.048697 0.997797 -0.677869 0.000000 0.000000 0.000000 1.000000
0.998017 0.057154 0.026386 -0.379954 -0.058226 0.997427 0.041823 94.888901 -0.023927 -0.043277 0.998777 -1.464142 0.000000 0.000000 0.000000 1.000000
0.994330 0.049913 0.093900 -0.887425 -0.053467 0.997930 0.035729 94.905273 -0.091922 -0.040547 0.994940 -2.361746 0.000000 0.000000 0.000000 1.000000
0.987040 0.040769 0.155211 -1.558042 -0.046382 0.998388 0.032712 95.115562 -0.153627 -0.039487 0.987340 -3.323184 0.000000 0.000000 0.000000 1.000000
0.977485 0.030760 0.208750 -2.315638 -0.038277 0.998753 0.032067 95.372223 -0.207503 -0.039336 0.977443 -4.271035 0.000000 0.000000 0.000000 1.000000
0.966783 0.025161 0.254357 -3.046611 -0.034670 0.998855 0.032969 95.475029 -0.253236 -0.040692 0.966548 -5.155523 0.000000 0.000000 0.000000 1.000000
0.955297 0.021950 0.294832 -3.712971 -0.033417 0.998866 0.033909 95.477043 -0.293754 -0.042245 0.954947 -5.995025 0.000000 0.000000 0.000000 1.000000
0.941881 0.016709 0.335532 -4.301991 -0.030150 0.998936 0.034891 95.512733 -0.334592 -0.042979 0.941383 -6.803833 0.000000 0.000000 0.000000 1.000000
0.926181 0.012414 0.376876 -4.742083 -0.028898 0.998855 0.038117 95.492119 -0.375971 -0.046195 0.925479 -7.552957 0.000000 0.000000 0.000000 1.000000
0.910112 0.011054 0.414215 -4.958557 -0.032153 0.998514 0.043999 95.391678 -0.413113 -0.053362 0.909115 -8.247910 0.000000 0.000000 0.000000 1.000000
0.895237 0.011986 0.445430 -4.884815 -0.038770 0.997942 0.051067 95.236534 -0.443901 -0.062986 0.893859 -8.956466 0.000000 0.000000 0.000000 1.000000
0.880484 0.012923 0.473900 -4.609542 -0.045555 0.997309 0.057441 95.031029 -0.471882 -0.072164 0.878703 -9.704414 0.000000 0.000000 0.000000 1.000000
0.862699 0.004820 0.505694 -4.427874 -0.042219 0.997150 0.062519 94.819138 -0.503952 -0.075285 0.860444 -10.382200 0.000000 0.000000 0.000000 1.000000
0.839204 -0.006649 0.543776 -4.406341 -0.036750 0.996946 0.068906 94.644875 -0.542574 -0.077810 0.836397 -10.884171 0.000000 0.000000 0.000000 1.000000
0.808182 -0.013881 0.588769 -4.430814 -0.038689 0.996311 0.076595 94.573700 -0.587661 -0.084682 0.804664 -11.201237 0.000000 0.000000 0.000000 1.000000
0.766932 -0.017278 0.641496 -4.495777 -0.046258 0.995549 0.082118 94.661919 -0.640059 -0.092653 0.762718 -11.119483 0.000000 0.000000 0.000000 1.000000
0.716972 -0.022154 0.696750 -4.560632 -0.052233 0.994978 0.085386 94.806038 -0.695142 -0.097613 0.712214 -10.542772 0.000000 0.000000 0.000000 1.000000
0.661850 -0.028244 0.749104 -4.507539 -0.056946 0.994508 0.087809 94.970490 -0.747470 -0.100775 0.656607 -9.671087 0.000000 0.000000 0.000000 1.000000
0.599046 -0.031328 0.800102 -4.354829 -0.063210 0.994266 0.086257 95.181664 -0.798216 -0.102247 0.593630 -8.686515 0.000000 0.000000 0.000000 1.000000
0.525091 -0.033614 0.850382 -4.110174 -0.067777 0.994394 0.081157 95.359062 -0.848343 -0.100251 0.519870 -7.742283 0.000000 0.000000 0.000000 1.000000
0.416825 -0.041067 0.908058 -3.237125 -0.072840 0.994257 0.078401 95.360146 -0.906064 -0.098822 0.411440 -5.989870 0.000000 0.000000 0.000000 1.000000
0.328437 -0.047814 0.943315 -2.320792 -0.072955 0.994450 0.075807 95.144936 -0.941704 -0.093718 0.323126 -4.497036 0.000000 0.000000 0.000000 1.000000
0.260128 -0.050920 0.964231 -1.458741 -0.073239 0.994691 0.072287 95.094582 -0.962793 -0.089423 0.255018 -3.082672 0.000000 0.000000 0.000000 1.000000
0.202977 -0.052768 0.977761 -0.795376 -0.072461 0.995000 0.068741 95.086296 -0.976499 -0.084802 0.198138 -1.944929 0.000000 0.000000 0.000000 1.000000
0.156811 -0.054394 0.986130 -0.350394 -0.070459 0.995322 0.066106 95.050896 -0.985112 -0.079848 0.152245 -1.119509 0.000000 0.000000 0.000000 1.000000
0.124749 -0.055733 0.990622 -0.080254 -0.069545 0.995474 0.064763 95.014267 -0.989748 -0.076972 0.120309 -0.545816 0.000000 0.000000 0.000000 1.000000
0.115719 -0.056677 0.991664 0.039068 -0.069412 0.995469 0.064994 94.990715 -0.990854 -0.076355 0.111260 -0.201286 0.000000 0.000000 0.000000 1.000000
0.110433 -0.057287 0.992231 0.061964 -0.069243 0.995468 0.065181 94.982361 -0.991469 -0.075903 0.105965 -0.140607 0.000000 0.000000 0.000000 1.000000</float_array><technique_common><accessor source="#Hips-Matrix-animation-output-transform-array" count="29" stride="16"><param type="float4x4"/></accessor></technique_common></source><source id="Hips-Interpolations"><Name_array id="Hips-Interpolations-array" count="29">
 LINEAR LINEAR LINEAR LINEAR LINEAR LINEAR LINEAR LINEAR LINEAR LINEAR LINEAR
LINEAR LINEAR LINEAR LINEAR LINEAR LINEAR LINEAR LINEAR LINEAR LINEAR LINEAR LINEAR
LINEAR LINEAR LINEAR LINEAR LINEAR LINEAR</Name_array><technique_common><accessor source="#Hips-Interpolations-array" count="29"><param type="name"/></accessor></technique_common></source><sampler id="Hips-Matrix-animation-transform"><input semantic="INPUT" source="#Hips-Matrix-animation-input"/><input semantic="OUTPUT" source="#Hips-Matrix-animation-output-transform"/><input semantic="INTERPOLATION" source="#Hips-Interpolations"/></sampler><channel source="#Hips-Matrix-animation-transform" target="Hips/matrix"/></animation>
    <animation id="Spine-anim" name="Spine"><source id="Spine-Matrix-animation-input"><float_array id="Spine-Matrix-animation-input-array" count="29">

0.000000 0.033333 0.066667 0.100000 0.133333 0.166667 0.200000 0.233333 0.266667 0.300000 0.333333 0.366667 0.400000 0.433333 0.466667 0.500000
0.533333 0.566667 0.600000 0.633333 0.666667 0.700000 0.733333 0.766667 0.800000 0.833333 0.866667 0.900000 0.933333</float_array><technique_common><accessor source="#Spine-Matrix-animation-input-array" count="29"><param name="TIME" type="float"/></accessor></technique_common></source><source id="Spine-Matrix-animation-output-transform"><float_array id="Spine-Matrix-animation-output-transform-array" count="464">

0.997731 -0.061392 0.027652 0.000000 0.062896 0.996375 -0.057280 9.226300 -0.024035 0.058890 0.997975 1.577100 0.000000 0.000000 0.000000 1.000000
0.997529 -0.062584 0.031922 -0.000000 0.064377 0.996202 -0.058628 9.226300 -0.028131 0.060539 0.997769 1.577100 0.000000 0.000000 0.000000 1.000000
0.997424 -0.062472 0.035254 -0.000000 0.064531 0.996071 -0.060655 9.226300 -0.031326 0.062774 0.997536 1.577100 0.000000 0.000000 0.000000 1.000000
0.997548 -0.058767 0.038008 0.000000 0.061100 0.996113 -0.063444 9.226300 -0.034132 0.065611 0.997261 1.577100 0.000000 0.000000 0.000000 1.000000
0.997896 -0.050398 0.040794 0.000000 0.053040 0.996374 -0.066522 9.226300 -0.037293 0.068545 0.996951 1.577100 0.000000 0.000000 0.000000 1.000000
0.998237 -0.039600 0.044202 0.000000 0.042588 0.996718 -0.068839 9.226300 -0.041331 0.070600 0.996648 1.577100 0.000000 0.000000 0.000000 1.000000
0.998412 -0.029530 0.047971 -0.000000 0.032829 0.997042 -0.069499 9.226300 -0.045777 0.070963 0.996428 1.577100 0.000000 0.000000 0.000000 1.000000
0.998478 -0.021106 0.050956 0.000000 0.024580 0.997344 -0.068555 9.226300 -0.049374 0.069704 0.996345 1.577100 0.000000 0.000000 0.000000 1.000000
0.998517 -0.013688 0.052691 -0.000000 0.017208 0.997609 -0.066934 9.226300 -0.051649 0.067742 0.996365 1.577100 0.000000 0.000000 0.000000 1.000000
0.998463 -0.008979 0.054685 0.000000 0.012550 0.997786 -0.065308 9.226300 -0.053978 0.065894 0.996366 1.577100 0.000000 0.000000 0.000000 1.000000
0.998213 -0.010828 0.058766 0.000000 0.014550 0.997889 -0.063295 9.226300 -0.057957 0.064037 0.996263 1.577100 0.000000 0.000000 0.000000 1.000000
0.997742 -0.019460 0.064281 0.000000 0.023353 0.997902 -0.060381 9.226300 -0.062971 0.061746 0.996103 1.577100 0.000000 0.000000 0.000000 1.000000
0.997250 -0.029268 0.068083 0.000000 0.033199 0.997802 -0.057345 9.226300 -0.066255 0.059448 0.996030 1.577100 0.000000 0.000000 0.000000 1.000000
0.997165 -0.033038 0.067608 0.000000 0.036850 0.997754 -0.055941 9.226300 -0.065608 0.058274 0.996142 1.577100 0.000000 0.000000 0.000000 1.000000
0.997487 -0.032344 0.063032 0.000000 0.035935 0.997745 -0.056695 9.226300 -0.061056 0.058817 0.996400 1.577100 0.000000 0.000000 0.000000 1.000000
0.997819 -0.034105 0.056512 -0.000000 0.037386 0.997613 -0.058060 9.226300 -0.054397 0.060046 0.996712 1.577100 0.000000 0.000000 0.000000 1.000000
0.997978 -0.038766 0.050367 0.000000 0.041720 0.997387 -0.058972 9.226300 -0.047950 0.060954 0.996988 1.577100 0.000000 0.000000 0.000000 1.000000
0.998035 -0.042391 0.046142 0.000000 0.045148 0.997151 -0.060428 9.226300 -0.043449 0.062392 0.997106 1.577100 0.000000 0.000000 0.000000 1.000000
0.998131 -0.042718 0.043691 0.000000 0.045466 0.996915 -0.063980 9.226300 -0.040823 0.065847 0.996994 1.577100 0.000000 0.000000 0.000000 1.000000
0.998335 -0.040574 0.040998 0.000000 0.043339 0.996676 -0.068986 9.226300 -0.038063 0.070648 0.996775 1.577100 0.000000 0.000000 0.000000 1.000000
0.998720 -0.035592 0.035944 0.000000 0.038130 0.996631 -0.072608 9.226300 -0.033239 0.073885 0.996713 1.577100 0.000000 0.000000 0.000000 1.000000
0.999200 -0.027780 0.028776 -0.000000 0.029814 0.996898 -0.072841 9.226300 -0.026663 0.073641 0.996928 1.577100 0.000000 0.000000 0.000000 1.000000
0.999556 -0.020259 0.021836 0.000000 0.021753 0.997272 -0.070532 9.226300 -0.020348 0.070976 0.997270 1.577100 0.000000 0.000000 0.000000 1.000000
0.999719 -0.016332 0.017167 0.000000 0.017457 0.997564 -0.067538 9.226300 -0.016022 0.067819 0.997569 1.577100 0.000000 0.000000 0.000000 1.000000
0.999674 -0.020262 0.015540 -0.000000 0.021228 0.997677 -0.064725 9.226300 -0.014193 0.065034 0.997782 1.577100 0.000000 0.000000 0.000000 1.000000
0.999392 -0.030436 0.017010 0.000000 0.031440 0.997567 -0.062226 9.226300 -0.015075 0.062723 0.997917 1.577100 0.000000 0.000000 0.000000 1.000000
0.998856 -0.043075 0.020781 0.000000 0.044253 0.997216 -0.060024 9.226300 -0.018138 0.060875 0.997981 1.577100 0.000000 0.000000 0.000000 1.000000
0.998207 -0.054387 0.024980 0.000000 0.055765 0.996742 -0.058269 9.226300 -0.021730 0.059557 0.997988 1.577100 0.000000 0.000000 0.000000 1.000000
0.997731 -0.061390 0.027652 -0.000000 0.062894 0.996375 -0.057281 9.226300 -0.024035 0.058890 0.997975 1.577100 0.000000 0.000000 0.000000 1.000000</float_array><technique_common><accessor source="#Spine-Matrix-animation-output-transform-array" count="29" stride="16"><param type="float4x4"/></accessor></technique_common></source><source id="Spine-Interpolations"><Name_array id="Spine-Interpolations-array" count="29">
 LINEAR LINEAR LINEAR LINEAR LINEAR LINEAR LINEAR LINEAR LINEAR LINEAR LINEAR
LINEAR LINEAR LINEAR LINEAR LINEAR LINEAR LINEAR LINEAR LINEAR LINEAR LINEAR LINEAR
LINEAR LINEAR LINEAR LINEAR LINEAR LINEAR</Name_array><technique_common><accessor source="#Spine-Interpolations-array" count="29"><param type="name"/></accessor></technique_common></source><sampler id="Spine-Matrix-animation-transform"><input semantic="INPUT" source="#Spine-Matrix-animation-input"/><input semantic="OUTPUT" source="#Spine-Matrix-animation-output-transform"/><input semantic="INTERPOLATION" source="#Spine-Interpolations"/></sampler><channel source="#Spine-Matrix-animation-transform" target="Spine/matrix"/></animation>
    <animation id="Spine1-anim" name="Spine1"><source id="Spine1-Matrix-animation-input"><float_array id="Spine1-Matrix-animation-input-array" count="29">

0.000000 0.033333 0.066667 0.100000 0.133333 0.166667 0.200000 0.233333 0.266667 0.300000 0.333333 0.366667 0.400000 0.433333 0.466667 0.500000
0.533333 0.566667 0.600000 0.633333 0.666667 0.700000 0.733333 0.766667 0.800000 0.833333 0.866667 0.900000 0.933333</float_array><technique_common><accessor source="#Spine1-Matrix-animation-input-array" count="29"><param name="TIME" type="float"/></accessor></technique_common></source><source id="Spine1-Matrix-animation-output-transform"><float_array id="Spine1-Matrix-animation-output-transform-array" count="464">

0.999545 -0.029509 0.006247 0.000000 0.029630 0.999357 -0.020210 16.254000 -0.005647 0.020386 0.999776 -0.165600 0.000000 0.000000 0.000000 1.000000
0.999520 -0.029662 0.008897 0.000000 0.029850 0.999317 -0.021787 16.254000 -0.008245 0.022042 0.999723 -0.165600 0.000000 0.000000 0.000000 1.000000
0.999441 -0.031550 0.011053 -0.000000 0.031806 0.999212 -0.023750 16.254000 -0.010295 0.024088 0.999657 -0.165600 0.000000 0.000000 0.000000 1.000000
0.999297 -0.035023 0.013412 0.000000 0.035366 0.999028 -0.026317 16.254000 -0.012477 0.026772 0.999564 -0.165600 0.000000 0.000000 0.000000 1.000000
0.999083 -0.039473 0.016610 0.000000 0.039946 0.998777 -0.029150 16.254000 -0.015439 0.029787 0.999437 -0.165600 0.000000 0.000000 0.000000 1.000000
0.998797 -0.044439 0.020726 0.000000 0.045075 0.998492 -0.031324 16.254000 -0.019303 0.032220 0.999294 -0.165600 0.000000 0.000000 0.000000 1.000000
0.998436 -0.049989 0.025021 -0.000000 0.050779 0.998197 -0.032004 16.254000 -0.023376 0.033225 0.999174 -0.165600 0.000000 0.000000 0.000000 1.000000
0.998015 -0.056228 0.028356 -0.000000 0.057108 0.997879 -0.031243 16.254000 -0.026539 0.032800 0.999110 -0.165600 0.000000 0.000000 0.000000 1.000000
0.997546 -0.063046 0.030458 -0.000000 0.063956 0.997505 -0.029886 16.254000 -0.028498 0.031760 0.999089 -0.165600 0.000000 0.000000 0.000000 1.000000
0.996988 -0.070326 0.032706 0.000000 0.071266 0.997050 -0.028501 16.254000 -0.030606 0.030746 0.999059 -0.165600 0.000000 0.000000 0.000000 1.000000
0.996311 -0.077561 0.036717 0.000000 0.078561 0.996554 -0.026603 16.254000 -0.034527 0.029390 0.998972 -0.165600 0.000000 0.000000 0.000000 1.000000
0.995642 -0.083237 0.042058 0.000000 0.084273 0.996166 -0.023494 16.254000 -0.039941 0.026936 0.998839 -0.165600 0.000000 0.000000 0.000000 1.000000
0.995238 -0.085820 0.046214 0.000000 0.086807 0.996029 -0.019774 16.254000 -0.044334 0.023692 0.998736 -0.165600 0.000000 0.000000 0.000000 1.000000
0.995179 -0.086060 0.047029 0.000000 0.086948 0.996065 -0.017181 16.254000 -0.045365 0.021187 0.998746 -0.165600 0.000000 0.000000 0.000000 1.000000
0.995231 -0.086843 0.044419 0.000000 0.087655 0.996011 -0.016663 16.254000 -0.042795 0.020477 0.998874 -0.165600 0.000000 0.000000 0.000000 1.000000
0.995250 -0.088901 0.039671 -0.000000 0.089638 0.995825 -0.017221 16.254000 -0.037974 0.020695 0.999064 -0.165600 0.000000 0.000000 0.000000 1.000000
0.995332 -0.090032 0.034762 0.000000 0.090680 0.995726 -0.017529 16.254000 -0.033036 0.020600 0.999242 -0.165600 0.000000 0.000000 0.000000 1.000000
0.995598 -0.087976 0.032322 -0.000000 0.088591 0.995903 -0.018115 16.254000 -0.030595 0.020899 0.999313 -0.165600 0.000000 0.000000 0.000000 1.000000
0.995959 -0.083337 0.033477 0.000000 0.084049 0.996251 -0.020473 16.254000 -0.031645 0.023204 0.999230 -0.165600 0.000000 0.000000 0.000000 1.000000
0.996357 -0.077945 0.034590 0.000000 0.078800 0.996600 -0.024064 16.254000 -0.032597 0.026702 0.999112 -0.165600 0.000000 0.000000 0.000000 1.000000
0.996970 -0.071868 0.029755 0.000000 0.072650 0.997017 -0.026078 16.254000 -0.027792 0.028160 0.999217 -0.165600 0.000000 0.000000 0.000000 1.000000
0.997760 -0.064157 0.018943 0.000000 0.064623 0.997595 -0.025082 16.254000 -0.017288 0.026250 0.999506 -0.165600 0.000000 0.000000 0.000000 1.000000
0.998416 -0.055569 0.008828 0.000000 0.055759 0.998180 -0.022975 16.254000 -0.007535 0.023431 0.999697 -0.165600 0.000000 0.000000 0.000000 1.000000
0.998832 -0.048190 0.003465 0.000000 0.048254 0.998595 -0.021889 16.254000 -0.002405 0.022031 0.999754 -0.165600 0.000000 0.000000 0.000000 1.000000
0.999074 -0.043000 0.001450 -0.000000 0.043022 0.998837 -0.021780 16.254000 -0.000512 0.021822 0.999762 -0.165600 0.000000 0.000000 0.000000 1.000000
0.999234 -0.039124 0.001144 0.000000 0.039139 0.998999 -0.021640 16.254000 -0.000297 0.021669 0.999765 -0.165600 0.000000 0.000000 0.000000 1.000000
0.999373 -0.035335 0.002356 0.000000 0.035377 0.999152 -0.021077 16.254000 -0.001609 0.021147 0.999775 -0.165600 0.000000 0.000000 0.000000 1.000000
0.999487 -0.031717 0.004488 -0.000000 0.031802 0.999284 -0.020474 16.254000 -0.003836 0.020607 0.999780 -0.165600 0.000000 0.000000 0.000000 1.000000
0.999544 -0.029528 0.006253 0.000000 0.029648 0.999356 -0.020210 16.254000 -0.005652 0.020386 0.999776 -0.165600 0.000000 0.000000 0.000000 1.000000</float_array><technique_common><accessor source="#Spine1-Matrix-animation-output-transform-array" count="29" stride="16"><param type="float4x4"/></accessor></technique_common></source><source id="Spine1-Interpolations"><Name_array id="Spine1-Interpolations-array" count="29">
 LINEAR LINEAR LINEAR LINEAR LINEAR LINEAR LINEAR LINEAR LINEAR LINEAR LINEAR
LINEAR LINEAR LINEAR LINEAR LINEAR LINEAR LINEAR LINEAR LINEAR LINEAR LINEAR LINEAR
LINEAR LINEAR LINEAR LINEAR LINEAR LINEAR</Name_array><technique_common><accessor source="#Spine1-Interpolations-array" count="29"><param type="name"/></accessor></technique_common></source><sampler id="Spine1-Matrix-animation-transform"><input semantic="INPUT" source="#Spine1-Matrix-animation-input"/><input semantic="OUTPUT" source="#Spine1-Matrix-animation-output-transform"/><input semantic="INTERPOLATION" source="#Spine1-Interpolations"/></sampler><channel source="#Spine1-Matrix-animation-transform" target="Spine1/matrix"/></animation>
    <animation id="Spine2-anim" name="Spine2"><source id="Spine2-Matrix-animation-input"><float_array id="Spine2-Matrix-animation-input-array" count="29">

0.000000 0.033333 0.066667 0.100000 0.133333 0.166667 0.200000 0.233333 0.266667 0.300000 0.333333 0.366667 0.400000 0.433333 0.466667 0.500000
0.533333 0.566667 0.600000 0.633333 0.666667 0.700000 0.733333 0.766667 0.800000 0.833333 0.866667 0.900000 0.933333</float_array><technique_common><accessor source="#Spine2-Matrix-animation-input-array" count="29"><param name="TIME" type="float"/></accessor></technique_common></source><source id="Spine2-Matrix-animation-output-transform"><float_array id="Spine2-Matrix-animation-output-transform-array" count="464">

0.999539 -0.029606 0.006693 0.000000 0.029733 0.999363 -0.019752 13.639600 -0.006104 0.019942 0.999783 -1.292300 0.000000 0.000000 0.000000 1.000000
0.999539 -0.028896 0.009360 -0.000000 0.029089 0.999351 -0.021262 13.639600 -0.008740 0.021524 0.999730 -1.292300 0.000000 0.000000 0.000000 1.000000
0.999521 -0.028765 0.011409 -0.000000 0.029023 0.999310 -0.023167 13.639600 -0.010734 0.023487 0.999667 -1.292300 0.000000 0.000000 0.000000 1.000000
0.999488 -0.029012 0.013482 0.000000 0.029351 0.999239 -0.025694 13.639600 -0.012726 0.026077 0.999579 -1.292300 0.000000 0.000000 0.000000 1.000000
0.999443 -0.029175 0.016211 -0.000000 0.029629 0.999154 -0.028511 13.639600 -0.015365 0.028975 0.999462 -1.292300 0.000000 0.000000 0.000000 1.000000
0.999381 -0.029127 0.019707 0.000000 0.029723 0.999087 -0.030689 13.639600 -0.018795 0.031256 0.999335 -1.292300 0.000000 0.000000 0.000000 1.000000
0.999306 -0.029065 0.023277 0.000000 0.029790 0.999063 -0.031394 13.639600 -0.022343 0.032065 0.999236 -1.292300 0.000000 0.000000 0.000000 1.000000
0.999241 -0.029174 0.025825 -0.000000 0.029962 0.999080 -0.030679 13.639600 -0.024906 0.031429 0.999196 -1.292300 0.000000 0.000000 0.000000 1.000000
0.999195 -0.029567 0.027111 0.000000 0.030362 0.999107 -0.029391 13.639600 -0.026218 0.030191 0.999200 -1.292300 0.000000 0.000000 0.000000 1.000000
0.999132 -0.030345 0.028538 0.000000 0.031147 0.999120 -0.028100 13.639600 -0.027660 0.028965 0.999198 -1.292300 0.000000 0.000000 0.000000 1.000000
0.999008 -0.031234 0.031736 0.000000 0.032074 0.999139 -0.026319 13.639600 -0.030886 0.027311 0.999150 -1.292300 0.000000 0.000000 0.000000 1.000000
0.998863 -0.030901 0.036301 0.000000 0.031761 0.999223 -0.023352 13.639600 -0.035551 0.024478 0.999068 -1.292300 0.000000 0.000000 0.000000 1.000000
0.998817 -0.027948 0.039782 0.000000 0.028753 0.999391 -0.019796 13.639600 -0.039205 0.020916 0.999012 -1.292300 0.000000 0.000000 0.000000 1.000000
0.998926 -0.023261 0.040082 0.000000 0.023973 0.999562 -0.017373 13.639600 -0.039661 0.018315 0.999045 -1.292300 0.000000 0.000000 0.000000 1.000000
0.999114 -0.019822 0.037127 0.000000 0.020465 0.999646 -0.017010 13.639600 -0.036777 0.017755 0.999166 -1.292300 0.000000 0.000000 0.000000 1.000000
0.999315 -0.018414 0.032107 0.000000 0.018990 0.999663 -0.017724 13.639600 -0.031769 0.018322 0.999327 -1.292300 0.000000 0.000000 0.000000 1.000000
0.999490 -0.017218 0.026900 -0.000000 0.017712 0.999677 -0.018251 13.639600 -0.026577 0.018719 0.999471 -1.292300 0.000000 0.000000 0.000000 1.000000
0.999593 -0.015115 0.024203 0.000000 0.015581 0.999694 -0.019189 13.639600 -0.023905 0.019558 0.999523 -1.292300 0.000000 0.000000 0.000000 1.000000
0.999578 -0.014075 0.025413 0.000000 0.014635 0.999651 -0.021975 13.639600 -0.025095 0.022337 0.999435 -1.292300 0.000000 0.000000 0.000000 1.000000
0.999504 -0.016024 0.027118 0.000000 0.016724 0.999527 -0.025790 13.639600 -0.026692 0.026231 0.999299 -1.292300 0.000000 0.000000 0.000000 1.000000
0.999534 -0.019682 0.023352 0.000000 0.020323 0.999414 -0.027542 13.639600 -0.022797 0.028003 0.999348 -1.292300 0.000000 0.000000 0.000000 1.000000
0.999646 -0.022724 0.013861 0.000000 0.023077 0.999397 -0.025934 13.639600 -0.013263 0.026244 0.999568 -1.292300 0.000000 0.000000 0.000000 1.000000
0.999670 -0.025154 0.005204 0.000000 0.025268 0.999410 -0.023280 13.639600 -0.004615 0.023404 0.999715 -1.292300 0.000000 0.000000 0.000000 1.000000
0.999598 -0.028310 0.001397 -0.000000 0.028334 0.999359 -0.021864 13.639600 -0.000777 0.021894 0.999760 -1.292300 0.000000 0.000000 0.000000 1.000000
0.999490 -0.031921 0.000767 0.000000 0.031930 0.999258 -0.021547 13.639600 -0.000079 0.021561 0.999768 -1.292300 0.000000 0.000000 0.000000 1.000000
0.999420 -0.034020 0.001335 0.000000 0.034041 0.999195 -0.021244 13.639600 -0.000611 0.021277 0.999773 -1.292300 0.000000 0.000000 0.000000 1.000000
0.999437 -0.033429 0.002854 0.000000 0.033481 0.999227 -0.020608 13.639600 -0.002163 0.020692 0.999784 -1.292300 0.000000 0.000000 0.000000 1.000000
0.999500 -0.031214 0.004975 0.000000 0.031307 0.999310 -0.020000 13.639600 -0.004347 0.020145 0.999788 -1.292300 0.000000 0.000000 0.000000 1.000000
0.999540 -0.029575 0.006684 0.000000 0.029702 0.999364 -0.019752 13.639600 -0.006095 0.019942 0.999783 -1.292300 0.000000 0.000000 0.000000 1.000000</float_array><technique_common><accessor source="#Spine2-Matrix-animation-output-transform-array" count="29" stride="16"><param type="float4x4"/></accessor></technique_common></source><source id="Spine2-Interpolations"><Name_array id="Spine2-Interpolations-array" count="29">
 LINEAR LINEAR LINEAR LINEAR LINEAR LINEAR LINEAR LINEAR LINEAR LINEAR LINEAR
LINEAR LINEAR LINEAR LINEAR LINEAR LINEAR LINEAR LINEAR LINEAR LINEAR LINEAR LINEAR
LINEAR LINEAR LINEAR LINEAR LINEAR LINEAR</Name_array><technique_common><accessor source="#Spine2-Interpolations-array" count="29"><param type="name"/></accessor></technique_common></source><sampler id="Spine2-Matrix-animation-transform"><input semantic="INPUT" source="#Spine2-Matrix-animation-input"/><input semantic="OUTPUT" source="#Spine2-Matrix-animation-output-transform"/><input semantic="INTERPOLATION" source="#Spine2-Interpolations"/></sampler><channel source="#Spine2-Matrix-animation-transform" target="Spine2/matrix"/></animation>
    <animation id="Neck-anim" name="Neck"><source id="Neck-Matrix-animation-input"><float_array id="Neck-Matrix-animation-input-array" count="29">

0.000000 0.033333 0.066667 0.100000 0.133333 0.166667 0.200000 0.233333 0.266667 0.300000 0.333333 0.366667 0.400000 0.433333 0.466667 0.500000
0.533333 0.566667 0.600000 0.633333 0.666667 0.700000 0.733333 0.766667 0.800000 0.833333 0.866667 0.900000 0.933333</float_array><technique_common><accessor source="#Neck-Matrix-animation-input-array" count="29"><param name="TIME" type="float"/></accessor></technique_common></source><source id="Neck-Matrix-animation-output-transform"><float_array id="Neck-Matrix-animation-output-transform-array" count="464">

0.999968 -0.007936 -0.001378 0.000000 0.007762 0.995152 -0.098040 13.877400 0.002150 0.098026 0.995182 -4.354200 0.000000 0.000000 0.000000 1.000000
0.999941 -0.001752 0.010689 0.000000 0.002773 0.995353 -0.096248 13.877400 -0.010470 0.096272 0.995300 -4.354200 0.000000 0.000000 0.000000 1.000000
0.999471 0.007755 0.031596 0.000000 -0.004585 0.995057 -0.099204 13.877400 -0.032210 0.099007 0.994565 -4.354200 0.000000 0.000000 0.000000 1.000000
0.998048 0.019181 0.059433 0.000000 -0.012739 0.994185 -0.106931 13.877400 -0.061138 0.105965 0.992489 -4.354200 0.000000 0.000000 0.000000 1.000000
0.995491 0.030183 0.089923 0.000000 -0.019480 0.992869 -0.117607 13.877400 -0.092831 0.115325 0.988981 -4.354200 0.000000 0.000000 0.000000 1.000000
0.992328 0.038550 0.117466 0.000000 -0.023337 0.991469 -0.128238 13.877400 -0.121408 0.124513 0.984762 -4.354200 0.000000 0.000000 0.000000 1.000000
0.989503 0.043529 0.137798 0.000000 -0.024568 0.990346 -0.136420 13.877400 -0.142406 0.131603 0.981021 -4.354200 0.000000 0.000000 0.000000 1.000000
0.987637 0.045871 0.149898 0.000000 -0.024540 0.989681 -0.141173 13.877400 -0.154827 0.135749 0.978571 -4.354200 0.000000 0.000000 0.000000 1.000000
0.986706 0.046874 0.155610 0.000000 -0.024453 0.989422 -0.142990 13.877400 -0.160667 0.137284 0.977415 -4.354200 0.000000 0.000000 0.000000 1.000000
0.986443 0.047392 0.157110 0.000000 -0.024701 0.989363 -0.143355 13.877400 -0.162233 0.137531 0.977121 -4.354200 0.000000 0.000000 0.000000 1.000000
0.986672 0.047704 0.155573 -0.000000 -0.025159 0.989289 -0.143787 13.877400 -0.160766 0.137957 0.977304 -4.354200 0.000000 0.000000 0.000000 1.000000
0.987254 0.047804 0.151804 0.000000 -0.025659 0.989155 -0.144614 13.877400 -0.157071 0.138876 0.977774 -4.354200 0.000000 0.000000 0.000000 1.000000
0.988068 0.047159 0.146623 -0.000000 -0.025747 0.989149 -0.144640 13.877400 -0.151853 0.139139 0.978561 -4.354200 0.000000 0.000000 0.000000 1.000000
0.989087 0.044645 0.140406 0.000000 -0.024415 0.989475 -0.142628 13.877400 -0.145296 0.137644 0.979767 -4.354200 0.000000 0.000000 0.000000 1.000000
0.990331 0.039911 0.132856 0.000000 -0.021246 0.990058 -0.139049 13.877400 -0.137084 0.134882 0.981333 -4.354200 0.000000 0.000000 0.000000 1.000000
0.991750 0.034477 0.123463 -0.000000 -0.017560 0.990612 -0.135573 13.877400 -0.126978 0.132286 0.983045 -4.354200 0.000000 0.000000 0.000000 1.000000
0.993239 0.030036 0.112131 0.000000 -0.014970 0.991022 -0.132856 13.877400 -0.115115 0.130279 0.984772 -4.354200 0.000000 0.000000 0.000000 1.000000
0.994713 0.026224 0.099287 -0.000000 -0.013183 0.991454 -0.129790 13.877400 -0.101842 0.127795 0.986558 -4.354200 0.000000 0.000000 0.000000 1.000000
0.996113 0.021439 0.085434 0.000000 -0.010618 0.992080 -0.125156 13.877400 -0.087441 0.123762 0.988452 -4.354200 0.000000 0.000000 0.000000 1.000000
0.997371 0.015052 0.070878 0.000000 -0.006524 0.992868 -0.119039 13.877400 -0.072164 0.118263 0.990357 -4.354200 0.000000 0.000000 0.000000 1.000000
0.998406 0.007779 0.055906 -0.000000 -0.001447 0.993660 -0.112420 13.877400 -0.056426 0.112160 0.992087 -4.354200 0.000000 0.000000 0.000000 1.000000
0.999156 0.000800 0.041078 0.000000 0.003575 0.994325 -0.106327 13.877400 -0.040930 0.106384 0.993482 -4.354200 0.000000 0.000000 0.000000 1.000000
0.999613 -0.004665 0.027427 0.000000 0.007432 0.994792 -0.101654 13.877400 -0.026810 0.101819 0.994442 -4.354200 0.000000 0.000000 0.000000 1.000000
0.999838 -0.007712 0.016261 0.000000 0.009285 0.995045 -0.098988 13.877400 -0.015417 0.099123 0.994956 -4.354200 0.000000 0.000000 0.000000 1.000000
0.999929 -0.008513 0.008361 0.000000 0.009293 0.995133 -0.098100 13.877400 -0.007485 0.098170 0.995141 -4.354200 0.000000 0.000000 0.000000 1.000000
0.999960 -0.008258 0.003478 0.000000 0.008559 0.995145 -0.098043 13.877400 -0.002651 0.098069 0.995176 -4.354200 0.000000 0.000000 0.000000 1.000000
0.999968 -0.007986 0.000735 -0.000000 0.008019 0.995150 -0.098044 13.877400 0.000052 0.098046 0.995182 -4.354200 0.000000 0.000000 0.000000 1.000000
0.999968 -0.007943 -0.000724 0.000000 0.007833 0.995151 -0.098044 13.877400 0.001499 0.098035 0.995182 -4.354200 0.000000 0.000000 0.000000 1.000000
0.999968 -0.007943 -0.001362 0.000000 0.007771 0.995152 -0.098044 13.877400 0.002134 0.098030 0.995181 -4.354200 0.000000 0.000000 0.000000 1.000000</float_array><technique_common><accessor source="#Neck-Matrix-animation-output-transform-array" count="29" stride="16"><param type="float4x4"/></accessor></technique_common></source><source id="Neck-Interpolations"><Name_array id="Neck-Interpolations-array" count="29">
 LINEAR LINEAR LINEAR LINEAR LINEAR LINEAR LINEAR LINEAR LINEAR LINEAR LINEAR
LINEAR LINEAR LINEAR LINEAR LINEAR LINEAR LINEAR LINEAR LINEAR LINEAR LINEAR LINEAR
LINEAR LINEAR LINEAR LINEAR LINEAR LINEAR</Name_array><technique_common><accessor source="#Neck-Interpolations-array" count="29"><param type="name"/></accessor></technique_common></source><sampler id="Neck-Matrix-animation-transform"><input semantic="INPUT" source="#Neck-Matrix-animation-input"/><input semantic="OUTPUT" source="#Neck-Matrix-animation-output-transform"/><input semantic="INTERPOLATION" source="#Neck-Interpolations"/></sampler><channel source="#Neck-Matrix-animation-transform" target="Neck/matrix"/></animation>
    <animation id="Neck1-anim" name="Neck1"><source id="Neck1-Matrix-animation-input"><float_array id="Neck1-Matrix-animation-input-array" count="29">

0.000000 0.033333 0.066667 0.100000 0.133333 0.166667 0.200000 0.233333 0.266667 0.300000 0.333333 0.366667 0.400000 0.433333 0.466667 0.500000
0.533333 0.566667 0.600000 0.633333 0.666667 0.700000 0.733333 0.766667 0.800000 0.833333 0.866667 0.900000 0.933333</float_array><technique_common><accessor source="#Neck1-Matrix-animation-input-array" count="29"><param name="TIME" type="float"/></accessor></technique_common></source><source id="Neck1-Matrix-animation-output-transform"><float_array id="Neck1-Matrix-animation-output-transform-array" count="464">

1.000000 0.000000 0.000000 0.000000 0.000000 1.000000 0.000000 4.340000 0.000000 0.000000 1.000000 0.926900 0.000000 0.000000 0.000000 1.000000
1.000000 -0.000000 0.000000 -0.000000 0.000000 1.000000 0.000000 4.340000 0.000000 0.000000 1.000000 0.926900 0.000000 0.000000 0.000000 1.000000
1.000000 -0.000000 0.000000 0.000000 0.000000 1.000000 -0.000000 4.340000 0.000000 -0.000000 1.000000 0.926900 0.000000 0.000000 0.000000 1.000000
1.000000 -0.000000 0.000000 0.000000 0.000000 1.000000 -0.000000 4.340000 -0.000000 0.000000 1.000000 0.926900 0.000000 0.000000 0.000000 1.000000
1.000000 0.000000 0.000000 0.000000 -0.000000 1.000000 0.000000 4.340000 0.000000 0.000000 1.000000 0.926900 0.000000 0.000000 0.000000 1.000000
1.000000 0.000000 0.000000 0.000000 0.000000 1.000000 -0.000000 4.340000 -0.000000 0.000000 1.000000 0.926900 0.000000 0.000000 0.000000 1.000000
1.000000 0.000000 0.000000 0.000000 0.000000 1.000000 -0.000000 4.340000 -0.000000 0.000000 1.000000 0.926900 0.000000 0.000000 0.000000 1.000000
1.000000 -0.000000 0.000000 0.000000 0.000000 1.000000 -0.000000 4.340000 -0.000000 0.000000 1.000000 0.926900 0.000000 0.000000 0.000000 1.000000
1.000000 0.000000 -0.000000 0.000000 0.000000 1.000000 0.000000 4.340000 -0.000000 0.000000 1.000000 0.926900 0.000000 0.000000 0.000000 1.000000
1.000000 0.000000 0.000000 0.000000 -0.000000 1.000000 0.000000 4.340000 -0.000000 -0.000000 1.000000 0.926900 0.000000 0.000000 0.000000 1.000000
1.000000 0.000000 0.000000 0.000000 -0.000000 1.000000 0.000000 4.340000 0.000000 0.000000 1.000000 0.926900 0.000000 0.000000 0.000000 1.000000
1.000000 0.000000 0.000000 0.000000 -0.000000 1.000000 0.000000 4.340000 -0.000000 -0.000000 1.000000 0.926900 0.000000 0.000000 0.000000 1.000000
1.000000 0.000000 0.000000 0.000000 0.000000 1.000000 -0.000000 4.340000 0.000000 0.000000 1.000000 0.926900 0.000000 0.000000 0.000000 1.000000
1.000000 -0.000000 0.000000 0.000000 0.000000 1.000000 -0.000000 4.340000 0.000000 0.000000 1.000000 0.926900 0.000000 0.000000 0.000000 1.000000
1.000000 -0.000000 0.000000 -0.000000 -0.000000 1.000000 0.000000 4.340000 -0.000000 0.000000 1.000000 0.926900 0.000000 0.000000 0.000000 1.000000
1.000000 -0.000000 -0.000000 0.000000 0.000000 1.000000 -0.000000 4.340000 0.000000 0.000000 1.000000 0.926900 0.000000 0.000000 0.000000 1.000000
1.000000 0.000000 0.000000 0.000000 -0.000000 1.000000 0.000000 4.340000 0.000000 -0.000000 1.000000 0.926900 0.000000 0.000000 0.000000 1.000000
1.000000 0.000000 0.000000 0.000000 -0.000000 1.000000 0.000000 4.340000 -0.000000 0.000000 1.000000 0.926900 0.000000 0.000000 0.000000 1.000000
1.000000 0.000000 -0.000000 -0.000000 -0.000000 1.000000 0.000000 4.340000 -0.000000 -0.000000 1.000000 0.926900 0.000000 0.000000 0.000000 1.000000
1.000000 -0.000000 0.000000 0.000000 0.000000 1.000000 0.000000 4.340000 -0.000000 -0.000000 1.000000 0.926900 0.000000 0.000000 0.000000 1.000000
1.000000 0.000000 -0.000000 0.000000 -0.000000 1.000000 0.000000 4.340000 -0.000000 0.000000 1.000000 0.926900 0.000000 0.000000 0.000000 1.000000
1.000000 -0.000000 0.000000 0.000000 -0.000000 1.000000 -0.000000 4.340000 0.000000 -0.000000 1.000000 0.926900 0.000000 0.000000 0.000000 1.000000
1.000000 0.000000 -0.000000 -0.000000 -0.000000 1.000000 -0.000000 4.340000 -0.000000 -0.000000 1.000000 0.926900 0.000000 0.000000 0.000000 1.000000
1.000000 0.000000 0.000000 0.000000 -0.000000 1.000000 -0.000000 4.340000 -0.000000 0.000000 1.000000 0.926900 0.000000 0.000000 0.000000 1.000000
1.000000 -0.000000 0.000000 0.000000 -0.000000 1.000000 0.000000 4.340000 0.000000 0.000000 1.000000 0.926900 0.000000 0.000000 0.000000 1.000000
1.000000 -0.000000 -0.000000 0.000000 0.000000 1.000000 0.000000 4.340000 0.000000 0.000000 1.000000 0.926900 0.000000 0.000000 0.000000 1.000000
1.000000 0.000000 -0.000000 -0.000000 -0.000000 1.000000 -0.000000 4.340000 0.000000 0.000000 1.000000 0.926900 0.000000 0.000000 0.000000 1.000000
1.000000 0.000000 0.000000 -0.000000 0.000000 1.000000 0.000000 4.340000 0.000000 -0.000000 1.000000 0.926900 0.000000 0.000000 0.000000 1.000000
1.000000 0.000000 0.000000 0.000000 -0.000000 1.000000 -0.000000 4.340000 0.000000 0.000000 1.000000 0.926900 0.000000 0.000000 0.000000 1.000000</float_array><technique_common><accessor source="#Neck1-Matrix-animation-output-transform-array" count="29" stride="16"><param type="float4x4"/></accessor></technique_common></source><source id="Neck1-Interpolations"><Name_array id="Neck1-Interpolations-array" count="29">
 LINEAR LINEAR LINEAR LINEAR LINEAR LINEAR LINEAR LINEAR LINEAR LINEAR LINEAR
LINEAR LINEAR LINEAR LINEAR LINEAR LINEAR LINEAR LINEAR LINEAR LINEAR LINEAR LINEAR
LINEAR LINEAR LINEAR LINEAR LINEAR LINEAR</Name_array><technique_common><accessor source="#Neck1-Interpolations-array" count="29"><param type="name"/></accessor></technique_common></source><sampler id="Neck1-Matrix-animation-transform"><input semantic="INPUT" source="#Neck1-Matrix-animation-input"/><input semantic="OUTPUT" source="#Neck1-Matrix-animation-output-transform"/><input semantic="INTERPOLATION" source="#Neck1-Interpolations"/></sampler><channel source="#Neck1-Matrix-animation-transform" target="Neck1/matrix"/></animation>
    <animation id="Head-anim" name="Head"><source id="Head-Matrix-animation-input"><float_array id="Head-Matrix-animation-input-array" count="29">

0.000000 0.033333 0.066667 0.100000 0.133333 0.166667 0.200000 0.233333 0.266667 0.300000 0.333333 0.366667 0.400000 0.433333 0.466667 0.500000
0.533333 0.566667 0.600000 0.633333 0.666667 0.700000 0.733333 0.766667 0.800000 0.833333 0.866667 0.900000 0.933333</float_array><technique_common><accessor source="#Head-Matrix-animation-input-array" count="29"><param name="TIME" type="float"/></accessor></technique_common></source><source id="Head-Matrix-animation-output-transform"><float_array id="Head-Matrix-animation-output-transform-array" count="464">

0.999711 0.001406 0.024009 0.000000 -0.004554 0.991295 0.131584 4.026600 -0.023615 -0.131656 0.991014 0.858500 0.000000 0.000000 0.000000 1.000000
0.997986 0.011224 0.062438 0.000000 -0.019709 0.990375 0.137000 4.026600 -0.060300 -0.137955 0.988601 0.858500 0.000000 0.000000 0.000000 1.000000
0.992694 0.025291 0.117982 0.000000 -0.041145 0.990134 0.133946 4.026600 -0.113430 -0.137821 0.983940 0.858500 0.000000 0.000000 0.000000 1.000000
0.981562 0.041968 0.186478 -0.000000 -0.065120 0.990658 0.119819 4.026600 -0.179707 -0.129753 0.975125 0.858500 0.000000 0.000000 0.000000 1.000000
0.963976 0.058955 0.259373 0.000000 -0.086009 0.991829 0.094218 4.026600 -0.251699 -0.113133 0.961171 0.858500 0.000000 0.000000 0.000000 1.000000
0.942349 0.074728 0.326180 0.000000 -0.100215 0.993031 0.062023 4.026600 -0.319272 -0.091135 0.943271 0.858500 0.000000 0.000000 0.000000 1.000000
0.920984 0.088925 0.379315 0.000000 -0.108913 0.993551 0.031520 4.026600 -0.374066 -0.070342 0.924730 0.858500 0.000000 0.000000 0.000000 1.000000
0.903345 0.101817 0.416655 0.000000 -0.115963 0.993215 0.008707 4.026600 -0.412942 -0.056182 0.909023 0.858500 0.000000 0.000000 0.000000 1.000000
0.890664 0.113748 0.440203 0.000000 -0.123882 0.992280 -0.005755 4.026600 -0.437459 -0.049408 0.897880 0.858500 0.000000 0.000000 0.000000 1.000000
0.883032 0.124371 0.452533 -0.000000 -0.132333 0.991104 -0.014164 4.026600 -0.450269 -0.047378 0.891635 0.858500 0.000000 0.000000 0.000000 1.000000
0.879937 0.132828 0.456145 0.000000 -0.139635 0.990022 -0.018924 4.026600 -0.454107 -0.047042 0.889704 0.858500 0.000000 0.000000 0.000000 1.000000
0.879848 0.138580 0.454602 0.000000 -0.144555 0.989257 -0.021788 4.026600 -0.452738 -0.046545 0.890428 0.858500 0.000000 0.000000 0.000000 1.000000
0.880883 0.141815 0.451589 -0.000000 -0.147071 0.988843 -0.023651 4.026600 -0.449905 -0.045582 0.891912 0.858500 0.000000 0.000000 0.000000 1.000000
0.881953 0.143726 0.448889 0.000000 -0.148739 0.988578 -0.024292 4.026600 -0.447254 -0.045343 0.893257 0.858500 0.000000 0.000000 0.000000 1.000000
0.883319 0.146254 0.445372 0.000000 -0.152179 0.988093 -0.022654 4.026600 -0.443383 -0.047766 0.895059 0.858500 0.000000 0.000000 0.000000 1.000000
0.886645 0.150148 0.437397 -0.000000 -0.158387 0.987216 -0.017822 4.026600 -0.434481 -0.053476 0.899092 0.858500 0.000000 0.000000 0.000000 1.000000
0.894120 0.152717 0.420984 0.000000 -0.163931 0.986424 -0.009666 4.026600 -0.416745 -0.060370 0.907017 0.858500 0.000000 0.000000 0.000000 1.000000
0.906816 0.148902 0.394350 0.000000 -0.162851 0.986649 0.001932 4.026600 -0.388798 -0.065972 0.918958 0.858500 0.000000 0.000000 0.000000 1.000000
0.923663 0.135907 0.358296 0.000000 -0.152236 0.988187 0.017619 4.026600 -0.351669 -0.070819 0.933442 0.858500 0.000000 0.000000 0.000000 1.000000
