<?xml version="1.0" encoding="utf-8"?>
<COLLADA xmlns="http://www.collada.org/2005/11/COLLADASchema" version="1.4.1">
  <asset><contributor><author>Mixamo</author><authoring_tool>COLLADA Mixamo exporter</authoring_tool><comments></comments></contributor><created>2018-12-19T14:12:58Z</created><modified>2018-12-19T14:12:58Z</modified><revision></revision><title></title><unit meter="0.010000"/><up_axis>Y_UP</up_axis></asset>
  <library_animations>
    <animation id="Hips-anim" name="Hips"><source id="Hips-Matrix-animation-input"><float_array id="Hips-Matrix-animation-input-array" count="32">

0.000000 0.033333 0.066667 0.100000 0.133333 0.166667 0.200000 0.233333 0.266667 0.300000 0.333333 0.366667 0.400000 0.433333 0.466667 0.500000
0.533333 0.566667 0.600000 0.633333 0.666667 0.700000 0.733333 0.766667 0.800000 0.833333 0.866667 0.900000 0.933333 0.966667 1.000000 1.033333</float_array><technique_common><accessor source="#Hips-Matrix-animation-input-array" count="32"><param name="TIME" type="float"/></accessor></technique_common></source><source id="Hips-Matrix-animation-output-transform"><float_array id="Hips-Matrix-animation-output-transform-array" count="512">

0.999431 -0.003467 0.033539 0.020223 0.004602 0.999417 -0.033836 95.162041 -0.033402 0.033971 0.998865 -0.034213 0.000000 0.000000 0.000000 1.000000
0.999680 -0.006879 0.024327 0.173203 0.007951 0.998989 -0.044248 95.765038 -0.023998 0.044427 0.998724 4.768429 0.000000 0.000000 0.000000 1.000000
0.999908 -0.001984 0.013411 0.375496 0.002725 0.998454 -0.055515 95.610863 -0.013281 0.055546 0.998368 9.573710 0.000000 0.000000 0.000000 1.000000
0.999727 0.022260 -0.007034 0.606669 -0.022661 0.997736 -0.063316 94.637375 0.005609 0.063458 0.997969 14.536308 0.000000 0.000000 0.000000 1.000000
0.998319 0.046912 -0.034041 0.814220 -0.049083 0.996610 -0.066028 93.082191 0.030828 0.067587 0.997237 19.798769 0.000000 0.000000 0.000000 1.000000
0.996960 0.056462 -0.053692 1.068678 -0.060105 0.995815 -0.068852 91.406822 0.049579 0.071870 0.996181 25.159037 0.000000 0.000000 0.000000 1.000000
0.996442 0.054502 -0.064283 1.409429 -0.058928 0.995869 -0.069083 90.092857 0.060252 0.072625 0.995538 30.486319 0.000000 0.000000 0.000000 1.000000
0.997356 0.041120 -0.059916 1.865028 -0.044298 0.997627 -0.052713 89.125221 0.057606 0.055228 0.996811 36.451702 0.000000 0.000000 0.000000 1.000000
0.998242 0.032584 -0.049508 2.511452 -0.034575 0.998605 -0.039903 88.663033 0.048139 0.041544 0.997976 43.038719 0.000000 0.000000 0.000000 1.000000
0.998924 0.025574 -0.038694 3.227741 -0.026679 0.999243 -0.028316 88.424713 0.037941 0.029318 0.998850 49.434704 0.000000 0.000000 0.000000 1.000000
0.999434 0.019527 -0.027401 3.879890 -0.020024 0.999637 -0.017998 88.295883 0.027039 0.018537 0.999462 55.353321 0.000000 0.000000 0.000000 1.000000
0.999794 0.013425 -0.015208 4.478180 -0.013562 0.999868 -0.008989 88.476341 0.015085 0.009193 0.999844 60.834179 0.000000 0.000000 0.000000 1.000000
0.999965 0.008038 -0.002165 4.923606 -0.008041 0.999967 -0.001303 89.126663 0.002154 0.001320 0.999997 66.012840 0.000000 0.000000 0.000000 1.000000
0.999927 0.003558 0.011564 5.081542 -0.003617 0.999981 0.005053 90.352242 -0.011546 -0.005094 0.999920 70.993515 0.000000 0.000000 0.000000 1.000000
0.999670 -0.000670 0.025665 4.979301 0.000412 0.999949 0.010079 91.781158 -0.025671 -0.010065 0.999620 75.874153 0.000000 0.000000 0.000000 1.000000
0.999193 -0.004940 0.039874 4.677420 0.004393 0.999895 0.013787 93.007103 -0.039938 -0.013601 0.999110 80.910477 0.000000 0.000000 0.000000 1.000000
0.998503 -0.009206 0.053921 4.385924 0.008474 0.999869 0.013804 93.992828 -0.054041 -0.013327 0.998450 86.072830 0.000000 0.000000 0.000000 1.000000
0.997665 -0.013202 0.067003 4.124100 0.012597 0.999876 0.009437 94.431244 -0.067120 -0.008571 0.997708 91.184319 0.000000 0.000000 0.000000 1.000000
0.996721 -0.017553 0.078987 3.835728 0.017637 0.999844 -0.000371 94.240250 -0.078968 0.001763 0.996876 96.282532 0.000000 0.000000 0.000000 1.000000
0.994721 -0.034737 0.096561 3.473696 0.036156 0.999262 -0.012983 93.615341 -0.096039 0.016406 0.995242 101.570381 0.000000 0.000000 0.000000 1.000000
0.991993 -0.050125 0.115918 3.098623 0.053555 0.998209 -0.026665 92.479752 -0.114374 0.032660 0.992901 107.029266 0.000000 0.000000 0.000000 1.000000
0.990174 -0.057722 0.127375 2.716024 0.063574 0.997078 -0.042364 91.244843 -0.124558 0.050045 0.990949 112.330017 0.000000 0.000000 0.000000 1.000000
0.990306 -0.053602 0.128145 2.184587 0.059800 0.997195 -0.045020 89.960144 -0.125372 0.052247 0.990733 117.939423 0.000000 0.000000 0.000000 1.000000
0.992553 -0.033577 0.117091 1.524706 0.037416 0.998827 -0.030743 89.011940 -0.115921 0.034895 0.992645 124.089638 0.000000 0.000000 0.000000 1.000000
0.994270 -0.020846 0.104843 0.840076 0.023731 0.999371 -0.026350 88.531906 -0.104228 0.028687 0.994140 130.309219 0.000000 0.000000 0.000000 1.000000
0.995540 -0.012100 0.093561 0.173762 0.014524 0.999575 -0.025267 88.329605 -0.093216 0.026513 0.995293 136.142502 0.000000 0.000000 0.000000 1.000000
0.996550 -0.006813 0.082720 -0.510644 0.009056 0.999600 -0.026776 88.702950 -0.082504 0.027432 0.996213 141.522522 0.000000 0.000000 0.000000 1.000000
0.997383 -0.003864 0.072196 -1.013633 0.006029 0.999538 -0.029785 89.503052 -0.072048 0.030142 0.996946 146.243576 0.000000 0.000000 0.000000 1.000000
0.998075 -0.003118 0.061945 -1.109115 0.005181 0.999436 -0.033166 90.764778 -0.061807 0.033423 0.997528 150.744125 0.000000 0.000000 0.000000 1.000000
0.998642 -0.003491 0.051982 -0.830863 0.005355 0.999346 -0.035763 92.330368 -0.051823 0.035993 0.998007 155.309372 0.000000 0.000000 0.000000 1.000000
0.999090 -0.003890 0.042475 -0.389247 0.005438 0.999323 -0.036389 93.895660 -0.042305 0.036587 0.998435 159.782104 0.000000 0.000000 0.000000 1.000000
0.999431 -0.003467 0.033539 0.020222 0.004602 0.999417 -0.033836 95.162041 -0.033402 0.033971 0.998865 164.157883 0.000000 0.000000 0.000000 1.000000</float_array><technique_common><accessor source="#Hips-Matrix-animation-output-transform-array" count="32" stride="16"><param type="float4x4"/></accessor></technique_common></source><source id="Hips-Interpolations"><Name_array id="Hips-Interpolations-array" count="32">
 LINEAR LINEAR LINEAR LINEAR LINEAR LINEAR LINEAR LINEAR LINEAR LINEAR LINEAR
LINEAR LINEAR LINEAR LINEAR LINEAR LINEAR LINEAR LINEAR LINEAR LINEAR LINEAR LINEAR
LINEAR LINEAR LINEAR LINEAR LINEAR LINEAR LINEAR LINEAR LINEAR</Name_array><technique_common><accessor source="#Hips-Interpolations-array" count="32"><param type="name"/></accessor></technique_common></source><sampler id="Hips-Matrix-animation-transform"><input semantic="INPUT" source="#Hips-Matrix-animation-input"/><input semantic="OUTPUT" source="#Hips-Matrix-animation-output-transform"/><input semantic="INTERPOLATION" source="#Hips-Interpolations"/></sampler><channel source="#Hips-Matrix-animation-transform" target="Hips/matrix"/></animation>
    <animation id="Spine-anim" name="Spine"><source id="Spine-Matrix-animation-input"><float_array id="Spine-Matrix-animation-input-array" count="32">

0.000000 0.033333 0.066667 0.100000 0.133333 0.166667 0.200000 0.233333 0.266667 0.300000 0.333333 0.366667 0.400000 0.433333 0.466667 0.500000
0.533333 0.566667 0.600000 0.633333 0.666667 0.700000 0.733333 0.766667 0.800000 0.833333 0.866667 0.900000 0.933333 0.966667 1.000000 1.033333</float_array><technique_common><accessor source="#Spine-Matrix-animation-input-array" count="32"><param name="TIME" type="float"/></accessor></technique_common></source><source id="Spine-Matrix-animation-output-transform"><float_array id="Spine-Matrix-animation-output-transform-array" count="512">

0.999726 0.005459 -0.022749 -0.000000 -0.007872 0.994186 -0.107390 9.226300 0.022030 0.107540 0.993957 1.577100 0.000000 0.000000 0.000000 1.000000
0.999930 0.009936 -0.006484 0.000000 -0.010538 0.994869 -0.100624 9.226300 0.005451 0.100685 0.994903 1.577100 0.000000 0.000000 0.000000 1.000000
0.999938 -0.000398 0.011160 -0.000000 0.001434 0.995664 -0.093012 9.226300 -0.011075 0.093022 0.995602 1.577100 0.000000 0.000000 0.000000 1.000000
0.998483 -0.038742 0.039134 -0.000000 0.041899 0.995637 -0.083380 9.226300 -0.035733 0.084893 0.995749 1.577100 0.000000 0.000000 0.000000 1.000000
0.995556 -0.070180 0.062796 0.000000 0.074613 0.994661 -0.071285 9.226300 -0.057458 0.075654 0.995477 1.577100 0.000000 0.000000 0.000000 1.000000
0.994867 -0.074054 0.068968 0.000000 0.078354 0.995003 -0.061891 9.226300 -0.064040 0.066977 0.995697 1.577100 0.000000 0.000000 0.000000 1.000000
0.995451 -0.060360 0.073712 -0.000000 0.064957 0.995982 -0.061647 9.226300 -0.069695 0.066155 0.995372 1.577100 0.000000 0.000000 0.000000 1.000000
0.996524 -0.032206 0.076832 0.000000 0.037597 0.996854 -0.069782 9.226300 -0.074343 0.072428 0.994599 1.577100 0.000000 0.000000 0.000000 1.000000
0.997134 -0.011081 0.074844 0.000000 0.015756 0.997941 -0.062170 9.226300 -0.074001 0.063171 0.995255 1.577100 0.000000 0.000000 0.000000 1.000000
0.997545 0.011390 0.069102 0.000000 -0.007235 0.998167 -0.060088 9.226300 -0.069659 0.059441 0.995798 1.577100 0.000000 0.000000 0.000000 1.000000
0.997440 0.021221 0.068286 0.000000 -0.016813 0.997777 -0.064486 9.226300 -0.069503 0.063172 0.995580 1.577100 0.000000 0.000000 0.000000 1.000000
0.998209 0.022232 0.055537 -0.000000 -0.018316 0.997375 -0.070059 9.226300 -0.056949 0.068917 0.995996 1.577100 0.000000 0.000000 0.000000 1.000000
0.999608 0.016954 0.022278 -0.000000 -0.015204 0.996952 -0.076516 9.226300 -0.023507 0.076147 0.996819 1.577100 0.000000 0.000000 0.000000 1.000000
0.999875 0.010481 -0.011853 0.000000 -0.011434 0.996450 -0.083412 9.226300 0.010936 0.083537 0.996445 1.577100 0.000000 0.000000 0.000000 1.000000
0.999332 0.008051 -0.035639 0.000000 -0.011166 0.996050 -0.088090 9.226300 0.034789 0.088429 0.995475 1.577100 0.000000 0.000000 0.000000 1.000000
0.998361 0.013448 -0.055620 0.000000 -0.018269 0.996031 -0.087109 9.226300 0.054228 0.087982 0.994645 1.577100 0.000000 0.000000 0.000000 1.000000
0.996988 0.018255 -0.075374 -0.000000 -0.024627 0.996119 -0.084496 9.226300 0.073539 0.086098 0.993569 1.577100 0.000000 0.000000 0.000000 1.000000
0.995498 0.021680 -0.092274 -0.000000 -0.029675 0.995838 -0.086172 9.226300 0.090021 0.088523 0.991998 1.577100 0.000000 0.000000 0.000000 1.000000
0.994069 0.028831 -0.104859 0.000000 -0.037975 0.995547 -0.086277 9.226300 0.101905 0.089747 0.990738 1.577100 0.000000 0.000000 0.000000 1.000000
0.990892 0.057295 -0.121861 0.000000 -0.067105 0.994693 -0.077988 9.226300 0.116746 0.085455 0.989479 1.577100 0.000000 0.000000 0.000000 1.000000
0.987930 0.080222 -0.132511 -0.000000 -0.089295 0.993947 -0.064001 9.226300 0.126575 0.075061 0.989113 1.577100 0.000000 0.000000 0.000000 1.000000
0.988382 0.080675 -0.128812 0.000000 -0.088242 0.994626 -0.054154 9.226300 0.123751 0.064891 0.990189 1.577100 0.000000 0.000000 0.000000 1.000000
0.990632 0.066881 -0.119060 0.000000 -0.074236 0.995527 -0.058446 9.226300 0.114619 0.066737 0.991165 1.577100 0.000000 0.000000 0.000000 1.000000
0.993511 0.036396 -0.107752 0.000000 -0.044404 0.996352 -0.072877 9.226300 0.104706 0.077188 0.991503 1.577100 0.000000 0.000000 0.000000 1.000000
0.993822 0.011429 -0.110400 0.000000 -0.019496 0.997195 -0.072268 9.226300 0.109264 0.073974 0.991256 1.577100 0.000000 0.000000 0.000000 1.000000
0.992525 0.002763 -0.122008 0.000000 -0.011168 0.997605 -0.068260 9.226300 0.121527 0.069113 0.990179 1.577100 0.000000 0.000000 0.000000 1.000000
0.993300 0.004999 -0.115453 0.000000 -0.012710 0.997729 -0.066153 9.226300 0.114860 0.067178 0.991108 1.577100 0.000000 0.000000 0.000000 1.000000
0.996092 0.011468 -0.087570 0.000000 -0.017961 0.997117 -0.073722 9.226300 0.086472 0.075007 0.993427 1.577100 0.000000 0.000000 0.000000 1.000000
0.998054 0.015368 -0.060425 0.000000 -0.020319 0.996409 -0.082191 9.226300 0.058945 0.083259 0.994783 1.577100 0.000000 0.000000 0.000000 1.000000
0.998979 0.014106 -0.042923 -0.000000 -0.017772 0.996115 -0.086249 9.226300 0.041540 0.086924 0.995349 1.577100 0.000000 0.000000 0.000000 1.000000
0.999456 0.010133 -0.031379 0.000000 -0.013024 0.995547 -0.093358 9.226300 0.030293 0.093716 0.995138 1.577100 0.000000 0.000000 0.000000 1.000000
0.999726 0.005459 -0.022749 0.000000 -0.007872 0.994186 -0.107390 9.226300 0.022030 0.107540 0.993957 1.577100 0.000000 0.000000 0.000000 1.000000</float_array><technique_common><accessor source="#Spine-Matrix-animation-output-transform-array" count="32" stride="16"><param type="float4x4"/></accessor></technique_common></source><source id="Spine-Interpolations"><Name_array id="Spine-Interpolations-array" count="32">
 LINEAR LINEAR LINEAR LINEAR LINEAR LINEAR LINEAR LINEAR LINEAR LINEAR LINEAR
LINEAR LINEAR LINEAR LINEAR LINEAR LINEAR LINEAR LINEAR LINEAR LINEAR LINEAR LINEAR
LINEAR LINEAR LINEAR LINEAR LINEAR LINEAR LINEAR LINEAR LINEAR</Name_array><technique_common><accessor source="#Spine-Interpolations-array" count="32"><param type="name"/></accessor></technique_common></source><sampler id="Spine-Matrix-animation-transform"><input semantic="INPUT" source="#Spine-Matrix-animation-input"/><input semantic="OUTPUT" source="#Spine-Matrix-animation-output-transform"/><input semantic="INTERPOLATION" source="#Spine-Interpolations"/></sampler><channel source="#Spine-Matrix-animation-transform" target="Spine/matrix"/></animation>
    <animation id="Spine1-anim" name="Spine1"><source id="Spine1-Matrix-animation-input"><float_array id="Spine1-Matrix-animation-input-array" count="32">

0.000000 0.033333 0.066667 0.100000 0.133333 0.166667 0.200000 0.233333 0.266667 0.300000 0.333333 0.366667 0.400000 0.433333 0.466667 0.500000
0.533333 0.566667 0.600000 0.633333 0.666667 0.700000 0.733333 0.766667 0.800000 0.833333 0.866667 0.900000 0.933333 0.966667 1.000000 1.033333</float_array><technique_common><accessor source="#Spine1-Matrix-animation-input-array" count="32"><param name="TIME" type="float"/></accessor></technique_common></source><source id="Spine1-Matrix-animation-output-transform"><float_array id="Spine1-Matrix-animation-output-transform-array" count="512">

0.998877 -0.021488 -0.042215 0.000000 0.019647 0.998858 -0.043549 16.254000 0.043103 0.042670 0.998159 -0.165600 0.000000 0.000000 0.000000 1.000000
0.999414 -0.011801 -0.032122 0.000000 0.010546 0.999185 -0.038965 16.254000 0.032556 0.038603 0.998724 -0.165600 0.000000 0.000000 0.000000 1.000000
0.999764 0.000591 -0.021709 0.000000 -0.001354 0.999382 -0.035128 16.254000 0.021675 0.035150 0.999147 -0.165600 0.000000 0.000000 0.000000 1.000000
0.999771 0.018103 -0.011382 0.000000 -0.018481 0.999250 -0.034039 16.254000 0.010758 0.034241 0.999356 -0.165600 0.000000 0.000000 0.000000 1.000000
0.999523 0.030890 0.000516 0.000000 -0.030853 0.998911 -0.034993 16.254000 -0.001597 0.034961 0.999387 -0.165600 0.000000 0.000000 0.000000 1.000000
0.999336 0.033079 0.015279 0.000000 -0.032528 0.998857 -0.035021 16.254000 -0.016420 0.034501 0.999270 -0.165600 0.000000 0.000000 0.000000 1.000000
0.999084 0.030720 0.029802 -0.000000 -0.029658 0.998931 -0.035444 16.254000 -0.030859 0.034528 0.998927 -0.165600 0.000000 0.000000 0.000000 1.000000
0.998768 0.029010 0.040255 0.000000 -0.027522 0.998935 -0.037021 16.254000 -0.041286 0.035867 0.998503 -0.165600 0.000000 0.000000 0.000000 1.000000
0.998661 0.025117 0.045220 -0.000000 -0.023603 0.999153 -0.033702 16.254000 -0.046028 0.032589 0.998408 -0.165600 0.000000 0.000000 0.000000 1.000000
0.998998 0.013644 0.042636 -0.000000 -0.012543 0.999584 -0.025982 16.254000 -0.042973 0.025421 0.998753 -0.165600 0.000000 0.000000 0.000000 1.000000
0.999347 0.012356 0.033947 0.000000 -0.011604 0.999685 -0.022242 16.254000 -0.034211 0.021833 0.999176 -0.165600 0.000000 0.000000 0.000000 1.000000
0.999562 0.012609 0.026772 -0.000000 -0.012006 0.999673 -0.022560 16.254000 -0.027048 0.022228 0.999387 -0.165600 0.000000 0.000000 0.000000 1.000000
0.999796 0.009744 0.017680 -0.000000 -0.009276 0.999609 -0.026383 16.254000 -0.017930 0.026213 0.999496 -0.165600 0.000000 0.000000 0.000000 1.000000
0.999977 0.006712 0.000963 -0.000000 -0.006679 0.999497 -0.030990 16.254000 -0.001171 0.030983 0.999519 -0.165600 0.000000 0.000000 0.000000 1.000000
0.999805 0.004416 -0.019235 0.000000 -0.005055 0.999433 -0.033289 16.254000 0.019077 0.033380 0.999261 -0.165600 0.000000 0.000000 0.000000 1.000000
0.999306 -0.002008 -0.037189 0.000000 0.000730 0.999409 -0.034354 16.254000 0.037236 0.034303 0.998718 -0.165600 0.000000 0.000000 0.000000 1.000000
0.998479 -0.009706 -0.054266 0.000000 0.007775 0.999333 -0.035679 16.254000 0.054576 0.035203 0.997889 -0.165600 0.000000 0.000000 0.000000 1.000000
0.997222 -0.018320 -0.072204 -0.000000 0.015709 0.999208 -0.036565 16.254000 0.072817 0.035330 0.996719 -0.165600 0.000000 0.000000 0.000000 1.000000
0.995594 -0.029975 -0.088847 0.000000 0.026677 0.998918 -0.038082 16.254000 0.089892 0.035544 0.995317 -0.165600 0.000000 0.000000 0.000000 1.000000
0.993593 -0.046226 -0.103133 0.000000 0.041965 0.998189 -0.043108 16.254000 0.104939 0.038503 0.993733 -0.165600 0.000000 0.000000 0.000000 1.000000
0.991398 -0.057175 -0.117730 -0.000000 0.051915 0.997532 -0.047274 16.254000 0.120142 0.040756 0.991920 -0.165600 0.000000 0.000000 0.000000 1.000000
0.989758 -0.056947 -0.130909 -0.000000 0.051333 0.997627 -0.045877 16.254000 0.133210 0.038687 0.990332 -0.165600 0.000000 0.000000 0.000000 1.000000
0.988911 -0.054690 -0.138076 -0.000000 0.048865 0.997781 -0.045235 16.254000 0.140243 0.037986 0.989388 -0.165600 0.000000 0.000000 0.000000 1.000000
0.988725 -0.053723 -0.139775 0.000000 0.047624 0.997777 -0.046619 16.254000 0.141969 0.039437 0.989085 -0.165600 0.000000 0.000000 0.000000 1.000000
0.989519 -0.047128 -0.136493 0.000000 0.041672 0.998225 -0.042557 16.254000 0.138256 0.036423 0.989727 -0.165600 0.000000 0.000000 0.000000 1.000000
0.990498 -0.049641 -0.128253 0.000000 0.044612 0.998130 -0.041794 16.254000 0.130088 0.035675 0.990860 -0.165600 0.000000 0.000000 0.000000 1.000000
0.991362 -0.049138 -0.121601 0.000000 0.044488 0.998182 -0.040666 16.254000 0.123378 0.034905 0.991746 -0.165600 0.000000 0.000000 0.000000 1.000000
0.992642 -0.045919 -0.112041 0.000000 0.041523 0.998285 -0.041268 16.254000 0.113744 0.036312 0.992846 -0.165600 0.000000 0.000000 0.000000 1.000000
0.994686 -0.041358 -0.094283 0.000000 0.037313 0.998323 -0.044271 16.254000 0.095955 0.040517 0.994561 -0.165600 0.000000 0.000000 0.000000 1.000000
0.996778 -0.034783 -0.072281 -0.000000 0.031471 0.998424 -0.046463 16.254000 0.073783 0.044039 0.996301 -0.165600 0.000000 0.000000 0.000000 1.000000
0.998163 -0.028060 -0.053688 0.000000 0.025601 0.998616 -0.045945 16.254000 0.054903 0.044486 0.997500 -0.165600 0.000000 0.000000 0.000000 1.000000
0.998877 -0.021488 -0.042215 0.000000 0.019647 0.998858 -0.043549 16.254000 0.043103 0.042670 0.998159 -0.165600 0.000000 0.000000 0.000000 1.000000</float_array><technique_common><accessor source="#Spine1-Matrix-animation-output-transform-array" count="32" stride="16"><param type="float4x4"/></accessor></technique_common></source><source id="Spine1-Interpolations"><Name_array id="Spine1-Interpolations-array" count="32">
 LINEAR LINEAR LINEAR LINEAR LINEAR LINEAR LINEAR LINEAR LINEAR LINEAR LINEAR
LINEAR LINEAR LINEAR LINEAR LINEAR LINEAR LINEAR LINEAR LINEAR LINEAR LINEAR LINEAR
LINEAR LINEAR LINEAR LINEAR LINEAR LINEAR LINEAR LINEAR LINEAR</Name_array><technique_common><accessor source="#Spine1-Interpolations-array" count="32"><param type="name"/></accessor></technique_common></source><sampler id="Spine1-Matrix-animation-transform"><input semantic="INPUT" source="#Spine1-Matrix-animation-input"/><input semantic="OUTPUT" source="#Spine1-Matrix-animation-output-transform"/><input semantic="INTERPOLATION" source="#Spine1-Interpolations"/></sampler><channel source="#Spine1-Matrix-animation-transform" target="Spine1/matrix"/></animation>
    <animation id="Spine2-anim" name="Spine2"><source id="Spine2-Matrix-animation-input"><float_array id="Spine2-Matrix-animation-input-array" count="32">

0.000000 0.033333 0.066667 0.100000 0.133333 0.166667 0.200000 0.233333 0.266667 0.300000 0.333333 0.366667 0.400000 0.433333 0.466667 0.500000
0.533333 0.566667 0.600000 0.633333 0.666667 0.700000 0.733333 0.766667 0.800000 0.833333 0.866667 0.900000 0.933333 0.966667 1.000000 1.033333</float_array><technique_common><accessor source="#Spine2-Matrix-animation-input-array" count="32"><param name="TIME" type="float"/></accessor></technique_common></source><source id="Spine2-Matrix-animation-output-transform"><float_array id="Spine2-Matrix-animation-output-transform-array" count="512">

0.998867 -0.023401 -0.041444 0.000000 0.021613 0.998838 -0.043085 13.639600 0.042404 0.042141 0.998211 -1.292300 0.000000 0.000000 0.000000 1.000000
0.999418 -0.013431 -0.031365 0.000000 0.012214 0.999177 -0.038669 13.639600 0.031859 0.038263 0.998760 -1.292300 0.000000 0.000000 0.000000 1.000000
0.999776 -0.000779 -0.021149 0.000000 0.000041 0.999393 -0.034841 13.639600 0.021164 0.034833 0.999169 -1.292300 0.000000 0.000000 0.000000 1.000000
0.999792 0.017009 -0.011258 -0.000000 -0.017376 0.999292 -0.033378 13.639600 0.010682 0.033567 0.999379 -1.292300 0.000000 0.000000 0.000000 1.000000
0.999544 0.030189 0.000256 -0.000000 -0.030163 0.998976 -0.033708 13.639600 -0.001273 0.033685 0.999432 -1.292300 0.000000 0.000000 0.000000 1.000000
0.999353 0.032757 0.014879 0.000000 -0.032242 0.998914 -0.033624 13.639600 -0.015964 0.033122 0.999324 -1.292300 0.000000 0.000000 0.000000 1.000000
0.999094 0.030832 0.029330 0.000000 -0.029818 0.998963 -0.034405 13.639600 -0.030360 0.033499 0.998978 -1.292300 0.000000 0.000000 0.000000 1.000000
0.998769 0.029660 0.039760 0.000000 -0.028227 0.998949 -0.036122 13.639600 -0.040789 0.034955 0.998556 -1.292300 0.000000 0.000000 0.000000 1.000000
0.998654 0.025633 0.045086 0.000000 -0.024162 0.999167 -0.032878 13.639600 -0.045892 0.031745 0.998442 -1.292300 0.000000 0.000000 0.000000 1.000000
0.998979 0.013355 0.043159 0.000000 -0.012251 0.999594 -0.025736 13.639600 -0.043485 0.025181 0.998737 -1.292300 0.000000 0.000000 0.000000 1.000000
0.999329 0.011580 0.034734 0.000000 -0.010831 0.999706 -0.021680 13.639600 -0.034975 0.021289 0.999161 -1.292300 0.000000 0.000000 0.000000 1.000000
0.999546 0.011925 0.027669 -0.000000 -0.011325 0.999700 -0.021731 13.639600 -0.027920 0.021408 0.999381 -1.292300 0.000000 0.000000 0.000000 1.000000
0.999783 0.009376 0.018587 0.000000 -0.008897 0.999631 -0.025683 13.639600 -0.018821 0.025512 0.999497 -1.292300 0.000000 0.000000 0.000000 1.000000
0.999978 0.006323 0.001806 0.000000 -0.006265 0.999512 -0.030605 13.639600 -0.001998 0.030593 0.999530 -1.292300 0.000000 0.000000 0.000000 1.000000
0.999823 0.003632 -0.018466 0.000000 -0.004245 0.999439 -0.033235 13.639600 0.018335 0.033307 0.999277 -1.292300 0.000000 0.000000 0.000000 1.000000
0.999331 -0.003280 -0.036437 -0.000000 0.002027 0.999407 -0.034371 13.639600 0.036528 0.034274 0.998745 -1.292300 0.000000 0.000000 0.000000 1.000000
0.998501 -0.011511 -0.053513 0.000000 0.009618 0.999324 -0.035497 13.639600 0.053885 0.034929 0.997936 -1.292300 0.000000 0.000000 0.000000 1.000000
0.997233 -0.020574 -0.071430 0.000000 0.018032 0.999187 -0.036047 13.639600 0.072114 0.034660 0.996794 -1.292300 0.000000 0.000000 0.000000 1.000000
0.995594 -0.032564 -0.087934 0.000000 0.029420 0.998889 -0.036822 13.639600 0.089036 0.034073 0.995445 -1.292300 0.000000 0.000000 0.000000 1.000000
0.993575 -0.049389 -0.101828 0.000000 0.045488 0.998152 -0.040284 13.639600 0.103629 0.035394 0.993986 -1.292300 0.000000 0.000000 0.000000 1.000000
0.991372 -0.060924 -0.116057 0.000000 0.056202 0.997470 -0.043541 13.639600 0.118416 0.036642 0.992288 -1.292300 0.000000 0.000000 0.000000 1.000000
0.989750 -0.060705 -0.129267 0.000000 0.055591 0.997535 -0.042811 13.639600 0.131548 0.035186 0.990685 -1.292300 0.000000 0.000000 0.000000 1.000000
0.988908 -0.058620 -0.136476 0.000000 0.053232 0.997665 -0.042796 13.639600 0.138666 0.035056 0.989719 -1.292300 0.000000 0.000000 0.000000 1.000000
0.988693 -0.058089 -0.138245 0.000000 0.052451 0.997650 -0.044082 13.639600 0.140481 0.036332 0.989417 -1.292300 0.000000 0.000000 0.000000 1.000000
0.989458 -0.051042 -0.135530 0.000000 0.045923 0.998118 -0.040636 13.639600 0.137349 0.033983 0.989940 -1.292300 0.000000 0.000000 0.000000 1.000000
0.990404 -0.053032 -0.127624 0.000000 0.048435 0.998070 -0.038859 13.639600 0.129438 0.032305 0.991061 -1.292300 0.000000 0.000000 0.000000 1.000000
0.991261 -0.052124 -0.121183 0.000000 0.047859 0.998137 -0.037844 13.639600 0.122930 0.031713 0.991908 -1.292300 0.000000 0.000000 0.000000 1.000000
0.992545 -0.048850 -0.111662 0.000000 0.044732 0.998234 -0.039095 13.639600 0.113374 0.033809 0.992977 -1.292300 0.000000 0.000000 0.000000 1.000000
0.994600 -0.044413 -0.093801 -0.000000 0.040545 0.998263 -0.042744 13.639600 0.095536 0.038710 0.994673 -1.292300 0.000000 0.000000 0.000000 1.000000
0.996720 -0.037599 -0.071662 0.000000 0.034382 0.998368 -0.045604 13.639600 0.073260 0.042990 0.996386 -1.292300 0.000000 0.000000 0.000000 1.000000
0.998136 -0.030323 -0.052958 0.000000 0.027923 0.998575 -0.045487 13.639600 0.054261 0.043923 0.997560 -1.292300 0.000000 0.000000 0.000000 1.000000
0.998867 -0.023401 -0.041444 0.000000 0.021613 0.998838 -0.043085 13.639600 0.042404 0.042141 0.998211 -1.292300 0.000000 0.000000 0.000000 1.000000</float_array><technique_common><accessor source="#Spine2-Matrix-animation-output-transform-array" count="32" stride="16"><param type="float4x4"/></accessor></technique_common></source><source id="Spine2-Interpolations"><Name_array id="Spine2-Interpolations-array" count="32">
 LINEAR LINEAR LINEAR LINEAR LINEAR LINEAR LINEAR LINEAR LINEAR LINEAR LINEAR
LINEAR LINEAR LINEAR LINEAR LINEAR LINEAR LINEAR LINEAR LINEAR LINEAR LINEAR LINEAR
LINEAR LINEAR LINEAR LINEAR LINEAR LINEAR LINEAR LINEAR LINEAR</Name_array><technique_common><accessor source="#Spine2-Interpolations-array" count="32"><param type="name"/></accessor></technique_common></source><sampler id="Spine2-Matrix-animation-transform"><input semantic="INPUT" source="#Spine2-Matrix-animation-input"/><input semantic="OUTPUT" source="#Spine2-Matrix-animation-output-transform"/><input semantic="INTERPOLATION" source="#Spine2-Interpolations"/></sampler><channel source="#Spine2-Matrix-animation-transform" target="Spine2/matrix"/></animation>
    <animation id="Neck-anim" name="Neck"><source id="Neck-Matrix-animation-input"><float_array id="Neck-Matrix-animation-input-array" count="32">

0.000000 0.033333 0.066667 0.100000 0.133333 0.166667 0.200000 0.233333 0.266667 0.300000 0.333333 0.366667 0.400000 0.433333 0.466667 0.500000
0.533333 0.566667 0.600000 0.633333 0.666667 0.700000 0.733333 0.766667 0.800000 0.833333 0.866667 0.900000 0.933333 0.966667 1.000000 1.033333</float_array><technique_common><accessor source="#Neck-Matrix-animation-input-array" count="32"><param name="TIME" type="float"/></accessor></technique_common></source><source id="Neck-Matrix-animation-output-transform"><float_array id="Neck-Matrix-animation-output-transform-array" count="512">

0.999301 0.004142 0.037153 0.000000 -0.004454 0.999956 0.008316 13.877400 -0.037116 -0.008475 0.999275 -4.354200 0.000000 0.000000 0.000000 1.000000
0.999438 0.006365 0.032913 0.000000 -0.006617 0.999950 0.007551 13.877400 -0.032863 -0.007765 0.999430 -4.354200 0.000000 0.000000 0.000000 1.000000
0.999623 0.004337 0.027098 -0.000000 -0.004586 0.999948 0.009156 13.877400 -0.027057 -0.009277 0.999591 -4.354200 0.000000 0.000000 0.000000 1.000000
0.999795 -0.005905 0.019354 0.000000 0.005693 0.999924 0.010969 13.877400 -0.019417 -0.010856 0.999753 -4.354200 0.000000 0.000000 0.000000 1.000000
0.999797 -0.016764 0.011221 -0.000000 0.016649 0.999808 0.010325 13.877400 -0.011392 -0.010137 0.999884 -4.354200 0.000000 0.000000 0.000000 1.000000
0.999785 -0.020307 0.004140 0.000000 0.020264 0.999743 0.010132 13.877400 -0.004345 -0.010046 0.999940 -4.354200 0.000000 0.000000 0.000000 1.000000
0.999829 -0.018360 -0.002006 0.000000 0.018384 0.999748 0.012906 13.877400 0.001769 -0.012941 0.999915 -4.354200 0.000000 0.000000 0.000000 1.000000
0.999886 -0.013393 -0.006956 0.000000 0.013491 0.999807 0.014259 13.877400 0.006763 -0.014351 0.999874 -4.354200 0.000000 0.000000 0.000000 1.000000
0.999964 0.001567 -0.008371 -0.000000 -0.001501 0.999967 0.007950 13.877400 0.008384 -0.007937 0.999933 -4.354200 0.000000 0.000000 0.000000 1.000000
0.999611 0.027461 -0.004915 -0.000000 -0.027446 0.999618 0.003197 13.877400 0.005001 -0.003061 0.999983 -4.354200 0.000000 0.000000 0.000000 1.000000
0.999208 0.039796 -0.000710 0.000000 -0.039794 0.999203 0.003221 13.877400 0.000837 -0.003190 0.999995 -4.354200 0.000000 0.000000 0.000000 1.000000
0.998802 0.048724 0.004591 0.000000 -0.048730 0.998811 0.001124 13.877400 -0.004531 -0.001347 0.999989 -4.354200 0.000000 0.000000 0.000000 1.000000
0.998459 0.054127 0.012274 -0.000000 -0.054133 0.998534 0.000137 13.877400 -0.012249 -0.000801 0.999925 -4.354200 0.000000 0.000000 0.000000 1.000000
0.998561 0.049282 0.021154 0.000000 -0.049324 0.998782 0.001481 13.877400 -0.021055 -0.002522 0.999775 -4.354200 0.000000 0.000000 0.000000 1.000000
0.998819 0.038413 0.029761 0.000000 -0.038424 0.999262 -0.000213 13.877400 -0.029748 -0.000931 0.999557 -4.354200 0.000000 0.000000 0.000000 1.000000
0.998815 0.030143 0.038206 0.000000 -0.029933 0.999534 -0.006061 13.877400 -0.038371 0.004911 0.999252 -4.354200 0.000000 0.000000 0.000000 1.000000
0.998633 0.023103 0.046880 -0.000000 -0.022591 0.999680 -0.011421 13.877400 -0.047128 0.010346 0.998835 -4.354200 0.000000 0.000000 0.000000 1.000000
0.998264 0.018197 0.056024 0.000000 -0.017542 0.999772 -0.012154 13.877400 -0.056233 0.011150 0.998355 -4.354200 0.000000 0.000000 0.000000 1.000000
0.997663 0.020207 0.065268 -0.000000 -0.019618 0.999761 -0.009654 13.877400 -0.065448 0.008351 0.997821 -4.354200 0.000000 0.000000 0.000000 1.000000
0.996765 0.029845 0.074629 0.000000 -0.029416 0.999544 -0.006841 13.877400 -0.074799 0.004623 0.997188 -4.354200 0.000000 0.000000 0.000000 1.000000
0.995765 0.039117 0.083200 0.000000 -0.038842 0.999233 -0.004922 13.877400 -0.083328 0.001669 0.996521 -4.354200 0.000000 0.000000 0.000000 1.000000
0.995090 0.042326 0.089465 -0.000000 -0.042380 0.999101 -0.001291 13.877400 -0.089439 -0.002507 0.995989 -4.354200 0.000000 0.000000 0.000000 1.000000
0.994896 0.039709 0.092767 0.000000 -0.040282 0.999179 0.004310 13.877400 -0.092520 -0.008025 0.995679 -4.354200 0.000000 0.000000 0.000000 1.000000
0.995083 0.032214 0.093664 0.000000 -0.033105 0.999420 0.007969 13.877400 -0.093353 -0.011031 0.995572 -4.354200 0.000000 0.000000 0.000000 1.000000
0.995793 0.009143 0.091175 0.000000 -0.009484 0.999950 0.003307 13.877400 -0.091140 -0.004158 0.995829 -4.354200 0.000000 0.000000 0.000000 1.000000
0.996140 -0.002765 0.087730 -0.000000 0.002735 0.999996 0.000460 13.877400 -0.087731 -0.000219 0.996144 -4.354200 0.000000 0.000000 0.000000 1.000000
0.996605 -0.014104 0.081115 -0.000000 0.014201 0.999899 -0.000622 13.877400 -0.081098 0.001772 0.996705 -4.354200 0.000000 0.000000 0.000000 1.000000
0.997224 -0.023376 0.070695 0.000000 0.023268 0.999726 0.002359 13.877400 -0.070731 -0.000708 0.997495 -4.354200 0.000000 0.000000 0.000000 1.000000
0.997990 -0.023150 0.058997 0.000000 0.022881 0.999724 0.005236 13.877400 -0.059102 -0.003876 0.998244 -4.354200 0.000000 0.000000 0.000000 1.000000
0.998718 -0.014904 0.048378 0.000000 0.014689 0.999881 0.004803 13.877400 -0.048443 -0.004087 0.998818 -4.354200 0.000000 0.000000 0.000000 1.000000
0.999165 -0.004138 0.040648 0.000000 0.003952 0.999981 0.004654 13.877400 -0.040667 -0.004489 0.999163 -4.354200 0.000000 0.000000 0.000000 1.000000
0.999301 0.004142 0.037153 -0.000000 -0.004454 0.999956 0.008316 13.877400 -0.037116 -0.008475 0.999275 -4.354200 0.000000 0.000000 0.000000 1.000000</float_array><technique_common><accessor source="#Neck-Matrix-animation-output-transform-array" count="32" stride="16"><param type="float4x4"/></accessor></technique_common></source><source id="Neck-Interpolations"><Name_array id="Neck-Interpolations-array" count="32">
 LINEAR LINEAR LINEAR LINEAR LINEAR LINEAR LINEAR LINEAR LINEAR LINEAR LINEAR
LINEAR LINEAR LINEAR LINEAR LINEAR LINEAR LINEAR LINEAR LINEAR LINEAR LINEAR LINEAR
LINEAR LINEAR LINEAR LINEAR LINEAR LINEAR LINEAR LINEAR LINEAR</Name_array><technique_common><accessor source="#Neck-Interpolations-array" count="32"><param type="name"/></accessor></technique_common></source><sampler id="Neck-Matrix-animation-transform"><input semantic="INPUT" source="#Neck-Matrix-animation-input"/><input semantic="OUTPUT" source="#Neck-Matrix-animation-output-transform"/><input semantic="INTERPOLATION" source="#Neck-Interpolations"/></sampler><channel source="#Neck-Matrix-animation-transform" target="Neck/matrix"/></animation>
    <animation id="Neck1-anim" name="Neck1"><source id="Neck1-Matrix-animation-input"><float_array id="Neck1-Matrix-animation-input-array" count="32">

0.000000 0.033333 0.066667 0.100000 0.133333 0.166667 0.200000 0.233333 0.266667 0.300000 0.333333 0.366667 0.400000 0.433333 0.466667 0.500000
0.533333 0.566667 0.600000 0.633333 0.666667 0.700000 0.733333 0.766667 0.800000 0.833333 0.866667 0.900000 0.933333 0.966667 1.000000 1.033333</float_array><technique_common><accessor source="#Neck1-Matrix-animation-input-array" count="32"><param name="TIME" type="float"/></accessor></technique_common></source><source id="Neck1-Matrix-animation-output-transform"><float_array id="Neck1-Matrix-animation-output-transform-array" count="512">

1.000000 0.000000 0.000000 0.000000 0.000000 1.000000 -0.000000 4.340000 0.000000 -0.000000 1.000000 0.926900 0.000000 0.000000 0.000000 1.000000
1.000000 0.000000 -0.000000 0.000000 -0.000000 1.000000 0.000000 4.340000 0.000000 0.000000 1.000000 0.926900 0.000000 0.000000 0.000000 1.000000
1.000000 0.000000 0.000000 0.000000 0.000000 1.000000 -0.000000 4.340000 0.000000 0.000000 1.000000 0.926900 0.000000 0.000000 0.000000 1.000000
1.000000 -0.000000 -0.000000 0.000000 0.000000 1.000000 0.000000 4.340000 -0.000000 0.000000 1.000000 0.926900 0.000000 0.000000 0.000000 1.000000
1.000000 -0.000000 -0.000000 0.000000 0.000000 1.000000 -0.000000 4.340000 0.000000 0.000000 1.000000 0.926900 0.000000 0.000000 0.000000 1.000000
1.000000 -0.000000 -0.000000 -0.000000 0.000000 1.000000 0.000000 4.340000 0.000000 0.000000 1.000000 0.926900 0.000000 0.000000 0.000000 1.000000
1.000000 0.000000 0.000000 -0.000000 -0.000000 1.000000 -0.000000 4.340000 0.000000 0.000000 1.000000 0.926900 0.000000 0.000000 0.000000 1.000000
1.000000 0.000000 -0.000000 -0.000000 0.000000 1.000000 0.000000 4.340000 0.000000 0.000000 1.000000 0.926900 0.000000 0.000000 0.000000 1.000000
1.000000 0.000000 0.000000 -0.000000 -0.000000 1.000000 0.000000 4.340000 0.000000 0.000000 1.000000 0.926900 0.000000 0.000000 0.000000 1.000000
1.000000 -0.000000 0.000000 -0.000000 0.000000 1.000000 0.000000 4.340000 0.000000 0.000000 1.000000 0.926900 0.000000 0.000000 0.000000 1.000000
1.000000 -0.000000 0.000000 0.000000 -0.000000 1.000000 -0.000000 4.340000 0.000000 0.000000 1.000000 0.926900 0.000000 0.000000 0.000000 1.000000
1.000000 0.000000 0.000000 0.000000 0.000000 1.000000 0.000000 4.340000 0.000000 0.000000 1.000000 0.926900 0.000000 0.000000 0.000000 1.000000
1.000000 0.000000 0.000000 0.000000 0.000000 1.000000 -0.000000 4.340000 0.000000 0.000000 1.000000 0.926900 0.000000 0.000000 0.000000 1.000000
1.000000 -0.000000 0.000000 -0.000000 0.000000 1.000000 0.000000 4.340000 0.000000 0.000000 1.000000 0.926900 0.000000 0.000000 0.000000 1.000000
1.000000 0.000000 0.000000 0.000000 0.000000 1.000000 0.000000 4.340000 0.000000 0.000000 1.000000 0.926900 0.000000 0.000000 0.000000 1.000000
1.000000 -0.000000 -0.000000 0.000000 -0.000000 1.000000 0.000000 4.340000 -0.000000 -0.000000 1.000000 0.926900 0.000000 0.000000 0.000000 1.000000
1.000000 0.000000 0.000000 0.000000 0.000000 1.000000 0.000000 4.340000 0.000000 0.000000 1.000000 0.926900 0.000000 0.000000 0.000000 1.000000
1.000000 0.000000 0.000000 -0.000000 0.000000 1.000000 0.000000 4.340000 0.000000 -0.000000 1.000000 0.926900 0.000000 0.000000 0.000000 1.000000
1.000000 0.000000 0.000000 -0.000000 0.000000 1.000000 0.000000 4.340000 0.000000 -0.000000 1.000000 0.926900 0.000000 0.000000 0.000000 1.000000
1.000000 0.000000 0.000000 0.000000 -0.000000 1.000000 0.000000 4.340000 -0.000000 -0.000000 1.000000 0.926900 0.000000 0.000000 0.000000 1.000000
1.000000 -0.000000 0.000000 -0.000000 0.000000 1.000000 0.000000 4.340000 0.000000 0.000000 1.000000 0.926900 0.000000 0.000000 0.000000 1.000000
1.000000 -0.000000 0.000000 0.000000 0.000000 1.000000 0.000000 4.340000 0.000000 -0.000000 1.000000 0.926900 0.000000 0.000000 0.000000 1.000000
1.000000 -0.000000 0.000000 0.000000 -0.000000 1.000000 -0.000000 4.340000 0.000000 -0.000000 1.000000 0.926900 0.000000 0.000000 0.000000 1.000000
1.000000 -0.000000 -0.000000 0.000000 0.000000 1.000000 0.000000 4.340000 0.000000 0.000000 1.000000 0.926900 0.000000 0.000000 0.000000 1.000000
1.000000 -0.000000 0.000000 -0.000000 0.000000 1.000000 -0.000000 4.340000 0.000000 0.000000 1.000000 0.926900 0.000000 0.000000 0.000000 1.000000
1.000000 -0.000000 -0.000000 0.000000 0.000000 1.000000 0.000000 4.340000 0.000000 0.000000 1.000000 0.926900 0.000000 0.000000 0.000000 1.000000
1.000000 0.000000 -0.000000 0.000000 -0.000000 1.000000 0.000000 4.340000 0.000000 0.000000 1.000000 0.926900 0.000000 0.000000 0.000000 1.000000
1.000000 0.000000 0.000000 -0.000000 0.000000 1.000000 0.000000 4.340000 0.000000 -0.000000 1.000000 0.926900 0.000000 0.000000 0.000000 1.000000
1.000000 -0.000000 0.000000 0.000000 -0.000000 1.000000 0.000000 4.340000 0.000000 0.000000 1.000000 0.926900 0.000000 0.000000 0.000000 1.000000
1.000000 0.000000 0.000000 0.000000 -0.000000 1.000000 0.000000 4.340000 0.000000 0.000000 1.000000 0.926900 0.000000 0.000000 0.000000 1.000000
1.000000 -0.000000 -0.000000 0.000000 -0.000000 1.000000 -0.000000 4.340000 -0.000000 -0.000000 1.000000 0.926900 0.000000 0.000000 0.000000 1.000000
1.000000 0.000000 0.000000 0.000000 0.000000 1.000000 0.000000 4.340000 -0.000000 0.000000 1.000000 0.926900 0.000000 0.000000 0.000000 1.000000</float_array><technique_common><accessor source="#Neck1-Matrix-animation-output-transform-array" count="32" stride="16"><param type="float4x4"/></accessor></technique_common></source><source id="Neck1-Interpolations"><Name_array id="Neck1-Interpolations-array" count="32">
 LINEAR LINEAR LINEAR LINEAR LINEAR LINEAR LINEAR LINEAR LINEAR LINEAR LINEAR
LINEAR LINEAR LINEAR LINEAR LINEAR LINEAR LINEAR LINEAR LINEAR LINEAR LINEAR LINEAR
LINEAR LINEAR LINEAR LINEAR LINEAR LINEAR LINEAR LINEAR LINEAR</Name_array><technique_common><accessor source="#Neck1-Interpolations-array" count="32"><param type="name"/></accessor></technique_common></source><sampler id="Neck1-Matrix-animation-transform"><input semantic="INPUT" source="#Neck1-Matrix-animation-input"/><input semantic="OUTPUT" source="#Neck1-Matrix-animation-output-transform"/><input semantic="INTERPOLATION" source="#Neck1-Interpolations"/></sampler><channel source="#Neck1-Matrix-animation-transform" target="Neck1/matrix"/></animation>
    <animation id="Head-anim" name="Head"><source id="Head-Matrix-animation-input"><float_array id="Head-Matrix-animation-input-array" count="32">

0.000000 0.033333 0.066667 0.100000 0.133333 0.166667 0.200000 0.233333 0.266667 0.300000 0.333333 0.366667 0.400000 0.433333 0.466667 0.500000
